%time,field.header.seq,field.header.stamp,field.header.frame_id,field.alt_error,field.aspd_error,field.xtrack_error,field.wp_dist
1538769499371632544,186,1538769499358828416,NED,-0.42999997735,-1111.59814453,-32.1823654175,10
1538769499388751584,187,1538769499388103584,NED,-0.42999997735,-1111.59814453,-32.1823654175,10
1538769499467712448,188,1538769499463038592,NED,-0.52999997139,-1111.59814453,-29.4450302124,13
1538769499498443232,189,1538769499495456288,NED,-0.680000007153,-1117.02197266,-26.7448539734,15
1538769499565510400,190,1538769499564765152,NED,-0.680000007153,-1117.02197266,-26.7448539734,15
1538769499600984640,191,1538769499598950816,NED,-0.8599999547,-1090.09118652,-512.739501953,18
1538769499653522976,192,1538769499651723840,NED,-0.8599999547,-1090.09118652,-512.739501953,18
1538769499688880704,193,1538769499687007008,NED,-1.10000002384,-990.091125488,-513.441162109,21
1538769499740652864,194,1538769499739098720,NED,-1.10000002384,-990.091125488,-513.441162109,21
1538769499832107232,195,1538769499831022880,NED,-1.37000000477,-932.473022461,-514.09161377,23
1538769499849391008,196,1538769499848522528,NED,-1.37000000477,-932.473022461,-514.09161377,23
1538769499933226336,197,1538769499932462560,NED,-1.66999995708,-932.473022461,-514.700195312,26
1538769499952986848,198,1538769499951076768,NED,-1.66999995708,-932.473022461,-514.700195312,26
1538769499989654048,199,1538769499987228512,NED,-1.66999995708,-932.473022461,-514.700195312,26
1538769500092179488,200,1538769500090894016,NED,-1.9699999094,-879.279724121,-515.241210938,29
1538769500145442624,201,1538769500144334720,NED,-2.26999998093,-879.279724121,-515.722595215,31
1538769500166556288,202,1538769500165677056,NED,-2.26999998093,-879.279724121,-515.722595215,31
1538769500235626080,203,1538769500234886560,NED,-2.53999996185,-879.279724121,-516.153747559,34
1538769500256373216,204,1538769500251792640,NED,-2.53999996185,-879.279724121,-516.153747559,34
1538769500354530624,205,1538769500348683488,NED,-2.77999997139,-843.643737793,-516.542236328,36
1538769500383578144,206,1538769500380639872,NED,-2.77999997139,-843.643737793,-516.542236328,36
1538769500455270944,207,1538769500454380192,NED,-2.98000001907,-799.785400391,-516.897338867,39
1538769500472450880,208,1538769500470495232,NED,-2.98000001907,-799.785400391,-516.897338867,39
1538769500547903552,209,1538769500547101344,NED,-3.13999986649,-799.785400391,-517.235046387,41
1538769500575057376,210,1538769500573959936,NED,-3.13999986649,-799.785400391,-517.235046387,41
1538769500619330240,211,1538769500617250976,NED,-3.26999998093,-799.785400391,-517.530700684,44
1538769500651397120,212,1538769500648815808,NED,-3.26999998093,-799.785400391,-517.530700684,44
1538769500687447584,213,1538769500686428480,NED,-3.26999998093,-799.785400391,-517.530700684,44
1538769500741595584,214,1538769500737571424,NED,-3.34999990463,-769.29699707,-517.826599121,46
1538769500780298688,215,1538769500778008736,NED,-3.34999990463,-769.29699707,-517.826599121,46
1538769500854299296,216,1538769500852550304,NED,-3.37999987602,-769.29699707,-518.079833984,48
1538769500881457824,217,1538769500878580544,NED,-3.37999987602,-769.29699707,-518.079833984,48
1538769500929962048,218,1538769500928441568,NED,-3.3599998951,-742.128540039,-518.341918945,51
1538769500997829312,219,1538769500996301568,NED,-3.3599998951,-742.128540039,-518.341918945,51
1538769501036548416,220,1538769501033743264,NED,-3.28999996185,-742.128540039,-518.552856445,53
1538769501049417632,221,1538769501047485056,NED,-3.28999996185,-742.128540039,-518.552856445,53
1538769501113222240,222,1538769501111100736,NED,-3.16999983788,-715.020202637,-518.755737305,56
1538769501164583680,223,1538769501163621152,NED,-3.16999983788,-715.020202637,-518.755737305,56
1538769501184582560,224,1538769501183750976,NED,-3.16999983788,-715.020202637,-518.755737305,56
1538769501252681824,225,1538769501249841568,NED,-3.00999999046,-715.020202637,-518.91595459,58
1538769501289276800,226,1538769501288489888,NED,-2.78999996185,-684.990478516,-519.051208496,60
1538769501351681536,227,1538769501341680832,NED,-2.78999996185,-684.990478516,-519.051208496,60
1538769501395176128,228,1538769501394455072,NED,-2.78999996185,-684.990478516,-519.051208496,60
1538769501461650816,229,1538769501456300832,NED,-2.53999996185,-684.990478516,-519.135681152,63
1538769501497891072,230,1538769501496814144,NED,-2.23000001907,-766.732971191,-519.194519043,65
1538769501537978208,231,1538769501536357792,NED,-2.23000001907,-766.732971191,-519.194519043,65
1538769501617436864,232,1538769501613369632,NED,-1.90999996662,-766.732971191,-519.194519043,67
1538769501654924864,233,1538769501650038336,NED,-1.90999996662,-766.732971191,-519.194519043,67
1538769501690502848,234,1538769501689816000,NED,-1.54999995232,-747.445678711,-519.168823242,69
1538769501735270432,235,1538769501733910656,NED,-1.54999995232,-747.445678711,-519.168823242,69
1538769501752588608,236,1538769501748295616,NED,-1.54999995232,-747.445678711,-519.168823242,69
1538769501793966080,237,1538769501792869952,NED,-1.16999995708,-747.445678711,-519.092773438,72
1538769501842627168,238,1538769501841799680,NED,-1.16999995708,-747.445678711,-519.092773438,72
1538769501912163872,239,1538769501907911424,NED,-0.719999969006,-737.958129883,-518.98248291,74
1538769501945632864,240,1538769501944097408,NED,-0.719999969006,-737.958129883,-518.98248291,74
1538769502015569056,241,1538769502014188288,NED,-0.229999989271,-729.569213867,-518.821838379,76
1538769502058109568,242,1538769502056627744,NED,-0.229999989271,-729.569213867,-518.821838379,76
1538769502122589728,243,1538769502121750496,NED,0.280000001192,-729.569213867,-518.61895752,79
1538769502194268160,244,1538769502193456704,NED,0.280000001192,-729.569213867,-518.61895752,79
1538769502233793344,245,1538769502231883424,NED,0.810000002384,-728.288635254,-518.356567383,81
1538769502262943456,246,1538769502258875968,NED,0.810000002384,-728.288635254,-518.356567383,81
1538769502320520416,247,1538769502317303360,NED,1.35000002384,-728.288635254,-518.018493652,83
1538769502365507552,248,1538769502362557152,NED,1.35000002384,-728.288635254,-518.018493652,83
1538769502454312896,249,1538769502453608096,NED,1.88999998569,-741.428588867,-517.637695312,85
1538769502465935936,250,1538769502464913952,NED,1.88999998569,-741.428588867,-517.637695312,85
1538769502528077312,251,1538769502527383520,NED,2.46000003815,-741.428588867,-517.181274414,88
1538769502562582176,252,1538769502561079520,NED,2.46000003815,-741.428588867,-517.181274414,88
1538769502668629312,253,1538769502666009056,NED,3.00999999046,-741.428588867,-516.648193359,90
1538769502687070080,254,1538769502684461568,NED,3.00999999046,-741.428588867,-516.648193359,90
1538769502735768768,255,1538769502734741248,NED,3.53999996185,-743.596069336,-516.039550781,92
1538769502771253568,256,1538769502769215648,NED,3.53999996185,-743.596069336,-516.039550781,92
1538769502824019744,257,1538769502822525952,NED,4.05999994278,-743.596069336,-515.33795166,94
1538769502889274752,258,1538769502884417504,NED,4.05999994278,-743.596069336,-515.33795166,94
1538769502930582112,259,1538769502927333056,NED,4.53999996185,-784.033203125,-514.551330566,97
1538769502966098784,260,1538769502963726880,NED,4.53999996185,-784.033203125,-514.551330566,97
1538769503045048096,261,1538769503041526016,NED,5.01999998093,-784.033203125,-513.672180176,99
1538769503077990656,262,1538769503076160480,NED,5.01999998093,-784.033203125,-513.672180176,99
1538769503141100864,263,1538769503140046848,NED,5.48000001907,-809.250427246,-512.725219727,101
1538769503183878560,264,1538769503183146784,NED,5.48000001907,-809.250427246,-512.725219727,101
1538769503245889152,265,1538769503244833920,NED,5.92999982834,-809.250427246,-511.702362061,103
1538769503280593088,266,1538769503278606368,NED,5.92999982834,-809.250427246,-511.702362061,103
1538769503324299680,267,1538769503323287040,NED,6.35999965668,-794.827087402,-510.60345459,106
1538769503379475360,268,1538769503377987168,NED,6.35999965668,-794.827087402,-510.60345459,106
1538769503486875904,269,1538769503486056896,NED,6.76999998093,-810.59777832,-509.411132812,108
1538769503535838688,270,1538769503534172864,NED,7.15999984741,-810.59777832,-508.13470459,110
1538769503582449856,271,1538769503579840576,NED,7.15999984741,-810.59777832,-508.13470459,110
1538769503652961920,272,1538769503649740672,NED,7.53999996185,-810.59777832,-506.829467773,112
1538769503670900608,273,1538769503663193856,NED,7.53999996185,-810.59777832,-506.829467773,112
1538769503703034912,274,1538769503699891584,NED,7.8799996376,-843.253723145,-505.450134277,114
1538769503785892192,275,1538769503785098720,NED,7.8799996376,-843.253723145,-505.450134277,114
1538769503862406848,276,1538769503861682080,NED,8.18999958038,-844.253845215,-503.946258545,116
1538769503900606720,277,1538769503898193728,NED,8.47000026703,-830.403625488,-502.445129395,118
1538769503929155072,278,1538769503924484224,NED,8.47000026703,-830.403625488,-502.445129395,118
1538769503990903424,279,1538769503989160800,NED,8.47000026703,-830.403625488,-502.445129395,118
1538769504095221248,280,1538769504091150752,NED,8.71000003815,-830.403625488,-500.791442871,120
1538769504180564032,281,1538769504176782336,NED,8.88999938965,-824.743530273,-499.569396973,122
1538769504252904224,282,1538769504251487104,NED,9.03999996185,-823.743408203,-497.758148193,124
1538769504267165664,283,1538769504264485664,NED,9.03999996185,-823.743408203,-497.758148193,124
1538769504337946176,284,1538769504333541504,NED,9.11999988556,-830.454223633,-495.949310303,126
1538769504384182432,285,1538769504379070464,NED,9.11999988556,-830.454223633,-495.949310303,126
1538769504420048896,286,1538769504415946944,NED,9.15999984741,-831.454345703,-493.731811523,128
1538769504467753376,287,1538769504464506272,NED,9.15999984741,-831.454345703,-493.731811523,128
1538769504504703296,288,1538769504488398272,NED,9.15999984741,-831.454345703,-493.731811523,128
1538769504567377728,289,1538769504566232032,NED,9.11999988556,-827.732055664,-491.739196777,130
1538769504605565472,290,1538769504603591968,NED,9.02999973297,-827.732055664,-488.42376709,131
1538769504644158976,291,1538769504643361792,NED,9.02999973297,-827.732055664,-488.42376709,131
1538769504709198656,292,1538769504708052064,NED,8.88000011444,-799.795715332,-486.384033203,133
1538769504743156864,293,1538769504740398784,NED,8.88000011444,-799.795715332,-486.384033203,133
1538769504781637024,294,1538769504779440192,NED,8.88000011444,-799.795715332,-486.384033203,133
1538769504858752352,295,1538769504856589568,NED,8.6799993515,-799.795715332,-478.985626221,135
1538769504883918720,296,1538769504881536928,NED,8.6799993515,-799.795715332,-478.985626221,135
1538769504941079808,297,1538769504938180640,NED,8.42000007629,-772.038452148,-476.884063721,137
1538769504986058336,298,1538769504984350816,NED,8.42000007629,-772.038452148,-476.884063721,137
1538769505044750560,299,1538769505042991168,NED,8.14999961853,-772.038452148,-474.827941895,138
1538769505089265952,300,1538769505087807616,NED,7.83999967575,-725.842102051,-466.157165527,140
1538769505125474880,301,1538769505121921824,NED,7.83999967575,-725.842102051,-466.157165527,140
1538769505189052480,302,1538769505187877024,NED,7.83999967575,-725.842102051,-466.157165527,140
1538769505287298432,303,1538769505286041344,NED,7.51999998093,-726.842224121,-464.061157227,142
1538769505341839776,304,1538769505341116736,NED,7.19999980927,-697.775939941,-428.730926514,144
1538769505374649568,305,1538769505372281696,NED,7.19999980927,-697.775939941,-428.730926514,144
1538769505458165728,306,1538769505454512000,NED,6.88999986649,-696.775817871,-66.5518112183,146
1538769505491151520,307,1538769505489365888,NED,6.58999967575,-675.35723877,-65.5664138794,148
1538769505536957440,308,1538769505534486624,NED,6.58999967575,-675.35723877,-65.5664138794,148
1538769505606204832,309,1538769505605701184,NED,6.30999994278,-643.952575684,-62.9477348328,150
1538769505656826944,310,1538769505655543616,NED,6.30999994278,-643.952575684,-62.9477348328,150
1538769505727675744,311,1538769505726911168,NED,6.0499997139,-644.952697754,-62.0985832214,152
1538769505743631680,312,1538769505742698688,NED,6.0499997139,-644.952697754,-62.0985832214,152
1538769505789197472,313,1538769505788488672,NED,6.0499997139,-644.952697754,-62.0985832214,152
1538769505893088768,314,1538769505892108640,NED,5.78999996185,-644.952697754,-57.8259544373,154
1538769505914358816,315,1538769505911762688,NED,5.51999998093,-611.414550781,-57.1586303711,156
1538769505925739616,316,1538769505925106240,NED,5.51999998093,-611.414550781,-57.1586303711,156
1538769506009509504,317,1538769506009035360,NED,5.23999977112,-611.414550781,-50.8323287964,158
1538769506055912800,318,1538769506055258016,NED,5.23999977112,-611.414550781,-50.8323287964,158
1538769506100334752,319,1538769506094021344,NED,5.23999977112,-611.414550781,-50.8323287964,158
1538769506139181088,320,1538769506138752256,NED,4.98000001907,-587.986206055,-50.3573913574,160
1538769506193123968,321,1538769506191771680,NED,4.98000001907,-587.986206055,-50.3573913574,160
1538769506262224000,322,1538769506260509760,NED,4.73999977112,-587.986206055,-49.8756942749,162
1538769506296278272,323,1538769506295417856,NED,4.5499997139,-559.588989258,-47.4851913452,164
1538769506347012352,324,1538769506345692128,NED,4.5499997139,-559.588989258,-47.4851913452,164
1538769506388016416,325,1538769506386724064,NED,4.5499997139,-559.588989258,-47.4851913452,164
1538769506462149824,326,1538769506461273504,NED,4.42000007629,-559.588989258,-47.0528755188,165
1538769506482874944,327,1538769506479983680,NED,4.42000007629,-559.588989258,-47.0528755188,165
1538769506539139520,328,1538769506535056544,NED,4.32999992371,-527.828796387,-44.7414932251,167
1538769506577924032,329,1538769506576971520,NED,4.32999992371,-527.828796387,-44.7414932251,167
1538769506642443424,330,1538769506641955488,NED,4.23999977112,-527.828796387,-44.3190040588,169
1538769506681766688,331,1538769506681216768,NED,4.23999977112,-527.828796387,-44.3190040588,169
1538769506741365568,332,1538769506740578272,NED,4.17000007629,-524.114807129,-43.8565940857,171
1538769506789596512,333,1538769506789057952,NED,4.17000007629,-524.114807129,-43.8565940857,171
1538769506850607744,334,1538769506849718400,NED,4.11000013351,-524.114807129,-37.7693367004,173
1538769506896472032,335,1538769506895617088,NED,4.0499997139,-491.473022461,-37.421836853,175
1538769506964653408,336,1538769506963902432,NED,4.0499997139,-491.473022461,-37.421836853,175
1538769507007371456,337,1538769507006091552,NED,4.00999975204,-491.473022461,-37.0250663757,176
1538769507063486432,338,1538769507062825984,NED,4.00999975204,-491.473022461,-37.0250663757,176
1538769507122051168,339,1538769507121217408,NED,4.00999975204,-469.364929199,-36.5799598694,178
1538769507160928800,340,1538769507159263200,NED,4.00999975204,-469.364929199,-36.5799598694,178
1538769507221615264,341,1538769507220923552,NED,4.0,-469.364929199,-36.0865020752,180
1538769507252530176,342,1538769507251990656,NED,4.0,-469.364929199,-36.0865020752,180
1538769507290953824,343,1538769507288145760,NED,4.00999975204,-452.138519287,-32.0394935608,182
1538769507346541312,344,1538769507343289504,NED,4.00999975204,-452.138519287,-32.0394935608,182
1538769507388137120,345,1538769507387165664,NED,4.00999975204,-452.138519287,-32.0394935608,182
1538769507463995648,346,1538769507459812128,NED,4.02999973297,-453.138641357,-31.5984172821,183
1538769507534543168,347,1538769507533731968,NED,4.06999969482,-439.896118164,-31.1138916016,185
1538769507574272992,348,1538769507572256928,NED,4.06999969482,-439.896118164,-31.1138916016,185
1538769507593357312,349,1538769507591996864,NED,4.06999969482,-439.896118164,-31.1138916016,185
1538769507649091776,350,1538769507648325120,NED,4.11000013351,-439.896118164,-30.5799427032,186
1538769507678661632,351,1538769507677234976,NED,4.17000007629,-441.204742432,-30.0242652893,188
1538769507728024032,352,1538769507724745312,NED,4.17000007629,-441.204742432,-30.0242652893,188
1538769507791930656,353,1538769507790758368,NED,4.17000007629,-441.204742432,-30.0242652893,188
1538769507858659168,354,1538769507855390784,NED,4.23999977112,-441.204742432,-24.5158576965,190
1538769507893925920,355,1538769507893241728,NED,4.30999994278,-434.100921631,-24.0696983337,191
1538769507963268384,356,1538769507962229568,NED,4.30999994278,-434.100921631,-24.0696983337,191
1538769507998561344,357,1538769507995769664,NED,4.30999994278,-434.100921631,-24.0696983337,191
1538769508069856608,358,1538769508069230304,NED,4.38000011444,-434.100921631,-23.5869312286,193
1538769508106131136,359,1538769508105432704,NED,4.46999979019,-414.622680664,-23.058883667,194
1538769508152446560,360,1538769508149037248,NED,4.46999979019,-414.622680664,-23.058883667,194
1538769508194090208,361,1538769508193550112,NED,4.46999979019,-414.622680664,-23.058883667,194
1538769508299321984,362,1538769508297808448,NED,4.65999984741,-414.055450439,-20.4322338104,197
1538769508375283936,363,1538769508374666528,NED,4.65999984741,-414.055450439,-20.4322338104,197
1538769508395477152,364,1538769508393256512,NED,4.65999984741,-414.055450439,-20.4322338104,197
1538769508436703680,365,1538769508433900480,NED,4.75999975204,-414.055450439,-19.8654174805,198
1538769508493184288,366,1538769508491712288,NED,4.75999975204,-414.055450439,-19.8654174805,198
1538769508522062432,367,1538769508521485152,NED,4.84999990463,-417.429534912,-17.8781204224,200
1538769508584013472,368,1538769508580713824,NED,4.92999982834,-417.429534912,-17.33111763,201
1538769508626616704,369,1538769508625689216,NED,4.92999982834,-417.429534912,-17.33111763,201
1538769508680831936,370,1538769508678811680,NED,4.92999982834,-417.429534912,-17.33111763,201
1538769508735117568,371,1538769508734554752,NED,5.01999998093,-410.667419434,-13.9914169312,203
1538769508807968160,372,1538769508807218272,NED,5.10999965668,-410.667419434,-13.5281038284,204
1538769508853333632,373,1538769508849795680,NED,5.10999965668,-410.667419434,-13.5281038284,204
1538769508937320864,374,1538769508934335040,NED,5.21000003815,-411.074645996,-13.0725240707,205
1538769508962323136,375,1538769508961189440,NED,5.21000003815,-411.074645996,-13.0725240707,205
1538769509033576800,376,1538769509032828704,NED,5.32999992371,-411.074645996,-11.3091125488,207
1538769509057378496,377,1538769509052803264,NED,5.32999992371,-411.074645996,-11.3091125488,207
1538769509124159712,378,1538769509123473696,NED,5.44000005722,-414.567382812,-10.89153862,208
1538769509171172384,379,1538769509170515584,NED,5.44000005722,-414.567382812,-10.89153862,208
1538769509225714048,380,1538769509224211584,NED,5.5499997139,-414.567382812,-9.25294113159,210
1538769509261355552,381,1538769509260562560,NED,5.5499997139,-414.567382812,-9.25294113159,210
1538769509335376096,382,1538769509334469792,NED,5.63999986649,-407.962036133,-8.9159488678,211
1538769509375440640,383,1538769509374784480,NED,5.63999986649,-407.962036133,-8.9159488678,211
1538769509439484160,384,1538769509439058752,NED,5.73000001907,-407.962036133,-4.94760417938,213
1538769509493487584,385,1538769509491732448,NED,5.73000001907,-407.962036133,-4.94760417938,213
1538769509536384160,386,1538769509535262272,NED,5.80999994278,-411.298095703,-4.81479787827,214
1538769509564272128,387,1538769509561742272,NED,5.80999994278,-411.298095703,-4.81479787827,214
1538769509585538624,388,1538769509584693152,NED,5.80999994278,-411.298095703,-4.81479787827,214
1538769509646950368,389,1538769509644421120,NED,5.8799996376,-411.298095703,-4.66115570068,215
1538769509687008288,390,1538769509685703392,NED,5.8799996376,-411.298095703,-4.66115570068,215
1538769509737851616,391,1538769509736985056,NED,5.94000005722,-410.638702393,-3.40600323677,217
1538769509787536192,392,1538769509786668384,NED,6.00999975204,-409.63861084,-3.32398247719,218
1538769509860909664,393,1538769509860268480,NED,6.00999975204,-409.63861084,-3.32398247719,218
1538769509888815264,394,1538769509886309632,NED,6.00999975204,-409.63861084,-3.32398247719,218
1538769509952396352,395,1538769509949877248,NED,6.05999994278,-400.641815186,-2.21197891235,220
1538769510021403776,396,1538769510020984384,NED,6.08999967575,-400.641815186,-2.20645976067,221
1538769510101160096,397,1538769510099488128,NED,6.08999967575,-400.641815186,-2.20645976067,221
1538769510141074720,398,1538769510137948576,NED,6.08999967575,-397.993652344,-2.21504735947,223
1538769510173254400,399,1538769510171179520,NED,6.08999967575,-397.993652344,-2.21504735947,223
1538769510220843840,400,1538769510217815456,NED,6.07999992371,-397.993652344,1.61530482769,224
1538769510282628224,401,1538769510279153632,NED,6.07999992371,-397.993652344,1.61530482769,224
1538769510335400576,402,1538769510332379520,NED,6.06999969482,-396.857635498,1.29195785522,226
1538769510387763008,403,1538769510375947712,NED,6.06999969482,-396.857635498,1.29195785522,226
1538769510421662944,404,1538769510420279136,NED,6.06999969482,-396.857635498,0.978378891945,227
1538769510458000736,405,1538769510457200704,NED,6.06999969482,-396.857635498,0.978378891945,227
1538769510494623328,406,1538769510493110304,NED,6.07999992371,-388.61618042,0.641534507275,229
1538769510537332160,407,1538769510536249568,NED,6.07999992371,-388.61618042,0.641534507275,229
1538769510620109472,408,1538769510617223968,NED,6.06999969482,-388.61618042,3.96834826469,230
1538769510638172160,409,1538769510637055840,NED,6.06999969482,-388.61618042,3.96834826469,230
1538769510707117376,410,1538769510705976352,NED,6.0499997139,-370.092010498,3.38978672028,232
1538769510741859840,411,1538769510740585632,NED,6.0499997139,-370.092010498,3.38978672028,232
1538769510789621568,412,1538769510786275264,NED,6.0499997139,-370.092010498,3.38978672028,232
1538769510845351328,413,1538769510844412608,NED,6.02999973297,-370.092010498,2.8446199894,233
1538769510890977536,414,1538769510887496992,NED,6.0,-358.76751709,3.15700507164,235
1538769510934493152,415,1538769510933384992,NED,6.0,-358.76751709,3.15700507164,235
1538769511007677728,416,1538769511001290400,NED,6.0,-358.76751709,3.15700507164,235
1538769511025659776,417,1538769511024654912,NED,5.98999977112,-343.737030029,2.58985638618,236
1538769511060246784,418,1538769511059175328,NED,5.98999977112,-343.737030029,2.58985638618,236
1538769511102489952,419,1538769511098603168,NED,5.96999979019,-343.737030029,5.38149690628,238
1538769511144255520,420,1538769511140550880,NED,5.96999979019,-343.737030029,5.38149690628,238
1538769511211024800,421,1538769511204133408,NED,5.94999980927,-343.737030029,4.60015964508,239
1538769511275667360,422,1538769511267156096,NED,5.94999980927,-343.737030029,4.60015964508,239
1538769511302716192,423,1538769511300313280,NED,5.92999982834,-330.375091553,4.66947364807,241
1538769511391819520,424,1538769511387352288,NED,5.92999982834,-330.375091553,4.66947364807,241
1538769511470602304,425,1538769511469022944,NED,5.90000009537,-330.375091553,3.88014173508,242
1538769511504610848,426,1538769511502586208,NED,5.86999988556,-319.413391113,3.10913801193,243
1538769511541995584,427,1538769511538886880,NED,5.86999988556,-319.413391113,3.10913801193,243
1538769511592864736,428,1538769511591741600,NED,5.86999988556,-319.413391113,3.10913801193,243
1538769511646896896,429,1538769511643650336,NED,5.83999967575,-319.413391113,5.44711732864,245
1538769511689600480,430,1538769511687450240,NED,5.83999967575,-319.413391113,5.44711732864,245
1538769511739856896,431,1538769511735169984,NED,5.81999969482,-310.684204102,4.50978517532,246
1538769511808657920,432,1538769511805531488,NED,5.7999997139,-310.684204102,4.99709606171,247
1538769511884738304,433,1538769511883385184,NED,5.7999997139,-292.812927246,4.04364395142,249
1538769511933346560,434,1538769511932432736,NED,5.7999997139,-292.812927246,4.04364395142,249
1538769511992377792,435,1538769511986975456,NED,5.7999997139,-292.812927246,4.04364395142,249
1538769512020614784,436,1538769512017514496,NED,5.80999994278,-292.812927246,5.31757640839,250
1538769512075340288,437,1538769512073666048,NED,5.80999994278,-292.812927246,5.31757640839,250
1538769512110842016,438,1538769512107351872,NED,5.83999967575,-281.072235107,4.32142496109,251
1538769512138719680,439,1538769512137203616,NED,5.83999967575,-281.072235107,4.32142496109,251
1538769512190188384,440,1538769512188308704,NED,5.83999967575,-281.072235107,4.32142496109,251
1538769512223202016,441,1538769512221731136,NED,5.88999986649,-281.072235107,3.34842205048,252
1538769512261679104,442,1538769512260298464,NED,5.88999986649,-281.072235107,3.34842205048,252
1538769512328468032,443,1538769512325905696,NED,5.96999979019,-268.363586426,2.80364537239,254
1538769512394327840,444,1538769512389983744,NED,5.96999979019,-268.363586426,2.80364537239,254
1538769512453851616,445,1538769512452621536,NED,6.0499997139,-268.363586426,1.91493821144,255
1538769512499800128,446,1538769512494197984,NED,6.0499997139,-268.363586426,1.91493821144,255
1538769512515881504,447,1538769512511301600,NED,6.15999984741,-328.445617676,1.98268914223,256
1538769512538501440,448,1538769512536304960,NED,6.15999984741,-328.445617676,1.98268914223,256
1538769512579793312,449,1538769512578785312,NED,6.15999984741,-328.445617676,1.98268914223,256
1538769512671982368,450,1538769512669666464,NED,6.26999998093,-329.445739746,1.13612115383,257
1538769512686762560,451,1538769512685758848,NED,6.26999998093,-329.445739746,1.13612115383,257
1538769512749583072,452,1538769512740478368,NED,6.39999961853,-319.321533203,0.460898548365,258
1538769512782164512,453,1538769512779470592,NED,6.39999961853,-319.321533203,0.460898548365,258
1538769512889156800,454,1538769512886645056,NED,6.69999980927,-307.696716309,-0.941046357155,260
1538769512966092704,455,1538769512964994112,NED,6.69999980927,-307.696716309,-0.941046357155,260
1538769513007844640,456,1538769513006015392,NED,6.85999965668,-307.696716309,-1.41688513756,261
1538769513064631296,457,1538769513061510048,NED,6.85999965668,-307.696716309,-1.41688513756,261
1538769513094863936,458,1538769513093918880,NED,7.01999998093,-292.162811279,-1.96613335609,261
1538769513138708736,459,1538769513137717824,NED,7.01999998093,-292.162811279,-1.96613335609,261
1538769513190939680,460,1538769513189437376,NED,7.01999998093,-292.162811279,-1.96613335609,261
1538769513219247552,461,1538769513218497408,NED,7.19000005722,-292.162811279,-2.45542120934,262
1538769513272032928,462,1538769513271240576,NED,7.19000005722,-292.162811279,-2.45542120934,262
1538769513339938496,463,1538769513336083936,NED,7.33999967575,-296.520812988,-2.86903548241,263
1538769513402019232,464,1538769513390269536,NED,7.33999967575,-296.520812988,-2.86903548241,263
1538769513437481568,465,1538769513434171072,NED,7.48999977112,-296.520812988,-3.20548677444,263
1538769513498723872,466,1538769513497464448,NED,7.48999977112,-296.520812988,-3.20548677444,263
1538769513524295168,467,1538769513521066944,NED,7.60999965668,-293.171325684,-3.47942185402,264
1538769513546266208,468,1538769513543902592,NED,7.60999965668,-293.171325684,-3.47942185402,264
1538769513619291840,469,1538769513617682016,NED,7.73000001907,-293.171325684,-3.69271659851,264
1538769513650556896,470,1538769513646931232,NED,7.73000001907,-293.171325684,-3.69271659851,264
1538769513703558688,471,1538769513702516736,NED,7.84999990463,-282.740966797,-3.84151721001,265
1538769513769071104,472,1538769513767704608,NED,7.84999990463,-282.740966797,-3.84151721001,265
1538769513796450464,473,1538769513789171584,NED,7.84999990463,-282.740966797,-3.84151721001,265
1538769513849950432,474,1538769513849143456,NED,7.98000001907,-282.740966797,-3.94297409058,265
1538769513904535936,475,1538769513903445792,NED,8.0999994278,-281.271942139,-4.00117015839,266
1538769513939255168,476,1538769513938106976,NED,8.0999994278,-281.271942139,-4.00117015839,266
1538769514025234432,477,1538769514021841728,NED,8.19999980927,-281.271942139,-3.99126696587,266
1538769514053902240,478,1538769514052865536,NED,8.19999980927,-281.271942139,-3.99126696587,266
1538769514096739808,479,1538769514093300288,NED,8.19999980927,-281.271942139,-3.99126696587,266
1538769514142755136,480,1538769514139934848,NED,8.25,-275.269714355,-3.91176342964,266
1538769514157506272,481,1538769514156795360,NED,8.25,-275.269714355,-3.91176342964,266
1538769514270952704,482,1538769514270057056,NED,8.25,-275.269714355,-3.76439380646,267
1538769514301241024,483,1538769514300196224,NED,8.18999958038,-266.828155518,-3.5650498867,267
1538769514391362784,484,1538769514388492800,NED,8.18999958038,-266.828155518,-3.5650498867,267
1538769514448031040,485,1538769514447443904,NED,8.13000011444,-266.828155518,-3.31686282158,267
1538769514506618048,486,1538769514505257632,NED,8.01000022888,-275.399597168,-3.03447961807,267
1538769514577947808,487,1538769514577346016,NED,8.01000022888,-275.399597168,-3.03447961807,267
1538769514607213504,488,1538769514606338784,NED,7.88999986649,-275.399597168,-2.71206927299,267
1538769514671399872,489,1538769514668445120,NED,7.88999986649,-275.399597168,-2.71206927299,267
1538769514698688736,490,1538769514693816320,NED,7.88999986649,-275.399597168,-2.71206927299,267
1538769514722996800,491,1538769514719443168,NED,7.73000001907,-259.244537354,-2.38392615318,267
1538769514792310336,492,1538769514791593856,NED,7.73000001907,-259.244537354,-2.38392615318,267
1538769514820680704,493,1538769514819329088,NED,7.56999969482,-259.244537354,-2.03290462494,267
1538769514846741088,494,1538769514845484448,NED,7.56999969482,-259.244537354,-2.03290462494,267
1538769514917569568,495,1538769514915470912,NED,7.39999961853,-242.541885376,-1.68919622898,268
1538769514997086336,496,1538769514996452064,NED,7.39999961853,-242.541885376,-1.68919622898,268
1538769515057253568,497,1538769515056481664,NED,7.23000001907,-242.541885376,-1.32025396824,268
1538769515103786624,498,1538769515099233696,NED,7.05999994278,-228.503234863,-0.966480433941,268
1538769515146406944,499,1538769515144091776,NED,7.05999994278,-228.503234863,-0.966480433941,268
1538769515206954464,500,1538769515203870560,NED,6.89999961853,-228.503234863,-0.611938416958,268
1538769515265882368,501,1538769515264770368,NED,6.89999961853,-228.503234863,-0.611938416958,268
1538769515288615616,502,1538769515285205088,NED,6.73000001907,-210.185424805,-0.282629996538,268
1538769515353643104,503,1538769515352710208,NED,6.73000001907,-210.185424805,-0.282629996538,268
1538769515387497888,504,1538769515385455712,NED,6.73000001907,-210.185424805,-0.282629996538,268
1538769515466912704,505,1538769515465803008,NED,6.57999992371,-210.185424805,0.048553198576,268
1538769515511836192,506,1538769515510800128,NED,6.44000005722,-197.38369751,0.347417622805,268
1538769515583605920,507,1538769515582162176,NED,6.44000005722,-197.38369751,0.347417622805,268
1538769515658695616,508,1538769515657883456,NED,6.31999969482,-197.38369751,0.653990089893,268
1538769515695205248,509,1538769515687287136,NED,6.31999969482,-197.38369751,0.653990089893,268
1538769515765767072,510,1538769515764932736,NED,6.21000003815,-187.902069092,0.924533843994,269
1538769515787502080,511,1538769515785350784,NED,6.10999965668,-187.902069092,1.18823993206,269
1538769515864364800,512,1538769515863644608,NED,6.10999965668,-187.902069092,1.18823993206,269
1538769515887139936,513,1538769515886240576,NED,6.10999965668,-187.902069092,1.18823993206,269
1538769515988398944,514,1538769515987277632,NED,6.00999975204,-176.98727417,1.41750442982,269
1538769516043027424,515,1538769516041996576,NED,5.92000007629,-176.98727417,1.64180791378,270
1538769516089438752,516,1538769516086134208,NED,5.92000007629,-176.98727417,1.64180791378,270
1538769516159994528,517,1538769516157767424,NED,5.83999967575,-167.922973633,1.83702290058,270
1538769516187419904,518,1538769516184603744,NED,5.83999967575,-167.922973633,1.83702290058,270
1538769516251667008,519,1538769516250874144,NED,5.77999973297,-167.922973633,2.02900671959,270
1538769516279852416,520,1538769516277868064,NED,5.77999973297,-167.922973633,2.02900671959,270
1538769516329564096,521,1538769516326733888,NED,5.73999977112,-164.527893066,2.18183422089,271
1538769516374147296,522,1538769516369646336,NED,5.73999977112,-164.527893066,2.18183422089,271
1538769516443129824,523,1538769516441943136,NED,5.71999979019,-164.527893066,2.33653855324,271
1538769516494510848,524,1538769516493001440,NED,5.71999979019,-164.527893066,2.33653855324,271
1538769516512486048,525,1538769516507969440,NED,5.71000003815,-161.68536377,2.45829796791,272
1538769516545161984,526,1538769516541820768,NED,5.71000003815,-161.68536377,2.45829796791,272
1538769516584084992,527,1538769516580295296,NED,5.71000003815,-161.68536377,2.45829796791,272
1538769516663837440,528,1538769516662705536,NED,5.71000003815,-161.68536377,2.57620239258,272
1538769516709872672,529,1538769516709101856,NED,5.71999979019,-165.221786499,2.66178631783,273
1538769516765713504,530,1538769516764646176,NED,5.71999979019,-165.221786499,2.66178631783,273
1538769516806046432,531,1538769516803055584,NED,5.73000001907,-165.221786499,2.75383257866,273
1538769516871384640,532,1538769516868262304,NED,5.73000001907,-165.221786499,2.75383257866,273
1538769516903995168,533,1538769516902035424,NED,5.73999977112,-169.28024292,2.80709576607,274
1538769516935935008,534,1538769516932912352,NED,5.73999977112,-169.28024292,2.80709576607,274
1538769517015507648,535,1538769517010584640,NED,5.75,-169.28024292,2.85477352142,274
1538769517050227328,536,1538769517049429376,NED,5.75,-169.28024292,2.85477352142,274
1538769517106469984,537,1538769517102601280,NED,5.75999975204,-171.557434082,2.87571907043,275
1538769517173430368,538,1538769517172526816,NED,5.75999975204,-171.557434082,2.87571907043,275
1538769517198835424,539,1538769517198111648,NED,5.75999975204,-171.557434082,2.87571907043,275
1538769517251667968,540,1538769517250986144,NED,5.75999975204,-171.557434082,2.88722324371,275
1538769517279664160,541,1538769517278538048,NED,5.75999975204,-171.557434082,2.88722324371,275
1538769517322621920,542,1538769517321789344,NED,5.75999975204,-178.386505127,2.88678574562,276
1538769517379055008,543,1538769517375613088,NED,5.75999975204,-178.386505127,2.88678574562,276
1538769517443448672,544,1538769517442945440,NED,5.75999975204,-178.386505127,2.87541079521,277
1538769517482636544,545,1538769517481315552,NED,5.75999975204,-178.386505127,2.87541079521,277
1538769517554828512,546,1538769517553597088,NED,5.73999977112,-182.220458984,2.8211710453,278
1538769517575267360,547,1538769517574575104,NED,5.73999977112,-182.220458984,2.8211710453,278
1538769517626442624,548,1538769517625853088,NED,5.71999979019,-182.220458984,2.78643703461,278
1538769517641763840,549,1538769517641094240,NED,5.71999979019,-182.220458984,2.78643703461,278
1538769517714862624,550,1538769517711917376,NED,5.69000005722,-187.649917603,2.72198629379,279
1538769517738913504,551,1538769517734074560,NED,5.69000005722,-187.649917603,2.72198629379,279
1538769517786103936,552,1538769517782609952,NED,5.69000005722,-187.649917603,2.72198629379,279
1538769517846604608,553,1538769517845472224,NED,5.65999984741,-187.649917603,2.64997172356,280
1538769517902803648,554,1538769517901194144,NED,5.61999988556,-152.133178711,2.58291625977,281
1538769517940199584,555,1538769517938207648,NED,5.61999988556,-152.133178711,2.58291625977,281
1538769518021622272,556,1538769518020830176,NED,5.55999994278,-152.133178711,2.50468921661,281
1538769518060919776,557,1538769518059954176,NED,5.55999994278,-152.133178711,2.50468921661,281
1538769518107312800,558,1538769518105217728,NED,5.55999994278,-152.133178711,2.50468921661,281
1538769518132468608,559,1538769518131679712,NED,5.5,-149.10067749,2.42371487617,282
1538769518219708288,560,1538769518218190560,NED,5.44000005722,-149.10067749,2.35617995262,283
1538769518263551776,561,1538769518262338112,NED,5.44000005722,-149.10067749,2.35617995262,283
1538769518282121120,562,1538769518281378624,NED,5.36999988556,-148.567962646,2.27700161934,284
1538769518334851648,563,1538769518332010208,NED,5.36999988556,-148.567962646,2.27700161934,284
1538769518391015360,564,1538769518389492832,NED,5.36999988556,-148.567962646,2.27700161934,284
1538769518460592224,565,1538769518457135488,NED,5.2999997139,-148.567962646,2.20944809914,284
1538769518537949824,566,1538769518535348864,NED,5.21999979019,-146.714019775,2.14128851891,285
1538769518614160000,567,1538769518606258464,NED,5.15000009537,-146.714019775,2.07373309135,286
1538769518640258208,568,1538769518638118240,NED,5.15000009537,-146.714019775,2.07373309135,286
1538769518697952864,569,1538769518696182752,NED,5.06999969482,-141.786773682,1.99879276752,287
1538769518751817984,570,1538769518750076224,NED,5.06999969482,-141.786773682,1.99879276752,287
1538769518817558912,571,1538769518815168672,NED,4.98999977112,-141.786773682,1.9357187748,288
1538769518851164032,572,1538769518849619360,NED,4.98999977112,-141.786773682,1.9357187748,288
1538769518887354208,573,1538769518885923328,NED,4.90999984741,-139.634887695,1.88208413124,289
1538769518953467456,574,1538769518948885056,NED,4.90999984741,-139.634887695,1.88208413124,289
1538769519020061536,575,1538769519015418528,NED,4.82999992371,-139.634887695,1.82179570198,289
1538769519099437664,576,1538769519096384672,NED,4.75,-136.404037476,1.75424158573,290
1538769519159559040,577,1538769519155308224,NED,4.75,-136.404037476,1.75424158573,290
1538769519224641440,578,1538769519223132064,NED,4.67000007629,-136.404037476,1.691167593,291
1538769519265256864,579,1538769519259783840,NED,4.67000007629,-136.404037476,1.691167593,291
1538769519303236992,580,1538769519300126944,NED,4.58999967575,-134.091186523,1.60739302635,292
1538769519371935872,581,1538769519370411328,NED,4.58999967575,-134.091186523,1.60739302635,292
1538769519389832736,582,1538769519386138656,NED,4.58999967575,-134.091186523,1.60739302635,292
1538769519456953696,583,1538769519455434976,NED,4.51999998093,-134.091186523,1.54431927204,293
1538769519490571488,584,1538769519489327488,NED,4.46000003815,-128.420074463,1.47955358028,294
1538769519537830272,585,1538769519536880192,NED,4.46000003815,-128.420074463,1.47955358028,294
1538769519623963840,586,1538769519622631808,NED,4.42000007629,-128.420074463,1.42543876171,295
1538769519700673248,587,1538769519699294016,NED,4.42000007629,-128.420074463,1.42543876171,295
1538769519717238240,588,1538769519716264096,NED,4.38000011444,-130.073364258,1.37846517563,295
1538769519777046048,589,1538769519775431936,NED,4.38000011444,-130.073364258,1.37846517563,295
1538769519825413600,590,1538769519823175520,NED,4.34999990463,-130.073364258,1.33827197552,296
1538769519849601696,591,1538769519848741952,NED,4.34999990463,-130.073364258,1.33827197552,296
1538769519900139744,592,1538769519895070016,NED,4.33999967575,-126.376533508,1.31574320793,297
1538769519963079456,593,1538769519960120896,NED,4.33999967575,-126.376533508,1.31574320793,297
1538769519994486688,594,1538769519991972704,NED,4.33999967575,-126.376533508,1.31574320793,297
1538769520027329568,595,1538769520026676544,NED,4.33999967575,-126.376533508,1.308349967,298
1538769520064198176,596,1538769520063251264,NED,4.33999967575,-126.376533508,1.308349967,298
1538769520182771136,597,1538769520182144800,NED,4.36000013351,-122.377967834,1.30095469952,299
1538769520237142144,598,1538769520235217760,NED,4.40999984741,-122.377967834,1.30069971085,300
1538769520258600800,599,1538769520257826944,NED,4.40999984741,-122.377967834,1.30069971085,300
1538769520303879168,600,1538769520301660576,NED,4.48000001907,-125.581932068,1.30722522736,301
1538769520363950848,601,1538769520363261664,NED,4.48000001907,-125.581932068,1.30722522736,301
1538769520385560000,602,1538769520383624704,NED,4.48000001907,-125.581932068,1.30722522736,301
1538769520488055520,603,1538769520486558976,NED,4.55999994278,-125.581932068,1.32706451416,301
1538769520502986656,604,1538769520501754624,NED,4.65000009537,-123.844528198,1.34303021431,302
1538769520537960768,605,1538769520537020064,NED,4.65000009537,-123.844528198,1.34303021431,302
1538769520577078816,606,1538769520576377312,NED,4.65000009537,-123.844528198,1.34303021431,302
1538769520645791264,607,1538769520645263744,NED,4.73999977112,-123.844528198,1.36056935787,303
1538769520705539200,608,1538769520704621888,NED,4.83999967575,-122.381019592,1.39045488834,304
1538769520762979328,609,1538769520762149184,NED,4.83999967575,-122.381019592,1.39045488834,304
1538769520787496448,610,1538769520786831072,NED,4.83999967575,-122.381019592,1.39045488834,304
1538769520845517536,611,1538769520844199136,NED,4.92999982834,-122.381019592,1.4203401804,305
1538769520899908224,612,1538769520897228192,NED,5.00999975204,-131.303985596,1.45905923843,306
1538769520960046208,613,1538769520955198592,NED,5.00999975204,-131.303985596,1.45905923843,306
1538769521011271968,614,1538769521009214560,NED,5.09999990463,-131.303985596,1.50734460354,307
1538769521049468960,615,1538769521048955936,NED,5.09999990463,-131.303985596,1.50734460354,307
1538769521116177152,616,1538769521112919936,NED,5.19999980927,-139.25112915,1.5671236515,308
1538769521130680224,617,1538769521126718144,NED,5.19999980927,-139.25112915,1.5671236515,308
1538769521185554144,618,1538769521182634048,NED,5.19999980927,-139.25112915,1.5671236515,308
1538769521267725504,619,1538769521264932512,NED,5.2999997139,-139.25112915,1.63428771496,308
1538769521303914848,620,1538769521302045408,NED,5.38999986649,-135.243804932,1.70145356655,309
1538769521340286688,621,1538769521338799264,NED,5.38999986649,-135.243804932,1.70145356655,309
1538769521403581856,622,1538769521402910592,NED,5.48999977112,-135.243804932,1.76753294468,310
1538769521449474816,623,1538769521448027296,NED,5.48999977112,-135.243804932,1.76753294468,310
1538769521501534656,624,1538769521501026880,NED,5.57999992371,-128.328125,1.84861850739,311
1538769521528712192,625,1538769521527683360,NED,5.57999992371,-128.328125,1.84861850739,311
1538769521595132704,626,1538769521594322176,NED,5.67999982834,-128.328125,1.93127763271,312
1538769521686372096,627,1538769521684782400,NED,5.75999975204,-124.150848389,2.00292301178,313
1538769521742040960,628,1538769521739445600,NED,5.75999975204,-124.150848389,2.00292301178,313
1538769521792785280,629,1538769521790952768,NED,5.75999975204,-124.150848389,2.00292301178,313
1538769521854931712,630,1538769521854312544,NED,5.82999992371,-124.150848389,2.07456851006,314
1538769521905148032,631,1538769521903632864,NED,5.90000009537,-135.354995728,2.14004015923,315
1538769521938779456,632,1538769521938050848,NED,5.90000009537,-135.354995728,2.14004015923,315
1538769522013240960,633,1538769522005266208,NED,5.96000003815,-135.354995728,2.21168470383,316
1538769522046609792,634,1538769522045888096,NED,5.96000003815,-135.354995728,2.21168470383,316
1538769522102693472,635,1538769522099684736,NED,6.0,-133.559799194,2.27206921577,317
1538769522192307296,636,1538769522191635776,NED,6.0,-133.559799194,2.27206921577,317
1538769522294633760,637,1538769522292961760,NED,6.0499997139,-133.559799194,2.33427643776,317
1538769522339835488,638,1538769522339193440,NED,6.07999992371,-132.226379395,2.39648103714,318
1538769522382687360,639,1538769522379815904,NED,6.07999992371,-132.226379395,2.39648103714,318
1538769522447976672,640,1538769522447133760,NED,6.10999965668,-132.226379395,2.45251321793,319
1538769522481009920,641,1538769522480465888,NED,6.10999965668,-132.226379395,2.45251321793,319
1538769522566924128,642,1538769522565302912,NED,6.13999986649,-24.4709014893,2.50975966454,320
1538769522593455712,643,1538769522592229344,NED,6.13999986649,-24.4709014893,2.50975966454,320
1538769522662475232,644,1538769522661723232,NED,6.15999984741,-24.4709014893,2.56070566177,321
1538769522704322208,645,1538769522701605600,NED,6.15999984741,-24.4709014893,2.56070566177,321
1538769522735495424,646,1538769522734424128,NED,6.15999984741,-17.4938201904,2.59955215454,322
1538769522805674112,647,1538769522804398080,NED,6.15999984741,-17.4938201904,2.59955215454,322
1538769522838199744,648,1538769522837313920,NED,6.15999984741,-17.4938201904,2.63839697838,323
1538769522883721152,649,1538769522882755616,NED,6.15999984741,-17.4938201904,2.63839697838,323
1538769522901145056,650,1538769522900422976,NED,6.15000009537,-17.8607940674,2.67603087425,324
1538769522935878304,651,1538769522934697056,NED,6.15000009537,-17.8607940674,2.67603087425,324
1538769523010088096,652,1538769523008060384,NED,6.13999986649,-17.8607940674,2.71487760544,325
1538769523057610656,653,1538769523056863616,NED,6.13999986649,-17.8607940674,2.71487760544,325
1538769523104412160,654,1538769523103873920,NED,6.1299996376,-10.7969284058,2.73810720444,326
1538769523142690208,655,1538769523141944800,NED,6.1299996376,-10.7969284058,2.73810720444,326
1538769523205890752,656,1538769523204189472,NED,6.11999988556,-10.7969284058,2.75807237625,327
1538769523269516992,657,1538769523266949600,NED,6.11999988556,-10.7969284058,2.75807237625,327
1538769523289261568,658,1538769523288390496,NED,6.11999988556,-10.7969284058,2.75807237625,327
1538769523342903072,659,1538769523336196096,NED,6.10999965668,-5.87768554688,2.7806994915,328
1538769523389896800,660,1538769523388964608,NED,6.10999965668,-5.87768554688,2.7806994915,328
1538769523456386496,661,1538769523453809760,NED,6.10999965668,-5.87768554688,2.80514621735,329
1538769523503370080,662,1538769523501893952,NED,6.09999990463,-8.12797546387,2.82063317299,330
1538769523540773504,663,1538769523539688928,NED,6.09999990463,-8.12797546387,2.82063317299,330
1538769523586157504,664,1538769523585137664,NED,6.09999990463,-8.12797546387,2.82063317299,330
1538769523628584160,665,1538769523627797312,NED,6.09999990463,-8.12797546387,2.82994389534,331
1538769523691421696,666,1538769523687876672,NED,6.09999990463,-0.790786743164,2.83599066734,332
1538769523725865760,667,1538769523724012000,NED,6.09999990463,-0.790786743164,2.83599066734,332
1538769523744709344,668,1538769523743238400,NED,6.09999990463,-0.790786743164,2.83599066734,332
1538769523800064384,669,1538769523799120000,NED,6.09999990463,-0.790786743164,2.83599066734,332
1538769523849306304,670,1538769523848683072,NED,6.11999988556,-0.790786743164,2.84469771385,333
1538769523889269600,671,1538769523888400640,NED,6.13999986649,0.273418426514,2.83682394028,334
1538769523941726560,672,1538769523940785376,NED,6.13999986649,0.273418426514,2.83682394028,334
1538769524033075808,673,1538769524031516128,NED,6.15999984741,0.273418426514,2.83669614792,336
1538769524051640512,674,1538769524051117568,NED,6.15999984741,0.273418426514,2.83669614792,336
1538769524106115456,675,1538769524105270560,NED,6.19000005722,1.71604156494,2.82882142067,337
1538769524168264416,676,1538769524165606240,NED,6.19000005722,1.71604156494,2.82882142067,337
1538769524184143136,677,1538769524181709216,NED,6.19000005722,1.71604156494,2.82882142067,337
1538769524253354816,678,1538769524252492992,NED,6.23000001907,0.597381591797,2.82094693184,338
1538769524279848288,679,1538769524278230432,NED,6.23000001907,0.597381591797,2.82094693184,338
1538769524341526368,680,1538769524336868128,NED,6.25999975204,0.597381591797,2.82517528534,339
1538769524386586080,681,1538769524383253664,NED,6.25999975204,0.597381591797,2.82517528534,339
1538769524449023648,682,1538769524446973600,NED,6.2999997139,3.97930145264,2.8128221035,340
1538769524454512608,683,1538769524453987168,NED,6.2999997139,3.97930145264,2.8128221035,340
1538769524532370176,684,1538769524530077056,NED,6.32999992371,3.97930145264,2.80869245529,341
1538769524569251040,685,1538769524568610496,NED,6.32999992371,3.97930145264,2.80869245529,341
1538769524671646720,686,1538769524671038496,NED,6.36999988556,3.97930145264,2.81025910378,342
1538769524758238144,687,1538769524756977440,NED,6.39999961853,3.83052825928,2.79160428047,343
1538769524779212928,688,1538769524769452096,NED,6.39999961853,3.83052825928,2.79160428047,343
1538769524833687488,689,1538769524831292320,NED,6.42999982834,-3.86447906494,2.77877187729,344
1538769524880426240,690,1538769524877967008,NED,6.42999982834,-3.86447906494,2.77877187729,344
1538769524926973952,691,1538769524921680672,NED,6.46000003815,-3.86447906494,2.77137684822,345
1538769524981311136,692,1538769524980475104,NED,6.46000003815,-3.86447906494,2.77137684822,345
1538769525022059904,693,1538769525021197984,NED,6.48000001907,-3.86447906494,2.76737689972,347
1538769525074976768,694,1538769525072138016,NED,6.48000001907,-3.86447906494,2.76737689972,347
1538769525118389856,695,1538769525117758688,NED,6.5,-2.99301147461,2.76446247101,348
1538769525155352320,696,1538769525154292192,NED,6.5,-2.99301147461,2.76446247101,348
1538769525222251328,697,1538769525216632224,NED,6.51999998093,-2.99301147461,2.75368046761,349
1538769525261656352,698,1538769525260876480,NED,6.51999998093,-2.99301147461,2.75368046761,349
1538769525313707296,699,1538769525308495456,NED,6.52999973297,60.8531951904,2.75076603889,350
1538769525343511232,700,1538769525342522272,NED,6.52999973297,60.8531951904,2.75076603889,350
1538769525393944064,701,1538769525393084192,NED,6.53999996185,60.8531951904,2.75681233406,351
1538769525491981248,702,1538769525491249024,NED,6.53999996185,60.8531951904,2.75681233406,351
1538769525546468512,703,1538769525542942944,NED,6.5499997139,60.2918624878,2.74385285378,352
1538769525598523136,704,1538769525594790752,NED,6.5499997139,60.2918624878,2.74989914894,353
1538769525656271200,705,1538769525655415648,NED,6.5499997139,60.2918624878,2.74989914894,353
1538769525740353408,706,1538769525739629792,NED,6.53999996185,58.6665153503,2.74407958984,354
1538769525835234752,707,1538769525828806944,NED,6.52999973297,58.6665153503,2.75012612343,356
1538769525853310976,708,1538769525852779936,NED,6.52999973297,58.6665153503,2.75012612343,356
1538769525907308096,709,1538769525906600544,NED,6.51999998093,60.2118492126,2.75121235847,357
1538769525986075488,710,1538769525985344512,NED,6.51999998093,60.2118492126,2.75121235847,357
1538769526060883392,711,1538769526055724704,NED,6.53999996185,60.2118492126,2.76052188873,358
1538769526084835168,712,1538769526081741408,NED,6.53999996185,60.2118492126,2.76052188873,358
1538769526142037856,713,1538769526141299680,NED,6.55999994278,57.2766304016,2.75760865211,359
1538769526236396064,714,1538769526235583648,NED,6.59999990463,57.2766304016,2.74743485451,360
1538769526250945472,715,1538769526250266368,NED,6.59999990463,57.2766304016,2.74743485451,360
1538769526317002848,716,1538769526314584448,NED,6.6299996376,53.9603233337,2.75844025612,361
1538769526388950112,717,1538769526385765088,NED,6.6299996376,53.9603233337,2.75844025612,361
1538769526396318816,718,1538769526395487328,NED,6.6299996376,53.9603233337,2.75844025612,361
1538769526446628096,719,1538769526443646912,NED,6.65999984741,53.9603233337,2.7555270195,363
1538769526467861472,720,1538769526465976640,NED,6.65999984741,53.9603233337,2.7555270195,363
1538769526518938464,721,1538769526515874944,NED,6.67000007629,51.8718719482,2.76980161667,364
1538769526585930560,722,1538769526584627520,NED,6.67000007629,51.8718719482,2.76980161667,364
1538769526627259936,723,1538769526625807488,NED,6.67000007629,51.8718719482,2.78080701828,365
1538769526641543616,724,1538769526640852960,NED,6.67000007629,51.8718719482,2.78080701828,365
1538769526663648192,725,1538769526662453856,NED,6.67000007629,51.8718719482,2.78080701828,365
1538769526720519360,726,1538769526717522560,NED,6.64999961853,55.2470207214,2.7944726944,366
1538769526776730816,727,1538769526774961920,NED,6.64999961853,55.2470207214,2.7944726944,366
1538769526867020832,728,1538769526866118432,NED,6.60999965668,55.2470207214,2.81939792633,367
1538769526898932704,729,1538769526898135200,NED,6.56999969482,48.1448173523,2.84819674492,368
1538769526961528448,730,1538769526960207840,NED,6.56999969482,48.1448173523,2.84819674492,368
1538769527002787232,731,1538769527001215936,NED,6.51999998093,47.8744506836,2.89648270607,370
1538769527024304320,732,1538769527023773376,NED,6.51999998093,47.8744506836,2.89648270607,370
1538769527116320864,733,1538769527115310144,NED,6.44000005722,47.8744506836,2.94355463982,371
1538769527144720960,734,1538769527142326080,NED,6.44000005722,47.8744506836,2.94355463982,371
1538769527195240896,735,1538769527192834592,NED,6.44000005722,47.8744506836,2.94355463982,371
1538769527243918176,736,1538769527241730912,NED,6.33999967575,47.8744506836,3.0012819767,372
1538769527282434432,737,1538769527281288256,NED,6.33999967575,47.8744506836,3.0012819767,372
1538769527380127392,738,1538769527374873152,NED,6.21000003815,48.4288215637,3.06348657608,373
1538769527391247008,739,1538769527388619296,NED,6.21000003815,48.4288215637,3.06348657608,373
1538769527452934368,740,1538769527452158592,NED,6.06999969482,48.4288215637,3.12387084961,374
1538769527480346336,741,1538769527479833696,NED,6.06999969482,48.4288215637,3.12387084961,374
1538769527563034240,742,1538769527561992000,NED,5.92000007629,45.2404975891,3.20895695686,375
1538769527583226688,743,1538769527581369568,NED,5.92000007629,45.2404975891,3.20895695686,375
1538769527629276512,744,1538769527628798912,NED,5.76999998093,45.2404975891,3.28835082054,376
1538769527670174304,745,1538769527669551968,NED,5.76999998093,45.2404975891,3.28835082054,376
1538769527760696416,746,1538769527759960928,NED,5.61999988556,49.9811172485,3.37839579582,378
1538769527787837568,747,1538769527786829600,NED,5.61999988556,49.9811172485,3.37839579582,378
1538769527867762880,748,1538769527865238688,NED,5.48000001907,49.9811172485,3.45900249481,379
1538769527904225376,749,1538769527903601088,NED,5.35999965668,48.39220047,3.54226756096,380
1538769527969358912,750,1538769527967680864,NED,5.35999965668,48.39220047,3.54226756096,380
1538769528004357664,751,1538769528002844160,NED,5.25,48.39220047,3.60895466805,381
1538769528039359648,752,1538769528036703776,NED,5.25,48.39220047,3.60895466805,381
1538769528114685920,753,1538769528104212448,NED,5.15000009537,45.806312561,3.66994714737,382
1538769528143879776,754,1538769528142925184,NED,5.15000009537,45.806312561,3.66994714737,382
1538769528187541632,755,1538769528185472576,NED,5.15000009537,45.806312561,3.66994714737,382
1538769528248595840,756,1538769528247978304,NED,5.06999969482,45.806312561,3.71823167801,384
1538769528274675936,757,1538769528270202432,NED,5.06999969482,45.806312561,3.71823167801,384
1538769528374763264,758,1538769528373884640,NED,5.00999975204,40.2688980103,3.75307679176,385
1538769528466938624,759,1538769528465806016,NED,4.98000001907,30.4272651672,3.77618360519,386
1538769528512804160,760,1538769528510132000,NED,4.96999979019,30.4272651672,3.78318786621,387
1538769528562331872,761,1538769528561138336,NED,4.96999979019,30.4272651672,3.78318786621,387
1538769528600334176,762,1538769528598883200,NED,4.98999977112,30.4272651672,3.77784800529,389
1538769528666840640,763,1538769528662724160,NED,4.98999977112,30.4272651672,3.77784800529,389
1538769528688332320,764,1538769528687443296,NED,5.03999996185,31.160068512,3.75701189041,390
1538769528743250784,765,1538769528739410944,NED,5.03999996185,31.160068512,3.75701189041,390
1538769528804157664,766,1538769528803258272,NED,5.07999992371,31.160068512,3.74949097633,391
1538769528855629760,767,1538769528854859680,NED,5.07999992371,31.160068512,3.74949097633,391
1538769528962899168,768,1538769528961241824,NED,5.13999986649,22.4111557007,3.72417640686,392
1538769529039409696,769,1538769529028499872,NED,5.19000005722,22.4111557007,3.70381999016,394
1538769529048752960,770,1538769529048050432,NED,5.19000005722,22.4111557007,3.70381999016,394
1538769529101410240,771,1538769529100164928,NED,5.25,8.97989273071,3.66954493523,395
1538769529166878720,772,1538769529165423008,NED,5.25,8.97989273071,3.66954493523,395
1538769529209218592,773,1538769529205184480,NED,5.28999996185,8.97989273071,3.62292408943,396
1538769529237900416,774,1538769529233199008,NED,5.28999996185,8.97989273071,3.62292408943,396
1538769529261094048,775,1538769529259964480,NED,5.28999996185,8.97989273071,3.62292408943,396
1538769529344006624,776,1538769529340577600,NED,5.32999992371,2.83269882202,3.57024812698,398
1538769529423471232,777,1538769529421328256,NED,5.35999965668,2.83269882202,3.51140093803,399
1538769529485155424,778,1538769529483577568,NED,5.35999965668,2.83269882202,3.51140093803,399
1538769529558570176,779,1538769529555330272,NED,5.38000011444,-6.76937103271,3.44928383827,400
1538769529604595424,780,1538769529603775744,NED,5.38000011444,-6.76937103271,3.37333846092,402
1538769529641916832,781,1538769529639368608,NED,5.38000011444,-6.76937103271,3.37333846092,402
1538769529714005152,782,1538769529713051904,NED,5.36999988556,-11.9905471802,3.31634950638,403
1538769529741367936,783,1538769529740531136,NED,5.36999988556,-11.9905471802,3.31634950638,403
1538769529807591808,784,1538769529805106208,NED,5.35999965668,-17.1401977539,3.245439291,405
1538769529852963168,785,1538769529845955680,NED,5.35999965668,-17.1401977539,3.245439291,405
1538769529906682304,786,1538769529905163680,NED,5.34999990463,-17.1401977539,3.13703966141,406
1538769529963261280,787,1538769529961012128,NED,5.34999990463,-17.1401977539,3.13703966141,406
1538769530004751776,788,1538769530004031296,NED,5.33999967575,-17.1401977539,3.0689458847,407
1538769530053512480,789,1538769530049307104,NED,5.33999967575,-17.1401977539,3.0689458847,407
1538769530073240384,790,1538769530072358208,NED,5.33999967575,-17.1401977539,3.0689458847,407
1538769530147200000,791,1538769530146287392,NED,5.30999994278,-15.7934188843,2.73149657249,409
1538769530181629760,792,1538769530180032928,NED,5.30999994278,-15.7934188843,2.73149657249,409
1538769530269392000,793,1538769530267958240,NED,5.27999973297,-15.7934188843,2.69076299667,410
1538769530282519200,794,1538769530281542368,NED,5.27999973297,-15.7934188843,2.69076299667,410
1538769530352552160,795,1538769530350296768,NED,5.25,-7.03868865967,2.65442156792,411
1538769530389994144,796,1538769530385816192,NED,5.25,-7.03868865967,2.65442156792,411
1538769530464036736,797,1538769530463123136,NED,5.19999980927,-7.03868865967,2.24854922295,413
1538769530497673856,798,1538769530496045920,NED,5.19999980927,-7.03868865967,2.24854922295,413
1538769530543750880,799,1538769530542505728,NED,5.15000009537,5.80673217773,2.24395179749,414
1538769530560093760,800,1538769530559160288,NED,5.15000009537,5.80673217773,2.24395179749,414
1538769530649054240,801,1538769530645270240,NED,5.10999965668,5.80673217773,1.2540204525,415
1538769530667306432,802,1538769530666252512,NED,5.10999965668,5.80673217773,1.2540204525,415
1538769530721661632,803,1538769530720864000,NED,5.05999994278,15.2582168579,1.32889974117,417
1538769530764302688,804,1538769530761302880,NED,5.05999994278,15.2582168579,1.32889974117,417
1538769530815041312,805,1538769530812466720,NED,5.00999975204,15.2582168579,0.395778030157,418
1538769530868357056,806,1538769530867277888,NED,5.00999975204,15.2582168579,0.395778030157,418
1538769530912517184,807,1538769530910244032,NED,4.96000003815,22.5623130798,0.533915162086,419
1538769530992256864,808,1538769530991031168,NED,4.96000003815,22.5623130798,0.533915162086,419
1538769531059561248,809,1538769531055012864,NED,4.94000005722,22.5623130798,0.682099938393,421
1538769531080017184,810,1538769531077381600,NED,4.94000005722,22.5623130798,0.682099938393,421
1538769531157149536,811,1538769531154845280,NED,4.92999982834,24.6789932251,-1.08712792397,422
1538769531217250528,812,1538769531210486528,NED,4.88999986649,31.5386772156,-0.800125181675,424
1538769531243007552,813,1538769531235242656,NED,4.88999986649,31.5386772156,-0.800125181675,424
1538769531306280800,814,1538769531303867904,NED,4.84999990463,31.5386772156,-2.08376502991,425
1538769531349276256,815,1538769531342876896,NED,4.84999990463,31.5386772156,-2.08376502991,425
1538769531396558656,816,1538769531394947296,NED,4.84999990463,31.5386772156,-2.08376502991,425
1538769531497755488,817,1538769531495670912,NED,4.80999994278,31.5386772156,-1.70370578766,426
1538769531545157824,818,1538769531541407872,NED,4.75999975204,98.9409484863,-1.32612001896,428
1538769531562928160,819,1538769531560748000,NED,4.75999975204,98.9409484863,-1.32612001896,428
1538769531636548992,820,1538769531631988384,NED,4.71000003815,98.9409484863,-3.36641454697,429
1538769531683788192,821,1538769531679522432,NED,4.67000007629,108.809570312,-2.8313434124,430
1538769531725794272,822,1538769531724693024,NED,4.67000007629,108.809570312,-2.8313434124,430
1538769531760481504,823,1538769531759296320,NED,4.67000007629,108.809570312,-2.8313434124,430
1538769531833234080,824,1538769531831153664,NED,4.63999986649,108.809570312,-3.95572972298,432
1538769531875212544,825,1538769531873137472,NED,4.63999986649,108.809570312,-3.95572972298,432
1538769531948856896,826,1538769531943449984,NED,4.63000011444,104.393959045,-3.33422756195,433
1538769531960542112,827,1538769531959497984,NED,4.63000011444,104.393959045,-3.33422756195,433
1538769532041359232,828,1538769532034629024,NED,4.63000011444,104.393959045,-5.27351236343,434
1538769532137923008,829,1538769532131918784,NED,4.65000009537,109.64440918,-4.52681827545,436
1538769532190885632,830,1538769532189623104,NED,4.65000009537,109.64440918,-4.52681827545,436
1538769532257568480,831,1538769532255465792,NED,4.69000005722,109.64440918,-3.7915019989,437
1538769532278526816,832,1538769532277513856,NED,4.69000005722,109.64440918,-3.7915019989,437
1538769532349812992,833,1538769532343581056,NED,4.73000001907,99.1661987305,-4.73079156876,439
1538769532366178112,834,1538769532364695264,NED,4.73000001907,99.1661987305,-4.73079156876,439
1538769532409411680,835,1538769532407545728,NED,4.77999973297,99.1661987305,-3.96737647057,440
1538769532445732224,836,1538769532439930112,NED,4.77999973297,99.1661987305,-3.96737647057,440
1538769532498676160,837,1538769532494459424,NED,4.81999969482,96.0511169434,-5.77579212189,442
1538769532558930944,838,1538769532553214592,NED,4.81999969482,96.0511169434,-5.77579212189,442
1538769532597310016,839,1538769532595192320,NED,4.81999969482,96.0511169434,-5.77579212189,442
1538769532640080192,840,1538769532637991168,NED,4.85999965668,84.9507293701,-4.92700862885,443
1538769532723316576,841,1538769532719483968,NED,4.88999986649,84.9507293701,-4.11533308029,445
1538769532761220864,842,1538769532760481056,NED,4.88999986649,84.9507293701,-4.11533308029,445
1538769532822012256,843,1538769532820423712,NED,4.92999982834,84.9507293701,-4.95224666595,446
1538769532852035584,844,1538769532849829664,NED,4.92999982834,84.9507293701,-4.95224666595,446
1538769532876711616,845,1538769532876174752,NED,4.92999982834,84.9507293701,-4.95224666595,446
1538769532959142912,846,1538769532955447968,NED,4.96000003815,53.697681427,-4.09479522705,448
1538769533028306624,847,1538769533027381856,NED,5.0,53.697681427,-5.74420213699,450
1538769533066444544,848,1538769533064459616,NED,5.0,53.697681427,-5.74420213699,450
1538769533081166272,849,1538769533079929184,NED,5.0,53.697681427,-5.74420213699,450
1538769533159110976,850,1538769533154339264,NED,5.06999969482,41.9853210449,-4.76148462296,451
1538769533193441216,851,1538769533189722176,NED,5.13999986649,26.6351699829,-5.52134609222,453
1538769533272143360,852,1538769533265219552,NED,5.13999986649,26.6351699829,-5.52134609222,453
1538769533277867488,853,1538769533275420640,NED,5.13999986649,26.6351699829,-5.52134609222,453
1538769533371780448,854,1538769533370764544,NED,5.23000001907,26.6351699829,-4.48666381836,455
1538769533399663456,855,1538769533398534112,NED,5.23000001907,26.6351699829,-4.48666381836,455
1538769533437591584,856,1538769533436861472,NED,5.31999969482,26.6351699829,-3.48260593414,457
1538769533479049152,857,1538769533478179584,NED,5.31999969482,26.6351699829,-3.48260593414,457
1538769533550655680,858,1538769533547399328,NED,5.40999984741,-1.38397216797,-5.01508331299,458
1538769533565599840,859,1538769533564888864,NED,5.40999984741,-1.38397216797,-5.01508331299,458
1538769533641588896,860,1538769533638042112,NED,5.48999977112,-1.38397216797,-3.93801093102,460
1538769533706680768,861,1538769533704075040,NED,5.56999969482,-29.4244766235,-4.59732103348,462
1538769533762780832,862,1538769533758686560,NED,5.56999969482,-29.4244766235,-4.59732103348,462
1538769533781621152,863,1538769533778962272,NED,5.6299996376,-29.4244766235,-3.48827648163,464
1538769533868845984,864,1538769533857972960,NED,5.6299996376,-29.4244766235,-3.48827648163,464
1538769533892774784,865,1538769533890882400,NED,5.6299996376,-29.4244766235,-3.48827648163,464
1538769533938506752,866,1538769533935560384,NED,5.69999980927,-63.791847229,-2.42078638077,466
1538769534026428512,867,1538769534025096352,NED,5.76999998093,-63.791847229,-3.85934519768,468
1538769534077891520,868,1538769534076479456,NED,5.76999998093,-63.791847229,-3.85934519768,468
1538769534118686656,869,1538769534116835840,NED,5.85999965668,-66.9510803223,-2.70365929604,469
1538769534175145632,870,1538769534173559456,NED,5.85999965668,-66.9510803223,-2.70365929604,469
1538769534208412192,871,1538769534206113056,NED,5.94999980927,-66.9510803223,-3.29360318184,471
1538769534241779584,872,1538769534239701152,NED,5.94999980927,-66.9510803223,-3.29360318184,471
1538769534306811776,873,1538769534304748256,NED,6.02999973297,-84.250831604,-2.15873789787,473
1538769534352006304,874,1538769534347047424,NED,6.02999973297,-84.250831604,-2.15873789787,473
1538769534387464576,875,1538769534386781184,NED,6.02999973297,-84.250831604,-2.15873789787,473
1538769534444463584,876,1538769534442811104,NED,6.07999992371,-84.250831604,-1.08816695213,475
1538769534481618752,877,1538769534478616832,NED,6.07999992371,-84.250831604,-1.08816695213,475
1538769534542170720,878,1538769534541086176,NED,6.10999965668,-130.375289917,-2.52615141869,477
1538769534582209408,879,1538769534580745600,NED,6.10999965668,-130.375289917,-2.52615141869,477
1538769534648156448,880,1538769534642267968,NED,6.11999988556,-130.375289917,-1.41060638428,479
1538769534678295840,881,1538769534676574272,NED,6.11999988556,-130.375289917,-1.41060638428,479
1538769534747801792,882,1538769534745345472,NED,6.13999986649,-169.918060303,-2.90411281586,481
1538769534790442016,883,1538769534789834912,NED,6.17000007629,-169.918060303,-1.71459150314,483
1538769534876266944,884,1538769534866442656,NED,6.17000007629,-169.918060303,-1.71459150314,483
1538769534884565632,885,1538769534883772096,NED,6.17000007629,-169.918060303,-1.71459150314,483
1538769534942476064,886,1538769534941749376,NED,6.21999979019,-198.81477356,-3.27897453308,485
1538769534999459904,887,1538769534997959936,NED,6.21999979019,-198.81477356,-3.27897453308,485
1538769535033518816,888,1538769535031449856,NED,6.26999998093,-198.81477356,-2.00994801521,487
1538769535105489984,889,1538769535104010496,NED,6.32999992371,-212.734039307,-0.799858033657,489
1538769535151896256,890,1538769535147931264,NED,6.32999992371,-212.734039307,-0.799858033657,489
1538769535163623552,891,1538769535161290592,NED,6.32999992371,-212.734039307,-0.799858033657,489
1538769535241747488,892,1538769535236479552,NED,6.38999986649,-212.734039307,-3.30789899826,491
1538769535283277824,893,1538769535281197792,NED,6.38999986649,-212.734039307,-3.30789899826,491
1538769535363415872,894,1538769535359389440,NED,6.44999980927,-228.266906738,-1.98941934109,492
1538769535406787552,895,1538769535403751456,NED,6.5,-228.266906738,-0.733377337456,494
1538769535477580704,896,1538769535474507008,NED,6.5,-228.266906738,-0.733377337456,494
1538769535523271488,897,1538769535522111040,NED,6.53999996185,-258.944702148,-1.30428910255,496
1538769535615083392,898,1538769535613166464,NED,6.57999992371,-259.944824219,-0.0467221364379,498
1538769535633728608,899,1538769535632244992,NED,6.57999992371,-259.944824219,-0.0467221364379,498
1538769535677660736,900,1538769535670098496,NED,6.57999992371,-259.944824219,-0.0467221364379,498
1538769535700814144,901,1538769535698890144,NED,6.59999990463,-280.088134766,-1.35571777821,499
1538769535752881504,902,1538769535752065184,NED,6.59999990463,-280.088134766,-1.35571777821,499
1538769535811417152,903,1538769535808534944,NED,6.60999965668,-280.088134766,-0.0578309856355,501
1538769535879857312,904,1538769535873173472,NED,6.60999965668,-280.088134766,-0.0578309856355,501
1538769535903370560,905,1538769535897265760,NED,6.58999967575,-298.121368408,-0.305425554514,503
1538769535946779232,906,1538769535945986464,NED,6.58999967575,-298.121368408,-0.305425554514,503
1538769535995897312,907,1538769535991530560,NED,6.58999967575,-298.121368408,-0.305425554514,503
1538769536024786368,908,1538769536022921440,NED,6.56999969482,-297.121246338,0.956593334675,504
1538769536082819168,909,1538769536081792448,NED,6.56999969482,-297.121246338,0.956593334675,504
1538769536147911360,910,1538769536146248768,NED,6.51999998093,-314.569854736,0.375346720219,506
1538769536187306112,911,1538769536186234624,NED,6.51999998093,-314.569854736,0.375346720219,506
1538769536251323424,912,1538769536249284320,NED,6.44999980927,-315.569976807,1.61836767197,507
1538769536273662720,913,1538769536271868288,NED,6.44999980927,-315.569976807,1.61836767197,507
1538769536323927712,914,1538769536322956512,NED,6.36999988556,-340.421783447,2.79049158096,509
1538769536367845632,915,1538769536366892992,NED,6.36999988556,-340.421783447,2.79049158096,509
1538769536449926848,916,1538769536445745024,NED,6.26999998093,-340.421783447,3.1111369133,510
1538769536490223744,917,1538769536488683840,NED,6.26999998093,-340.421783447,3.1111369133,510
1538769536510484032,918,1538769536509854944,NED,6.13999986649,-352.754211426,4.19670200348,511
1538769536585873376,919,1538769536583129248,NED,6.00999975204,-352.754211426,4.5441570282,513
1538769536686234784,920,1538769536684380160,NED,6.00999975204,-352.754211426,4.5441570282,513
1538769536718037984,921,1538769536716847008,NED,5.8799996376,-368.42098999,5.55497217178,514
1538769536781218176,922,1538769536775757728,NED,5.8799996376,-368.42098999,5.55497217178,514
1538769536861662528,923,1538769536858903840,NED,5.75,-368.42098999,6.48949289322,515
1538769536884803968,924,1538769536883088032,NED,5.75,-368.42098999,6.48949289322,515
1538769536916518048,925,1538769536914813376,NED,5.6299996376,-412.413024902,7.23309898376,516
1538769536993776640,926,1538769536992348256,NED,5.6299996376,-412.413024902,7.23309898376,516
1538769537028918560,927,1538769537028088224,NED,5.53999996185,-412.413024902,8.05989074707,517
1538769537109419040,928,1538769537108523744,NED,5.46999979019,-415.846618652,8.8274641037,518
1538769537150445920,929,1538769537149837536,NED,5.46999979019,-415.846618652,8.8274641037,518
1538769537163861280,930,1538769537163291808,NED,5.46999979019,-415.846618652,8.8274641037,518
1538769537216137984,931,1538769537215269920,NED,5.42999982834,-415.846618652,9.51829147339,519
1538769537263275136,932,1538769537261519456,NED,5.42999982834,-415.846618652,9.51829147339,519
1538769537344193312,933,1538769537343387584,NED,5.42000007629,-432.606872559,10.1522808075,520
1538769537356481952,934,1538769537355548576,NED,5.42000007629,-432.606872559,10.1522808075,520
1538769537455228704,935,1538769537452167456,NED,5.40999984741,-432.606872559,10.7186374664,521
1538769537483289504,936,1538769537481123904,NED,5.40999984741,-432.606872559,10.7186374664,521
1538769537550690944,937,1538769537549309568,NED,5.40999984741,-444.752319336,11.2089223862,521
1538769537569078432,938,1538769537565925632,NED,5.40999984741,-444.752319336,11.2089223862,521
1538769537644665312,939,1538769537643763808,NED,5.42000007629,-444.752319336,11.6315765381,522
1538769537663832320,940,1538769537661450592,NED,5.42000007629,-444.752319336,11.6315765381,522
1538769537729674080,941,1538769537728084992,NED,5.44999980927,-460.782043457,11.9866094589,523
1538769537775493568,942,1538769537774551328,NED,5.44999980927,-460.782043457,11.9866094589,523
1538769537840057632,943,1538769537836469568,NED,5.48000001907,-460.782043457,12.274017334,523
1538769537868971616,944,1538769537865178048,NED,5.48000001907,-460.782043457,12.274017334,523
1538769537941987328,945,1538769537941406112,NED,5.5,-481.29788208,12.4937887192,524
1538769537967360992,946,1538769537964844192,NED,5.5,-481.29788208,12.4937887192,524
1538769538013420896,947,1538769538012189760,NED,5.50999975204,-481.29788208,12.662853241,524
1538769538077267328,948,1538769538073108480,NED,5.50999975204,-481.29788208,12.662853241,524
1538769538102537824,949,1538769538100795968,NED,5.51999998093,-475.682434082,12.7642860413,525
1538769538148387232,950,1538769538146254176,NED,5.51999998093,-475.682434082,12.7642860413,525
1538769538217413088,951,1538769538215107520,NED,5.51999998093,-475.682434082,12.7980995178,525
1538769538271862816,952,1538769538266383840,NED,5.51999998093,-475.682434082,12.7980995178,525
1538769538310291712,953,1538769538308280384,NED,5.51999998093,-492.138092041,12.7727403641,525
1538769538338992256,954,1538769538338227424,NED,5.51999998093,-492.138092041,12.7727403641,525
1538769538371633600,955,1538769538368534240,NED,5.51999998093,-492.138092041,12.7727403641,525
1538769538443262112,956,1538769538440863136,NED,5.52999973297,-492.138092041,12.6797437668,526
1538769538497992384,957,1538769538494687680,NED,5.52999973297,-492.138092041,12.6797437668,526
1538769538558789056,958,1538769538556916448,NED,5.53999996185,-509.358795166,12.5191335678,526
1538769538590526272,959,1538769538588064320,NED,5.53999996185,-509.358795166,12.2993431091,526
1538769538635109696,960,1538769538634414528,NED,5.53999996185,-509.358795166,12.2993431091,526
1538769538711047712,961,1538769538708670752,NED,5.52999973297,-492.629058838,12.0119361877,526
1538769538737353504,962,1538769538735780384,NED,5.52999973297,-492.629058838,12.0119361877,526
1538769538840068704,963,1538769538838943488,NED,5.5,-492.629058838,11.6738100052,526
1538769538861766848,964,1538769538861134560,NED,5.5,-492.629058838,11.6738100052,526
1538769538891219680,965,1538769538890435616,NED,5.5,-492.629058838,11.6738100052,526
1538769538947609408,966,1538769538944598784,NED,5.46999979019,-491.698059082,11.2934083939,526
1538769538986964128,967,1538769538985589952,NED,5.46999979019,-491.698059082,11.2934083939,526
1538769539045084288,968,1538769539043831776,NED,5.42999982834,-491.698059082,10.8876571655,526
1538769539089654304,969,1538769539085535232,NED,5.42999982834,-491.698059082,10.8876571655,526
1538769539142490752,970,1538769539141222048,NED,5.38000011444,-484.69619751,10.4396333694,526
1538769539201381152,971,1538769539198455264,NED,5.38000011444,-484.69619751,10.4396333694,526
1538769539235703616,972,1538769539234051456,NED,5.31999969482,-484.69619751,9.97471046448,526
1538769539297983360,973,1538769539294238048,NED,5.23999977112,-472.210113525,9.49288082123,526
1538769539372298496,974,1538769539369587808,NED,5.23999977112,-472.210113525,9.49288082123,526
1538769539402027584,975,1538769539399251072,NED,5.23999977112,-472.210113525,9.49288082123,526
1538769539451711488,976,1538769539451110048,NED,5.13999986649,-472.210113525,8.98568630219,526
1538769539485771776,977,1538769539485014976,NED,5.13999986649,-472.210113525,8.98568630219,526
1538769539513124576,978,1538769539512673408,NED,5.03999996185,-459.288970947,8.47849845886,526
1538769539563846272,979,1538769539562204864,NED,5.03999996185,-459.288970947,8.47849845886,526
1538769539623360384,980,1538769539622458976,NED,4.90999984741,-459.288970947,7.95439815521,526
1538769539643535424,981,1538769539637972256,NED,4.90999984741,-459.288970947,7.95439815521,526
1538769539690289536,982,1538769539687899552,NED,4.90999984741,-459.288970947,7.95439815521,526
1538769539767122176,983,1538769539765603680,NED,4.78999996185,-447.992126465,7.43875741959,526
1538769539807599232,984,1538769539806090176,NED,4.63999986649,-447.992126465,6.88730144501,525
1538769539839640192,985,1538769539838169696,NED,4.63999986649,-447.992126465,6.88730144501,525
1538769539888427968,986,1538769539887415552,NED,4.63999986649,-447.992126465,6.88730144501,525
1538769539967882208,987,1538769539966836128,NED,4.50999975204,-431.10446167,6.38276100159,525
1538769539996310752,988,1538769539992966432,NED,4.36999988556,-431.10446167,5.88665914536,525
1538769540044078848,989,1538769540041755424,NED,4.36999988556,-431.10446167,5.88665914536,525
1538769540101308832,990,1538769540097885856,NED,4.36999988556,-431.10446167,5.88665914536,525
1538769540168677632,991,1538769540167524512,NED,4.23999977112,-413.583007812,5.29848241806,525
1538769540225952000,992,1538769540218020768,NED,4.09999990463,-413.583007812,4.84608840942,525
1538769540254754752,993,1538769540251983232,NED,4.09999990463,-413.583007812,4.84608840942,525
1538769540284028384,994,1538769540279631712,NED,4.09999990463,-413.583007812,4.84608840942,525
1538769540367080544,995,1538769540364541120,NED,3.97000002861,-401.445373535,3.94909858704,525
1538769540391859744,996,1538769540390808736,NED,3.97000002861,-401.445373535,3.94909858704,525
1538769540445094656,997,1538769540442732800,NED,3.84999990463,-401.445373535,3.56982588768,525
1538769540485496256,998,1538769540481353408,NED,3.84999990463,-401.445373535,3.56982588768,525
1538769540564449472,999,1538769540560404224,NED,3.74000000954,-385.383605957,3.20774412155,526
1538769540624369312,1000,1538769540620119200,NED,3.63999986649,-385.383605957,1.96556663513,526
1538769540644819520,1001,1538769540642664832,NED,3.63999986649,-385.383605957,1.96556663513,526
1538769540702722144,1002,1538769540701527488,NED,3.53999996185,-372.422424316,1.71839988232,526
1538769540764847040,1003,1538769540763730624,NED,3.53999996185,-372.422424316,1.71839988232,526
1538769540799070400,1004,1538769540797684128,NED,3.44999980927,-372.422424316,0.0189324934036,526
1538769540892096352,1005,1538769540882942432,NED,3.44999980927,-372.422424316,0.0189324934036,526
1538769540952457696,1006,1538769540948926976,NED,3.38999986649,-368.066589355,-0.0641594976187,526
1538769540993906656,1007,1538769540992556192,NED,3.33999991417,-368.066589355,-0.131945714355,526
1538769541040294176,1008,1538769541039271072,NED,3.33999991417,-368.066589355,-0.131945714355,526
1538769541104188704,1009,1538769541103111264,NED,3.30999994278,-353.383239746,-2.87358307838,526
1538769541150575680,1010,1538769541145755264,NED,3.30999994278,-353.383239746,-2.87358307838,526
1538769541230789408,1011,1538769541229796384,NED,3.28999996185,-353.383239746,-2.66597056389,527
1538769541253245952,1012,1538769541252420672,NED,3.28999996185,-353.383239746,-2.66597056389,527
1538769541287076384,1013,1538769541279435520,NED,3.28999996185,-353.383239746,-2.66597056389,527
1538769541336764128,1014,1538769541335388768,NED,3.26999998093,-342.629821777,-4.02183198929,527
1538769541384955136,1015,1538769541384233408,NED,3.26999998093,-342.629821777,-4.02183198929,527
1538769541470229376,1016,1538769541469230304,NED,3.24000000954,-342.629821777,-3.64370036125,527
1538769541498500512,1017,1538769541496875808,NED,3.24000000954,-342.629821777,-3.64370036125,527
1538769541579002912,1018,1538769541574172768,NED,3.21000003815,-346.882446289,-3.27006626129,528
1538769541600610976,1019,1538769541599353664,NED,3.21000003815,-346.882446289,-3.27006626129,528
1538769541660994112,1020,1538769541658231136,NED,3.22000002861,-346.882446289,-5.07297086716,528
1538769541782123776,1021,1538769541777521568,NED,3.25,-349.087036133,-4.5073800087,528
1538769541853601664,1022,1538769541846934080,NED,3.28999996185,-349.087036133,-7.92389535904,528
1538769541892561824,1023,1538769541888694304,NED,3.28999996185,-349.087036133,-7.92389535904,528
1538769541953406592,1024,1538769541951872384,NED,3.33999991417,-343.529022217,-7.07438373566,529
1538769541971441184,1025,1538769541968897696,NED,3.33999991417,-343.529022217,-7.07438373566,529
1538769542034201728,1026,1538769542032917664,NED,3.40999984741,-343.529022217,-7.03757810593,529
1538769542084775680,1027,1538769542083299744,NED,3.40999984741,-343.529022217,-7.03757810593,529
1538769542129403136,1028,1538769542125924928,NED,3.52999997139,-348.262207031,-6.15837907791,529
1538769542161957216,1029,1538769542160667680,NED,3.52999997139,-348.262207031,-6.15837907791,529
1538769542293026560,1030,1538769542289649952,NED,3.66999983788,-348.262207031,-5.28595924377,529
1538769542350108736,1031,1538769542347296640,NED,3.82999992371,-341.510009766,-7.42575407028,530
1538769542378709856,1032,1538769542371585088,NED,3.82999992371,-341.510009766,-7.42575407028,530
1538769542412633888,1033,1538769542411201184,NED,4.00999975204,-341.510009766,-6.36065101624,530
1538769542457721952,1034,1538769542455520096,NED,4.00999975204,-341.510009766,-6.36065101624,530
1538769542499321504,1035,1538769542496895040,NED,4.21000003815,-341.028778076,-6.86735153198,530
1538769542538973824,1036,1538769542537774752,NED,4.21000003815,-341.028778076,-6.86735153198,530
1538769542595686048,1037,1538769542593565984,NED,4.21000003815,-341.028778076,-6.86735153198,530
1538769542662683392,1038,1538769542661798304,NED,4.40999984741,-341.028778076,-5.7227268219,530
1538769542794151072,1039,1538769542792082688,NED,4.61999988556,-350.160583496,-4.65338897705,530
1538769542849714560,1040,1538769542846591968,NED,4.81999969482,-350.160583496,-5.75202465057,530
1538769542883373984,1041,1538769542878470304,NED,5.03999996185,-358.316986084,-4.57549905777,530
1538769542933395264,1042,1538769542932459232,NED,5.03999996185,-358.316986084,-4.57549905777,530
1538769542980925696,1043,1538769542979532800,NED,5.03999996185,-358.316986084,-4.57549905777,530
1538769543036160000,1044,1538769543024134592,NED,5.25,-358.316986084,-5.69744682312,530
1538769543052434656,1045,1538769543051392736,NED,5.25,-358.316986084,-5.69744682312,530
1538769543114318880,1046,1538769543108383328,NED,5.46000003815,-368.718719482,-4.44103431702,530
1538769543140931040,1047,1538769543137040160,NED,5.46000003815,-368.718719482,-4.44103431702,530
1538769543188304288,1048,1538769543185247072,NED,5.46000003815,-368.718719482,-4.44103431702,530
1538769543270851360,1049,1538769543266973472,NED,5.60999965668,-368.718719482,-5.63959693909,530
1538769543332918240,1050,1538769543328811936,NED,5.71000003815,-373.78024292,-4.35369253159,530
1538769543374130016,1051,1538769543370946432,NED,5.71000003815,-373.78024292,-4.35369253159,530
1538769543461720224,1052,1538769543460226656,NED,5.77999973297,-373.78024292,-3.1387898922,530
1538769543482291936,1053,1538769543476242240,NED,5.77999973297,-373.78024292,-3.1387898922,530
1538769543554620992,1054,1538769543552912640,NED,5.7999997139,-389.694030762,-5.2545542717,529
1538769543576594016,1055,1538769543574919072,NED,5.7999997139,-389.694030762,-3.94166851044,529
1538769543651891584,1056,1538769543650578048,NED,5.7999997139,-389.694030762,-3.94166851044,529
1538769543679950464,1057,1538769543679023232,NED,5.7999997139,-389.694030762,-3.94166851044,529
1538769543786711680,1058,1538769543782474016,NED,5.77999973297,-401.00402832,-4.44596338272,528
1538769543848436032,1059,1538769543845998816,NED,5.75999975204,-401.00402832,-3.1284558773,528
1538769543902248544,1060,1538769543896279328,NED,5.75,-405.986785889,-1.8563337326,527
1538769543946706816,1061,1538769543945428864,NED,5.75,-405.986785889,-1.8563337326,527
1538769543962805024,1062,1538769543961569472,NED,5.75,-405.986785889,-1.8563337326,527
1538769544047680832,1063,1538769544045010048,NED,5.76999998093,-405.986785889,-3.11922645569,526
1538769544078506624,1064,1538769544077353792,NED,5.76999998093,-405.986785889,-3.11922645569,526
1538769544139891776,1065,1538769544138579168,NED,5.80999994278,-414.435089111,-1.7638078928,526
1538769544165052032,1066,1538769544164304864,NED,5.80999994278,-414.435089111,-1.7638078928,526
1538769544238627712,1067,1538769544234755296,NED,5.86999988556,-414.435089111,-2.19997286797,525
1538769544287360320,1068,1538769544285246208,NED,5.96999979019,-417.988006592,-0.834145069122,524
1538769544347575200,1069,1538769544344395456,NED,5.96999979019,-417.988006592,-0.834145069122,524
1538769544363701248,1070,1538769544363081760,NED,5.96999979019,-417.988006592,-0.834145069122,524
1538769544447370208,1071,1538769544445397472,NED,6.08999967575,-417.988006592,-2.23265266418,523
1538769544497867776,1072,1538769544487806144,NED,6.08999967575,-417.988006592,-2.23265266418,523
1538769544540276320,1073,1538769544538881088,NED,6.21999979019,-419.793121338,-0.809064209461,522
1538769544582392288,1074,1538769544580009408,NED,6.21999979019,-419.793121338,-0.809064209461,522
1538769544647514048,1075,1538769544644155552,NED,6.34999990463,-419.793121338,0.525880217552,521
1538769544689922080,1076,1538769544685158496,NED,6.48000001907,-405.10369873,0.031990237534,520
1538769544788685152,1077,1538769544787157312,NED,6.48000001907,-405.10369873,0.031990237534,520
1538769544870746304,1078,1538769544869159904,NED,6.59999990463,-405.10369873,1.35153102875,519
1538769544934060512,1079,1538769544929349888,NED,6.71000003815,-420.893096924,-0.153879091144,518
1538769544952895584,1080,1538769544947821792,NED,6.71000003815,-420.893096924,-0.153879091144,518
1538769545020470464,1081,1538769545019200960,NED,6.80999994278,-421.893218994,1.16560459137,517
1538769545046237344,1082,1538769545044379744,NED,6.80999994278,-421.893218994,1.16560459137,517
1538769545084368576,1083,1538769545083404128,NED,6.80999994278,-421.893218994,1.16560459137,517
1538769545149951968,1084,1538769545149166176,NED,6.86999988556,-420.009124756,2.39375972748,515
1538769545197696032,1085,1538769545193970656,NED,6.92000007629,-420.733551025,1.83071017265,514
1538769545251289120,1086,1538769545246793696,NED,6.92000007629,-420.733551025,1.83071017265,514
1538769545329945536,1087,1538769545329203808,NED,6.94999980927,-419.733428955,2.99450588226,512
1538769545391905760,1088,1538769545388585312,NED,6.94999980927,-419.733428955,2.99450588226,512
1538769545460748096,1089,1538769545456074400,NED,6.98000001907,-419.733428955,1.76712846756,511
1538769545489519328,1090,1538769545487090400,NED,6.98000001907,-419.733428955,1.76712846756,511
1538769545538232416,1091,1538769545536906240,NED,7.0,-460.523223877,2.9074203968,509
1538769545586038400,1092,1538769545585452800,NED,7.0,-460.523223877,2.9074203968,509
1538769545657210912,1093,1538769545654108512,NED,7.0,-460.523223877,3.96659755707,508
1538769545670838496,1094,1538769545670241184,NED,7.0,-460.523223877,3.96659755707,508
1538769545723752608,1095,1538769545723003872,NED,6.96999979019,-467.284790039,3.14853835106,506
1538769545762837120,1096,1538769545759993248,NED,6.96999979019,-467.284790039,3.14853835106,506
1538769545782243744,1097,1538769545781177952,NED,6.96999979019,-467.284790039,3.14853835106,506
1538769545854684672,1098,1538769545851416864,NED,6.94000005722,-467.284790039,4.15614271164,504
1538769545897136000,1099,1538769545895378656,NED,6.90999984741,-436.817169189,4.22515106201,502
1538769545971660064,1100,1538769545967511968,NED,6.90999984741,-436.817169189,4.22515106201,502
1538769545989139616,1101,1538769545988412736,NED,6.90999984741,-436.817169189,4.22515106201,502
1538769546052466432,1102,1538769546051204512,NED,6.8799996376,-436.817169189,5.13555002213,501
1538769546107082176,1103,1538769546099555520,NED,6.83999967575,-443.023864746,5.41690349579,499
1538769546165351744,1104,1538769546164747360,NED,6.83999967575,-443.023864746,5.41690349579,499
1538769546220189664,1105,1538769546219293984,NED,6.80999994278,-444.023986816,6.21046113968,497
1538769546250565824,1106,1538769546249522304,NED,6.80999994278,-444.023986816,6.21046113968,497
1538769546297980416,1107,1538769546295263264,NED,6.75999975204,-442.176330566,6.93220901489,495
1538769546388588000,1108,1538769546387776416,NED,6.75999975204,-442.176330566,6.93220901489,495
1538769546454256672,1109,1538769546452548288,NED,6.71999979019,-442.176330566,7.23428583145,493
1538769546481720928,1110,1538769546480437600,NED,6.71999979019,-442.176330566,7.23428583145,493
1538769546541274944,1111,1538769546540599584,NED,6.69000005722,-439.192565918,7.83955383301,491
1538769546631923168,1112,1538769546631144384,NED,6.65999984741,-439.192565918,8.34561061859,489
1538769546691712096,1113,1538769546690494944,NED,6.65999984741,-439.192565918,8.34561061859,489
1538769546750218080,1114,1538769546748849728,NED,6.63999986649,-430.415435791,8.83186435699,487
1538769546785769856,1115,1538769546785128320,NED,6.61999988556,-430.415435791,9.24355888367,486
1538769546889146240,1116,1538769546885632192,NED,6.61999988556,-430.415435791,9.24355888367,486
1538769546979764992,1117,1538769546978831136,NED,6.60999965668,-422.008026123,9.6203289032,484
1538769547009253664,1118,1538769547008195168,NED,6.59999990463,-421.00793457,9.92514610291,482
1538769547040789312,1119,1538769547039776480,NED,6.59999990463,-421.00793457,9.92514610291,482
1538769547088774048,1120,1538769547087900512,NED,6.59999990463,-421.00793457,9.92514610291,482
1538769547157420512,1121,1538769547156374752,NED,6.57999992371,-392.461212158,10.1710529327,480
1538769547228521120,1122,1538769547225451936,NED,6.53999996185,-392.461212158,10.3272285461,478
1538769547265516128,1123,1538769547260629152,NED,6.53999996185,-392.461212158,10.3272285461,478
1538769547309614400,1124,1538769547301758912,NED,6.53999996185,-392.461212158,10.3272285461,478
1538769547322781664,1125,1538769547321751648,NED,6.48000001907,-370.983520508,10.4138059616,476
1538769547362670208,1126,1538769547360748672,NED,6.48000001907,-370.983520508,10.4138059616,476
1538769547423185984,1127,1538769547422087840,NED,6.39999961853,-370.983520508,10.4336166382,474
1538769547443977408,1128,1538769547440552768,NED,6.39999961853,-370.983520508,10.4336166382,474
1538769547484005248,1129,1538769547483190208,NED,6.39999961853,-370.983520508,10.4336166382,474
1538769547560333184,1130,1538769547552393888,NED,6.2999997139,-351.108154297,10.3998737335,473
1538769547600447776,1131,1538769547594974272,NED,6.19000005722,-351.108154297,10.3070783615,471
1538769547637139584,1132,1538769547634989792,NED,6.19000005722,-351.108154297,10.3070783615,471
1538769547686001440,1133,1538769547684595680,NED,6.19000005722,-351.108154297,10.3070783615,471
1538769547762668608,1134,1538769547761197632,NED,6.05999994278,-330.689422607,10.1674146652,469
1538769547780721216,1135,1538769547779980384,NED,6.05999994278,-330.689422607,10.1674146652,469
1538769547876140128,1136,1538769547875306496,NED,5.90999984741,-330.689422607,9.9800157547,467
1538769547925456832,1137,1538769547922178016,NED,5.73999977112,-298.146636963,9.74835300446,466
1538769547986098688,1138,1538769547982713184,NED,5.73999977112,-298.146636963,9.74835300446,466
1538769548062093760,1139,1538769548059759328,NED,5.53999996185,-298.146636963,9.46148967743,464
1538769548088524032,1140,1538769548087689600,NED,5.53999996185,-298.146636963,9.46148967743,464
1538769548167768288,1141,1538769548166698144,NED,5.31999969482,-269.032287598,9.14403629303,462
1538769548183241216,1142,1538769548181127744,NED,5.31999969482,-269.032287598,9.14403629303,462
1538769548247950240,1143,1538769548244810272,NED,5.07999992371,-269.032287598,8.81637477875,461
1538769548301191200,1144,1538769548297823488,NED,5.07999992371,-269.032287598,8.81637477875,461
1538769548366254720,1145,1538769548364766336,NED,4.83999967575,-233.531951904,8.46370887756,459
1538769548394232000,1146,1538769548393070272,NED,4.83999967575,-233.531951904,8.46370887756,459
1538769548495068480,1147,1538769548493861280,NED,4.57999992371,-233.531951904,8.09524536133,458
1538769548550187552,1148,1538769548546782624,NED,4.32999992371,-196.318817139,7.73174095154,456
1538769548629787904,1149,1538769548628667904,NED,4.07999992371,-196.318817139,7.36996793747,455
1538769548666654368,1150,1538769548657404608,NED,4.07999992371,-196.318817139,7.36996793747,455
1538769548698098240,1151,1538769548696509344,NED,4.07999992371,-196.318817139,7.36996793747,455
1538769548748893792,1152,1538769548747885760,NED,3.83999991417,-166.935150146,7.01638412476,453
1538769548798229952,1153,1538769548792618688,NED,3.61999988556,-166.935150146,6.66963768005,452
1538769548844539168,1154,1538769548841267648,NED,3.61999988556,-166.935150146,6.66963768005,452
1538769548903222720,1155,1538769548902226592,NED,3.41999983788,-145.324890137,6.33941459656,450
1538769548948078528,1156,1538769548946929856,NED,3.41999983788,-145.324890137,6.33941459656,450
1538769548985097568,1157,1538769548982627648,NED,3.41999983788,-145.324890137,6.33941459656,450
1538769549060868320,1158,1538769549058863392,NED,3.25999999046,-145.324890137,6.00967121124,449
1538769549105274912,1159,1538769549101742496,NED,3.12999987602,-111.395263672,5.7000579834,447
1538769549157251040,1160,1538769549155444448,NED,3.12999987602,-111.395263672,5.7000579834,447
1538769549186963808,1161,1538769549186134592,NED,3.12999987602,-111.395263672,5.7000579834,447
1538769549241150944,1162,1538769549240041216,NED,3.01999998093,-111.395263672,5.38919401169,446
1538769549285312832,1163,1538769549281694624,NED,3.01999998093,-111.395263672,5.38919401169,446
1538769549342670208,1164,1538769549341413600,NED,2.92999982834,-93.8232421875,5.08068561554,444
1538769549354003648,1165,1538769549352618816,NED,2.92999982834,-93.8232421875,5.08068561554,444
1538769549444535296,1166,1538769549442714080,NED,2.84999990463,-93.8232421875,4.78870010376,443
1538769549473657408,1167,1538769549468099296,NED,2.84999990463,-93.8232421875,4.78870010376,443
1538769549505528896,1168,1538769549504067200,NED,2.77999997139,-76.9351959229,4.52566242218,441
1538769549539298688,1169,1538769549538392288,NED,2.77999997139,-76.9351959229,4.52566242218,441
1538769549602844160,1170,1538769549601920864,NED,2.71000003815,-76.9351959229,4.25255727768,440
1538769549648259680,1171,1538769549647372512,NED,2.71000003815,-76.9351959229,4.25255727768,440
1538769549682506880,1172,1538769549680214528,NED,2.71000003815,-76.9351959229,4.25255727768,440
1538769549748174944,1173,1538769549747238240,NED,2.64999985695,-60.1404190063,3.97945213318,438
1538769549786840480,1174,1538769549785962688,NED,2.64999985695,-60.1404190063,3.97945213318,438
1538769549863603488,1175,1538769549861522080,NED,2.6099998951,-60.1404190063,3.72647976875,437
1538769549951581312,1176,1538769549950750176,NED,2.6099998951,-48.1958389282,3.48617458344,435
1538769549979102304,1177,1538769549977871936,NED,2.6099998951,-48.1958389282,3.48617458344,435
1538769550032841920,1178,1538769550030491904,NED,2.63999986649,-48.1958389282,3.25718522072,434
1538769550081163904,1179,1538769550078020864,NED,2.63999986649,-48.1958389282,3.25718522072,434
1538769550124015392,1180,1538769550122751520,NED,2.72000002861,-35.643196106,3.05863952637,433
1538769550180760384,1181,1538769550178040512,NED,2.72000002861,-35.643196106,3.05863952637,433
1538769550224601312,1182,1538769550221097088,NED,2.80999994278,-35.643196106,2.88470649719,431
1538769550274427776,1183,1538769550271209664,NED,2.80999994278,-35.643196106,2.88470649719,431
1538769550322564640,1184,1538769550320641920,NED,2.92999982834,-39.5942687988,2.71848106384,430
1538769550396345312,1185,1538769550393615584,NED,2.92999982834,-39.5942687988,2.71848106384,430
1538769550483240896,1186,1538769550481722080,NED,3.05999994278,-39.5942687988,2.56617689133,428
1538769550542803840,1187,1538769550540511808,NED,3.21000003815,-36.1154556274,2.41512084007,427
1538769550582317856,1188,1538769550578419232,NED,3.21000003815,-36.1154556274,2.41512084007,427
1538769550632001280,1189,1538769550631032928,NED,3.3599998951,-36.1154556274,2.28121495247,425
1538769550662685152,1190,1538769550659415328,NED,3.3599998951,-36.1154556274,2.28121495247,425
1538769550721349248,1191,1538769550719913952,NED,3.50999999046,-36.8953704834,2.16123056412,424
1538769550762522176,1192,1538769550760637728,NED,3.50999999046,-36.8953704834,2.16123056412,424
1538769550846525920,1193,1538769550845318400,NED,3.64999985695,-36.8953704834,2.0620007515,422
1538769550868917760,1194,1538769550867379904,NED,3.64999985695,-36.8953704834,2.0620007515,422
1538769550941093856,1195,1538769550940337024,NED,3.75999999046,-47.9560852051,1.9743335247,421
1538769550960106784,1196,1538769550957497856,NED,3.75999999046,-47.9560852051,1.9743335247,421
1538769551029608160,1197,1538769551026730208,NED,3.8599998951,-47.9560852051,1.89192211628,419
1538769551047621056,1198,1538769551044628384,NED,3.8599998951,-47.9560852051,1.89192211628,419
1538769551087783424,1199,1538769551083785600,NED,3.8599998951,-47.9560852051,1.89192211628,419
1538769551164121728,1200,1538769551161741120,NED,3.92999982834,-48.8590240479,1.82761633396,418
1538769551194019936,1201,1538769551188594720,NED,4.00999975204,-48.8590240479,1.78743994236,416
1538769551267938752,1202,1538769551266329568,NED,4.00999975204,-48.8590240479,1.78743994236,416
1538769551297280032,1203,1538769551295390752,NED,4.06999969482,-62.6579284668,1.75049483776,414
1538769551372905824,1204,1538769551371619616,NED,4.06999969482,-62.6579284668,1.75049483776,414
1538769551427921728,1205,1538769551427209248,NED,4.11999988556,-62.6579284668,1.7343057394,413
1538769551455542848,1206,1538769551454813088,NED,4.11999988556,-62.6579284668,1.7343057394,413
1538769551485517824,1207,1538769551484539360,NED,4.11999988556,-62.6579284668,1.7343057394,413
1538769551540538624,1208,1538769551537044960,NED,4.19000005722,-68.0397033691,1.72968125343,411
1538769551587831648,1209,1538769551586705408,NED,4.19000005722,-68.0397033691,1.72968125343,411
1538769551629386688,1210,1538769551627882560,NED,4.26999998093,-68.0397033691,1.7484139204,410
1538769551696752512,1211,1538769551685570112,NED,4.26999998093,-68.0397033691,1.7484139204,410
1538769551721684192,1212,1538769551720414944,NED,4.36999988556,-64.0247344971,1.78617405891,408
1538769551770202624,1213,1538769551769460736,NED,4.36999988556,-64.0247344971,1.78617405891,408
1538769551815095520,1214,1538769551813774272,NED,4.46000003815,-64.0247344971,1.84666848183,407
1538769551867929792,1215,1538769551866828320,NED,4.46000003815,-64.0247344971,1.84666848183,407
1538769551886075520,1216,1538769551882865184,NED,4.46000003815,-64.0247344971,1.84666848183,407
1538769551925934016,1217,1538769551924422176,NED,4.56999969482,-79.8946380615,1.91958296299,405
1538769551996278336,1218,1538769551994998208,NED,4.56999969482,-79.8946380615,1.91958296299,405
1538769552012652160,1219,1538769552010211680,NED,4.65999984741,-79.8946380615,1.99399697781,404
1538769552040409568,1220,1538769552039087072,NED,4.65999984741,-79.8946380615,1.99399697781,404
1538769552088040064,1221,1538769552086766144,NED,4.71999979019,-82.0003509521,2.06903839111,402
1538769552139148832,1222,1538769552138246624,NED,4.71999979019,-82.0003509521,2.06903839111,402
1538769552188890752,1223,1538769552187426272,NED,4.71999979019,-82.0003509521,2.06903839111,402
1538769552250025536,1224,1538769552244602816,NED,4.75,-82.0003509521,2.16633200645,400
1538769552277856704,1225,1538769552276420832,NED,4.75,-82.0003509521,2.16633200645,400
1538769552324817184,1226,1538769552321020672,NED,4.76999998093,-89.3962860107,2.25562000275,399
1538769552365349344,1227,1538769552364182080,NED,4.76999998093,-89.3962860107,2.25562000275,399
1538769552415277440,1228,1538769552413094816,NED,4.77999973297,-89.3962860107,2.36237168312,397
1538769552437342208,1229,1538769552435383808,NED,4.77999973297,-89.3962860107,2.36237168312,397
1538769552481475456,1230,1538769552480367200,NED,4.77999973297,-89.3962860107,2.36237168312,397
1538769552558902688,1231,1538769552551870784,NED,4.78999996185,-92.237663269,2.45968413353,396
1538769552596371680,1232,1538769552593879584,NED,4.78999996185,-92.237663269,2.58204817772,394
1538769552665824096,1233,1538769552664956928,NED,4.78999996185,-92.237663269,2.58204817772,394
1538769552695061632,1234,1538769552693451488,NED,4.77999973297,-96.7729568481,2.69327998161,393
1538769552748719904,1235,1538769552746086784,NED,4.77999973297,-96.7729568481,2.69327998161,393
1538769552800510720,1236,1538769552799396096,NED,4.77999973297,-96.7729568481,2.69327998161,393
1538769552846211424,1237,1538769552845328128,NED,4.76999998093,-96.7729568481,2.8106880188,391
1538769552865744192,1238,1538769552864457088,NED,4.76999998093,-96.7729568481,2.8106880188,391
1538769552947075968,1239,1538769552942863424,NED,4.76999998093,-99.2275238037,2.91743946075,389
1538769552982675712,1240,1538769552981550016,NED,4.77999973297,-99.2275238037,3.04489302635,388
1538769553021418880,1241,1538769553020469728,NED,4.77999973297,-99.2275238037,3.04489302635,388
1538769553078722560,1242,1538769553077710560,NED,4.77999973297,-99.2275238037,3.04489302635,388
1538769553131100928,1243,1538769553127690208,NED,4.81999969482,-98.1937408447,3.14716529846,386
1538769553151510336,1244,1538769553149230816,NED,4.81999969482,-98.1937408447,3.14716529846,386
1538769553241402720,1245,1538769553237523360,NED,4.86999988556,-98.1937408447,3.23673057556,385
1538769553305956480,1246,1538769553304973600,NED,4.94999980927,-94.0536499023,3.3111641407,383
1538769553349287104,1247,1538769553347464576,NED,4.94999980927,-94.0536499023,3.3111641407,383
1538769553365514464,1248,1538769553363088576,NED,4.94999980927,-94.0536499023,3.3111641407,383
1538769553446493824,1249,1538769553445365824,NED,5.03999996185,-94.0536499023,3.38559603691,382
1538769553473152960,1250,1538769553471948384,NED,5.03999996185,-94.0536499023,3.38559603691,382
1538769553547043776,1251,1538769553546329056,NED,5.13999986649,-89.0069961548,3.42504739761,380
1538769553581643744,1252,1538769553579328352,NED,5.13999986649,-89.0069961548,3.42504739761,380
1538769553626225408,1253,1538769553624063360,NED,5.23000001907,-89.0069961548,3.46716141701,379
1538769553675275776,1254,1538769553671131168,NED,5.23000001907,-89.0069961548,3.46716141701,379
1538769553733704704,1255,1538769553726130272,NED,5.2999997139,-38.6680603027,3.48760533333,377
1538769553770534784,1256,1538769553769600224,NED,5.2999997139,-38.6680603027,3.48760533333,377
1538769553867545984,1257,1538769553865670176,NED,5.34999990463,-38.6680603027,3.50635766983,375
1538769553947748192,1258,1538769553943781216,NED,5.40000009537,-40.3648376465,3.52062988281,374
1538769553963581920,1259,1538769553962723744,NED,5.40000009537,-40.3648376465,3.52062988281,374
1538769554041200672,1260,1538769554038458144,NED,5.44999980927,-40.3648376465,3.52728414536,372
1538769554083717696,1261,1538769554082242368,NED,5.44999980927,-40.3648376465,3.52728414536,372
1538769554149581888,1262,1538769554148116704,NED,5.51999998093,-38.335609436,3.53211688995,371
1538769554177542400,1263,1538769554175536768,NED,5.51999998093,-38.335609436,3.53211688995,371
1538769554217139360,1264,1538769554213284384,NED,5.59999990463,-38.335609436,3.55704331398,369
1538769554250510912,1265,1538769554245952128,NED,5.59999990463,-38.335609436,3.55704331398,369
1538769554312246432,1266,1538769554307841088,NED,5.59999990463,-38.335609436,3.55704331398,369
1538769554337091200,1267,1538769554334019744,NED,5.67000007629,-38.0867004395,3.55243659019,368
1538769554379480032,1268,1538769554378427552,NED,5.67000007629,-38.0867004395,3.55243659019,368
1538769554442316640,1269,1538769554441585920,NED,5.75,-38.0867004395,3.54782891273,366
1538769554506247328,1270,1538769554505082688,NED,5.84999990463,-38.7475967407,3.52216219902,365
1538769554570002112,1271,1538769554567759584,NED,5.84999990463,-38.7475967407,3.52216219902,365
1538769554647527392,1272,1538769554646129280,NED,5.96999979019,-38.7475967407,3.48971438408,363
1538769554661414848,1273,1538769554659833088,NED,5.96999979019,-38.7475967407,3.48971438408,363
1538769554721256512,1274,1538769554719457952,NED,6.09999990463,-39.7607803345,3.45447993279,362
1538769554739802400,1275,1538769554737770848,NED,6.09999990463,-39.7607803345,3.45447993279,362
1538769554782097184,1276,1538769554781171296,NED,6.09999990463,-39.7607803345,3.45447993279,362
1538769554844701536,1277,1538769554841866528,NED,6.23999977112,-39.7607803345,3.40315294266,360
1538769554899648864,1278,1538769554898509920,NED,6.36999988556,-40.5197143555,3.34795188904,359
1538769554945498528,1279,1538769554936937248,NED,6.36999988556,-40.5197143555,3.34795188904,359
1538769554985724768,1280,1538769554984418528,NED,6.36999988556,-40.5197143555,3.34795188904,359
1538769555132047232,1281,1538769555122444064,NED,6.57999992371,-49.8258590698,3.26817893982,355
1538769555228677632,1282,1538769555227166752,NED,6.65999984741,-49.8258590698,3.22811198235,354
1538769555246863008,1283,1538769555245064992,NED,6.65999984741,-49.8258590698,3.22811198235,354
1538769555290339648,1284,1538769555283739840,NED,6.65999984741,-49.8258590698,3.22811198235,354
1538769555341621376,1285,1538769555338824640,NED,6.73000001907,-53.2354354858,3.19966578484,352
1538769555372826944,1286,1538769555367922624,NED,6.73000001907,-53.2354354858,3.19966578484,352
1538769555450061792,1287,1538769555449193664,NED,6.80999994278,-53.2354354858,3.17739319801,351
1538769555520900608,1288,1538769555510784864,NED,6.8799996376,-66.358757019,3.14894723892,349
1538769555545741280,1289,1538769555544800384,NED,6.8799996376,-66.358757019,3.14894723892,349
1538769555622770752,1290,1538769555616662592,NED,6.94000005722,-66.358757019,3.1160197258,348
1538769555648826016,1291,1538769555645218304,NED,6.94000005722,-66.358757019,3.1160197258,348
1538769555706432352,1292,1538769555704380992,NED,6.98999977112,-57.1249008179,3.0665140152,346
1538769555746721120,1293,1538769555743313728,NED,6.98999977112,-57.1249008179,3.0665140152,346
1538769555790176640,1294,1538769555786904128,NED,6.98999977112,-57.1249008179,3.0665140152,346
1538769555868639392,1295,1538769555866457856,NED,7.02999973297,-57.1249008179,3.03358650208,345
1538769555897229056,1296,1538769555895762304,NED,7.0499997139,-57.9563140869,3.01131129265,343
1538769555951629184,1297,1538769555945415904,NED,7.0499997139,-57.9563140869,3.01131129265,343
1538769555986998784,1298,1538769555984192224,NED,7.0499997139,-57.9563140869,3.01131129265,343
1538769556055514368,1299,1538769556053713056,NED,7.06999969482,-57.9563140869,2.98734545708,341
1538769556104395744,1300,1538769556100473120,NED,7.06999969482,-52.0002365112,2.97825813293,340
1538769556123862400,1301,1538769556122801536,NED,7.06999969482,-52.0002365112,2.97825813293,340
1538769556206324672,1302,1538769556205311104,NED,7.05999994278,-52.0002365112,2.97547221184,338
1538769556267040928,1303,1538769556265753696,NED,7.05999994278,-52.0002365112,2.97547221184,338
1538769556302623552,1304,1538769556294920864,NED,7.05999994278,-52.0002365112,2.97547221184,338
1538769556372528416,1305,1538769556371266720,NED,7.03999996185,-47.5553512573,2.98478484154,337
1538769556385546752,1306,1538769556384674144,NED,7.03999996185,-47.5553512573,2.98478484154,337
1538769556448987872,1307,1538769556445499168,NED,7.00999975204,-47.5553512573,2.99083209038,335
1538769556478804160,1308,1538769556477945696,NED,7.00999975204,-47.5553512573,2.99083209038,335
1538769556543599328,1309,1538769556542930336,NED,6.96000003815,-33.8502883911,3.0051035881,334
1538769556581994208,1310,1538769556578695264,NED,6.96000003815,-33.8502883911,3.0051035881,334
1538769556654198336,1311,1538769556652398624,NED,6.89999961853,-33.8502883911,3.01489543915,332
1538769556692306912,1312,1538769556691150784,NED,6.89999961853,-33.8502883911,3.01489543915,332
1538769556735039328,1313,1538769556734173984,NED,6.81999969482,-25.2431869507,3.00858569145,331
1538769556791331520,1314,1538769556790724704,NED,6.81999969482,-25.2431869507,3.00858569145,331
1538769556850987392,1315,1538769556847859456,NED,6.73000001907,-25.2431869507,3.00941967964,329
1538769556858881312,1316,1538769556857204320,NED,6.73000001907,-25.2431869507,3.00941967964,329
1538769556971617120,1317,1538769556970847904,NED,6.59999990463,56.9634437561,2.99306535721,328
1538769557025487008,1318,1538769557022662400,NED,6.46000003815,66.1603927612,2.98989582062,326
1538769557093348480,1319,1538769557091606720,NED,6.46000003815,66.1603927612,2.98989582062,326
1538769557121166432,1320,1538769557119662272,NED,6.30999994278,66.1603927612,2.99690127373,325
1538769557163533568,1321,1538769557162693280,NED,6.30999994278,66.1603927612,2.99690127373,325
1538769557217227328,1322,1538769557215483712,NED,6.15000009537,66.1603927612,2.99869132042,323
1538769557243748544,1323,1538769557240354176,NED,6.15000009537,66.1603927612,2.99869132042,323
1538769557285496896,1324,1538769557282421632,NED,6.15000009537,66.1603927612,2.99869132042,323
1538769557340366880,1325,1538769557339208224,NED,6.0,80.4103851318,3.00944423676,322
1538769557392035776,1326,1538769557391166944,NED,6.0,80.4103851318,3.00944423676,322
1538769557451762336,1327,1538769557448425952,NED,5.84999990463,80.4103851318,3.021889925,320
1538769557491580800,1328,1538769557489262656,NED,5.84999990463,80.4103851318,3.021889925,320
1538769557537967872,1329,1538769557535686432,NED,5.71999979019,97.4346160889,3.03312039375,319
1538769557578315008,1330,1538769557577705824,NED,5.71999979019,97.4346160889,3.03312039375,319
1538769557656319136,1331,1538769557653073952,NED,5.58999967575,97.4346160889,3.06057167053,317
1538769557744988864,1332,1538769557742772480,NED,5.46999979019,109.71421814,3.07676172256,316
1538769557775919776,1333,1538769557773591104,NED,5.46999979019,109.71421814,3.07676172256,316
1538769557889665152,1334,1538769557888970336,NED,5.34999990463,109.71421814,3.08968710899,314
1538769557921710112,1335,1538769557920814112,NED,5.23999977112,117.045501709,3.10139775276,313
1538769557958020608,1336,1538769557957480512,NED,5.23999977112,117.045501709,3.10139775276,313
1538769558039968192,1337,1538769558034903744,NED,5.11999988556,117.045501709,3.10862898827,312
1538769558094105632,1338,1538769558090399328,NED,5.11999988556,117.045501709,3.10862898827,312
1538769558107715456,1339,1538769558106729472,NED,5.02999973297,127.324485779,3.10871815681,310
1538769558167529984,1340,1538769558167053120,NED,5.02999973297,127.324485779,3.10871815681,310
1538769558202044064,1341,1538769558201344768,NED,4.96000003815,127.324485779,3.1209089756,309
1538769558239607680,1342,1538769558238196288,NED,4.96000003815,127.324485779,3.1209089756,309
1538769558285695136,1343,1538769558284625664,NED,4.96000003815,127.324485779,3.1209089756,309
1538769558336513056,1344,1538769558335021216,NED,4.90999984741,127.385902405,3.13370394707,307
1538769558382619808,1345,1538769558381981984,NED,4.88000011444,127.385902405,3.14093494415,306
1538769558452571232,1346,1538769558449582176,NED,4.88000011444,127.385902405,3.14093494415,306
1538769558491558720,1347,1538769558490557088,NED,4.88000011444,127.385902405,3.14093494415,306
1538769558550116576,1348,1538769558547416480,NED,4.84999990463,142.674163818,3.13472509384,305
1538769558560663392,1349,1538769558559595648,NED,4.84999990463,142.674163818,3.13472509384,305
1538769558648489440,1350,1538769558647399648,NED,4.82999992371,142.674163818,3.11580944061,303
1538769558693404576,1351,1538769558692108256,NED,4.82999992371,142.674163818,3.11580944061,303
1538769558724862976,1352,1538769558724050336,NED,4.82999992371,230.058578491,3.0907189846,302
1538769558780520480,1353,1538769558777464416,NED,4.83999967575,230.058578491,3.07180285454,300
1538769558834822880,1354,1538769558833589696,NED,4.83999967575,230.058578491,3.07180285454,300
1538769558865103072,1355,1538769558861553216,NED,4.83999967575,230.058578491,3.07180285454,300
1538769558940635840,1356,1538769558937486176,NED,4.84999990463,223.762893677,3.04671311378,299
1538769558984475136,1357,1538769558983496224,NED,4.84999990463,223.762893677,3.04671311378,299
1538769559040918144,1358,1538769559035909952,NED,4.86999988556,223.762893677,3.01944375038,297
1538769559090373792,1359,1538769559089142592,NED,4.86999988556,223.762893677,3.01944375038,297
1538769559122701088,1360,1538769559121223680,NED,4.90999984741,212.031082153,2.98939347267,296
1538769559146868608,1361,1538769559136748608,NED,4.90999984741,212.031082153,2.98939347267,296
1538769559231575360,1362,1538769559230435104,NED,4.94999980927,212.031082153,2.95486474037,295
1538769559250158336,1363,1538769559246143520,NED,4.94999980927,212.031082153,2.95486474037,295
1538769559287830496,1364,1538769559286138720,NED,4.94999980927,212.031082153,2.95486474037,295
1538769559340643872,1365,1538769559340068352,NED,5.00999975204,219.618896484,2.93098950386,293
1538769559409022432,1366,1538769559408433184,NED,5.07999992371,219.618896484,2.90093827248,292
1538769559491218016,1367,1538769559490437088,NED,5.07999992371,219.618896484,2.90093827248,292
1538769559507307616,1368,1538769559505272512,NED,5.15000009537,217.771728516,2.867623806,290
1538769559544458368,1369,1538769559537806016,NED,5.15000009537,217.771728516,2.867623806,290
1538769559591030496,1370,1538769559590145536,NED,5.15000009537,217.771728516,2.867623806,290
1538769559647819936,1371,1538769559646694368,NED,5.21999979019,217.771728516,2.83261442184,289
1538769559658600064,1372,1538769559657744832,NED,5.21999979019,217.771728516,2.83261442184,289
1538769559747187552,1373,1538769559742790176,NED,5.27999973297,202.938079834,2.78598642349,288
1538769559766792064,1374,1538769559766165600,NED,5.27999973297,202.938079834,2.78598642349,288
1538769559831984128,1375,1538769559830298848,NED,5.34999990463,202.938079834,2.75097703934,286
1538769559861926496,1376,1538769559861132992,NED,5.34999990463,202.938079834,2.75097703934,286
1538769559891439264,1377,1538769559890783264,NED,5.34999990463,202.938079834,2.75097703934,286
1538769559945376096,1378,1538769559938977216,NED,5.42000007629,206.599716187,2.71209311485,285
1538769560052276256,1379,1538769560048066816,NED,5.48999977112,206.599716187,2.69100451469,283
1538769560078431808,1380,1538769560077526144,NED,5.48999977112,206.599716187,2.69100451469,283
1538769560127846080,1381,1538769560125795584,NED,5.56999969482,195.032501221,2.66943526268,282
1538769560168285056,1382,1538769560165752640,NED,5.56999969482,195.032501221,2.66943526268,282
1538769560266022528,1383,1538769560264776128,NED,5.65000009537,195.032501221,2.65900015831,280
1538769560332640000,1384,1538769560331723840,NED,5.73000001907,193.820007324,2.66031217575,279
1538769560370436736,1385,1538769560369068480,NED,5.73000001907,193.820007324,2.66031217575,279
1538769560424921536,1386,1538769560424360352,NED,5.7999997139,193.820007324,2.66379523277,277
1538769560493705632,1387,1538769560491713440,NED,5.7999997139,193.820007324,2.66379523277,277
1538769560537204128,1388,1538769560533325824,NED,5.85999965668,278.200622559,2.67950534821,276
1538769560583306688,1389,1538769560580549056,NED,5.85999965668,278.200622559,2.67950534821,276
1538769560640497632,1390,1538769560638312128,NED,5.90999984741,278.200622559,2.69643306732,274
1538769560690905536,1391,1538769560690035488,NED,5.90999984741,278.200622559,2.69643306732,274
1538769560715675488,1392,1538769560714256160,NED,5.94999980927,266.348754883,2.71662425995,273
1538769560772954560,1393,1538769560771867232,NED,5.94999980927,266.348754883,2.71662425995,273
1538769560783849600,1394,1538769560782975392,NED,5.94999980927,266.348754883,2.71662425995,273
1538769560850574240,1395,1538769560846295040,NED,6.0,266.348754883,2.74625587463,272
1538769560888109952,1396,1538769560885562112,NED,6.0,266.348754883,2.74625587463,272
1538769560931185952,1397,1538769560930313184,NED,6.03999996185,261.190795898,2.77770590782,270
1538769560970708096,1398,1538769560968396384,NED,6.03999996185,261.190795898,2.77770590782,270
1538769561029197728,1399,1538769561028333888,NED,6.07999992371,261.190795898,2.80237746239,269
1538769561054615904,1400,1538769561044141056,NED,6.07999992371,261.190795898,2.80237746239,269
1538769561101201184,1401,1538769561100400864,NED,6.11999988556,251.721572876,2.83322143555,267
1538769561137178240,1402,1538769561135546976,NED,6.11999988556,251.721572876,2.83322143555,267
1538769561175154816,1403,1538769561174080416,NED,6.11999988556,251.721572876,2.83322143555,267
1538769561270871872,1404,1538769561269689824,NED,6.17000007629,251.721572876,2.85389304161,266
1538769561285740160,1405,1538769561284746624,NED,6.17000007629,251.721572876,2.85389304161,266
1538769561337145856,1406,1538769561334724064,NED,6.21000003815,249.786193848,2.89478421211,264
1538769561407535136,1407,1538769561406588224,NED,6.25,249.786193848,2.933375597,263
1538769561452291712,1408,1538769561449442208,NED,6.25,249.786193848,2.933375597,263
1538769561482601216,1409,1538769561481700832,NED,6.26999998093,247.141647339,2.96748614311,261
1538769561532842880,1410,1538769561532228480,NED,6.26999998093,247.141647339,2.96748614311,261
1538769561581930272,1411,1538769561580782080,NED,6.26999998093,247.141647339,2.96748614311,261
1538769561643804832,1412,1538769561642774784,NED,6.27999973297,247.141647339,2.99820446968,260
1538769561683377632,1413,1538769561682154720,NED,6.28999996185,248.122589111,3.03679656982,258
1538769561779015680,1414,1538769561778280544,NED,6.28999996185,248.122589111,3.03679656982,258
1538769561847649536,1415,1538769561842754688,NED,6.28999996185,248.122589111,3.08156013489,257
1538769561901684960,1416,1538769561900808000,NED,6.28999996185,247.630783081,3.12015223503,255
1538769561937551168,1417,1538769561932841152,NED,6.28999996185,247.630783081,3.12015223503,255
1538769562017996928,1418,1538769562016715264,NED,6.27999973297,247.630783081,3.15874409676,254
1538769562057324672,1419,1538769562055401504,NED,6.27999973297,247.630783081,3.15874409676,254
1538769562094582656,1420,1538769562091466016,NED,6.26999998093,299.65246582,3.17179751396,253
1538769562142099360,1421,1538769562138208384,NED,6.26999998093,299.65246582,3.17179751396,253
1538769562176697696,1422,1538769562175058368,NED,6.26999998093,299.65246582,3.17179751396,253
1538769562249673536,1423,1538769562246231616,NED,6.25,299.65246582,3.19246792793,251
1538769562287079328,1424,1538769562285596064,NED,6.25,299.65246582,3.19246792793,251
1538769562345481568,1425,1538769562344774560,NED,6.21999979019,303.881347656,3.19547176361,250
1538769562393916608,1426,1538769562392998080,NED,6.21999979019,303.881347656,3.19547176361,250
1538769562446789920,1427,1538769562444011616,NED,6.19999980927,303.881347656,3.21118235588,248
1538769562486906400,1428,1538769562485109216,NED,6.19999980927,303.881347656,3.21118235588,248
1538769562535184384,1429,1538769562533024576,NED,6.19000005722,307.076843262,3.22689318657,247
1538769562572837920,1430,1538769562572378144,NED,6.19000005722,307.076843262,3.22689318657,247
1538769562671251808,1431,1538769562670618240,NED,6.19000005722,307.076843262,3.23994493484,245
1538769562699422336,1432,1538769562697664544,NED,6.19999980927,307.046508789,3.24621510506,244
1538769562788203008,1433,1538769562787693920,NED,6.19999980927,307.046508789,3.24621510506,244
1538769562851149888,1434,1538769562847778688,NED,6.21999979019,307.046508789,3.25418281555,242
1538769562890161952,1435,1538769562887386720,NED,6.23999977112,325.966369629,3.27933263779,241
1538769562976562976,1436,1538769562974166816,NED,6.23999977112,325.966369629,3.27933263779,241
1538769562988433856,1437,1538769562986715360,NED,6.25999975204,325.966369629,3.29504323006,240
1538769563063912800,1438,1538769563061082208,NED,6.25999975204,325.966369629,3.29504323006,240
1538769563079741088,1439,1538769563078715072,NED,6.25999975204,325.966369629,3.29504323006,240
1538769563135638624,1440,1538769563132883264,NED,6.26999998093,317.967407227,3.30748844147,238
1538769563217687872,1441,1538769563213910080,NED,6.26999998093,317.967407227,3.31871962547,237
1538769563273743840,1442,1538769563272106272,NED,6.26999998093,319.061462402,3.33225107193,235
1538769563390399456,1443,1538769563389223104,NED,6.26999998093,319.061462402,3.33225107193,235
1538769563452113856,1444,1538769563450902944,NED,6.26999998093,319.061462402,3.33404183388,234
1538769563478583200,1445,1538769563475263136,NED,6.26999998093,319.061462402,3.33404183388,234
1538769563549917952,1446,1538769563548949440,NED,6.26999998093,395.438568115,3.34527277946,232
1538769563579901952,1447,1538769563578995904,NED,6.26999998093,395.438568115,3.34527277946,232
1538769563649348192,1448,1538769563646121472,NED,6.25999975204,395.438568115,3.35323596001,231
1538769563682444992,1449,1538769563679206752,NED,6.25999975204,395.438568115,3.35323596001,231
1538769563742055520,1450,1538769563740867520,NED,6.25999975204,443.550201416,3.3550286293,229
1538769563815697568,1451,1538769563814334688,NED,6.25999975204,443.550201416,3.37691235542,228
1538769563855692096,1452,1538769563853960192,NED,6.25999975204,443.550201416,3.37691235542,228
1538769563898420800,1453,1538769563894411968,NED,6.25999975204,458.281799316,3.37870311737,227
1538769563941444192,1454,1538769563938010048,NED,6.25999975204,458.281799316,3.37870311737,227
1538769563988083552,1455,1538769563985879488,NED,6.25999975204,458.281799316,3.37870311737,227
1538769564053054816,1456,1538769564051766272,NED,6.25999975204,458.281799316,3.39889478683,225
1538769564073062752,1457,1538769564067870400,NED,6.25999975204,458.281799316,3.39889478683,225
1538769564145658560,1458,1538769564144576320,NED,6.25999975204,453.741088867,3.40346670151,224
1538769564175102272,1459,1538769564172781760,NED,6.25999975204,453.741088867,3.40346670151,224
1538769564225236192,1460,1538769564222576608,NED,6.25999975204,453.741088867,3.42413687706,222
1538769564254090976,1461,1538769564252632640,NED,6.25999975204,453.741088867,3.42413687706,222
1538769564294078144,1462,1538769564290282464,NED,6.25999975204,453.741088867,3.42413687706,222
1538769564384230912,1463,1538769564380697024,NED,6.25999975204,454.670898438,3.45098090172,221
1538769564402571808,1464,1538769564401486144,NED,6.25999975204,454.670898438,3.45098090172,221
1538769564455053280,1465,1538769564453099584,NED,6.25999975204,454.670898438,3.47613286972,219
1538769564487964224,1466,1538769564484715392,NED,6.26999998093,454.715240479,3.49614143372,218
1538769564554670368,1467,1538769564553019456,NED,6.26999998093,454.715240479,3.49614143372,218
1538769564586661760,1468,1538769564583402912,NED,6.26999998093,454.715240479,3.49614143372,218
1538769564666278080,1469,1538769564661091360,NED,6.27999973297,454.715240479,3.52118420601,217
1538769564703656896,1470,1538769564701780512,NED,6.2999997139,456.354797363,3.5532450676,215
1538769564745525728,1471,1538769564744002944,NED,6.2999997139,456.354797363,3.5532450676,215
1538769564787472384,1472,1538769564782489440,NED,6.2999997139,456.354797363,3.5532450676,215
1538769564872319136,1473,1538769564871308896,NED,6.31999969482,456.354797363,3.57767653465,214
1538769564891329376,1474,1538769564890270176,NED,6.31999969482,456.354797363,3.57767653465,214
1538769564970480992,1475,1538769564968464192,NED,6.33999967575,459.961883545,3.60210561752,212
1538769564992350656,1476,1538769564991603872,NED,6.33999967575,459.961883545,3.60210561752,212
1538769565059500224,1477,1538769565053837536,NED,6.35999965668,459.961883545,3.69846343994,211
1538769565080001280,1478,1538769565070059296,NED,6.35999965668,459.961883545,3.69846343994,211
1538769565125705120,1479,1538769565124895584,NED,6.36999988556,449.394989014,3.71822166443,209
1538769565175023008,1480,1538769565170167424,NED,6.36999988556,449.394989014,3.71822166443,209
1538769565238572384,1481,1538769565235331200,NED,6.3799996376,449.394989014,3.9326004982,208
1538769565298494176,1482,1538769565289775680,NED,6.3799996376,513.027770996,3.92609477043,207
1538769565378573216,1483,1538769565376112512,NED,6.3799996376,513.027770996,3.92609477043,207
1538769565448252544,1484,1538769565445032800,NED,6.3799996376,513.027770996,3.91519379616,205
1538769565459797312,1485,1538769565458604256,NED,6.3799996376,513.027770996,3.91519379616,205
1538769565528402944,1486,1538769565525516448,NED,6.3799996376,515.157775879,3.90429282188,204
1538769565612829440,1487,1538769565612023104,NED,6.36999988556,515.157775879,4.48129320145,202
1538769565640683200,1488,1538769565639321760,NED,6.36999988556,515.157775879,4.48129320145,202
1538769565676938880,1489,1538769565675388768,NED,6.36999988556,515.157775879,4.48129320145,202
1538769565732459136,1490,1538769565731462784,NED,6.34999990463,518.783935547,4.4164018631,201
1538769565792304256,1491,1538769565791144608,NED,6.34999990463,518.783935547,4.4164018631,201
1538769565889498112,1492,1538769565887575936,NED,6.31999969482,518.783935547,5.04700374603,200
1538769565972738176,1493,1538769565968066400,NED,6.27999973297,523.513244629,4.94127368927,198
1538769566086472416,1494,1538769566080635200,NED,6.23999977112,523.513244629,6.3864364624,197
1538769566127137088,1495,1538769566123758176,NED,6.19000005722,527.595336914,6.20002174377,195
1538769566169976096,1496,1538769566168407232,NED,6.19000005722,527.595336914,6.20002174377,195
1538769566229030784,1497,1538769566226728448,NED,6.15000009537,527.595336914,6.02375507355,194
1538769566265248320,1498,1538769566263486144,NED,6.15000009537,527.595336914,6.02375507355,194
1538769566320857824,1499,1538769566319599200,NED,6.1299996376,535.00958252,7.13597011566,193
1538769566402690368,1500,1538769566384909024,NED,6.1299996376,535.00958252,7.13597011566,193
1538769566461735552,1501,1538769566460935328,NED,6.10999965668,535.00958252,6.87731742859,191
1538769566522388768,1502,1538769566520389952,NED,6.09999990463,536.718261719,8.08720588684,190
1538769566566889600,1503,1538769566563537952,NED,6.09999990463,536.718261719,8.08720588684,190
1538769566644634656,1504,1538769566641750560,NED,6.09999990463,536.718261719,7.74840831757,189
1538769566663156224,1505,1538769566661846656,NED,6.09999990463,536.718261719,7.74840831757,189
1538769566705244096,1506,1538769566703178368,NED,6.10999965668,591.512512207,9.84915924072,187
1538769566740410272,1507,1538769566739095840,NED,6.10999965668,591.512512207,9.84915924072,187
1538769566791781216,1508,1538769566787757152,NED,6.10999965668,591.512512207,9.84915924072,187
1538769566847920928,1509,1538769566846876608,NED,6.11999988556,591.512512207,9.37497520447,186
1538769566936163072,1510,1538769566933701312,NED,6.13999986649,588.830932617,8.91335391998,184
1538769566986845952,1511,1538769566984688800,NED,6.15000009537,588.830932617,9.21220874786,183
1538769567074844896,1512,1538769567073102400,NED,6.15000009537,588.830932617,9.21220874786,183
1538769567108177056,1513,1538769567107138304,NED,6.15000009537,588.830932617,9.21220874786,183
1538769567172044704,1514,1538769567167840384,NED,6.15999984741,585.77166748,8.73858737946,182
1538769567224131552,1515,1538769567223269728,NED,6.17000007629,585.77166748,11.3618478775,180
1538769567289734368,1516,1538769567288407584,NED,6.17000007629,585.77166748,11.3618478775,180
1538769567322023968,1517,1538769567321101152,NED,6.17999982834,577.277648926,10.7412080765,179
1538769567391049536,1518,1538769567386761248,NED,6.17999982834,577.277648926,10.7412080765,179
1538769567463842272,1519,1538769567461369216,NED,6.19000005722,577.277648926,10.9123392105,177
1538769567499110112,1520,1538769567497004448,NED,6.19999980927,569.485107422,10.2886772156,176
1538769567542539424,1521,1538769567540481312,NED,6.19999980927,569.485107422,10.2886772156,176
1538769567592456864,1522,1538769567591666752,NED,6.19999980927,569.485107422,9.67586421967,174
1538769567652256480,1523,1538769567651168320,NED,6.19999980927,569.485107422,9.67586421967,174
1538769567685683392,1524,1538769567683715136,NED,6.19999980927,569.485107422,9.67586421967,174
1538769567738218464,1525,1538769567733100384,NED,6.19999980927,557.331726074,10.5041007996,173
1538769567817502880,1526,1538769567813039040,NED,6.19000005722,556.331665039,9.86025619507,171
1538769567842431712,1527,1538769567841774112,NED,6.19000005722,556.331665039,9.86025619507,171
1538769567902732032,1528,1538769567901092192,NED,6.17000007629,545.95892334,10.6290302277,170
1538769567949140256,1529,1538769567942671968,NED,6.17000007629,545.95892334,10.6290302277,170
1538769568033680928,1530,1538769568032695488,NED,6.15000009537,546.95904541,9.93812847137,168
1538769568066176384,1531,1538769568062478528,NED,6.15000009537,546.95904541,9.93812847137,168
1538769568084153312,1532,1538769568082642208,NED,6.15000009537,546.95904541,9.93812847137,168
1538769568150927808,1533,1538769568150037920,NED,6.1299996376,534.505554199,9.28719902039,167
1538769568188293248,1534,1538769568185474080,NED,6.1299996376,534.505554199,9.28719902039,167
1538769568265474944,1535,1538769568264446912,NED,6.10999965668,534.505554199,10.6367120743,165
1538769568290994400,1536,1538769568288454944,NED,6.09999990463,510.039337158,9.91025829315,164
1538769568333311776,1537,1538769568332224640,NED,6.09999990463,510.039337158,9.91025829315,164
1538769568404194368,1538,1538769568396614816,NED,6.09999990463,510.039337158,9.91025829315,164
1538769568458263040,1539,1538769568455911424,NED,6.09999990463,510.039337158,11.2743215561,162
1538769568575110592,1540,1538769568570178048,NED,6.10999965668,485.22052002,10.4618110657,161
1538769568623475936,1541,1538769568619478144,NED,6.11999988556,485.22052002,9.65661430359,159
1538769568650321440,1542,1538769568646835360,NED,6.11999988556,485.22052002,9.65661430359,159
1538769568691619872,1543,1538769568690815936,NED,6.11999988556,485.22052002,9.65661430359,159
1538769568743214240,1544,1538769568740008256,NED,6.1299996376,437.315856934,11.7022562027,157
1538769568758128928,1545,1538769568757307648,NED,6.1299996376,437.315856934,11.7022562027,157
1538769568854026240,1546,1538769568852613344,NED,6.15000009537,437.315856934,10.7735643387,156
1538769568892032032,1547,1538769568890673120,NED,6.15000009537,437.315856934,10.7735643387,156
1538769568916427232,1548,1538769568912436064,NED,6.17000007629,422.676757812,9.88095474243,154
1538769568983430272,1549,1538769568981334432,NED,6.17000007629,422.676757812,9.88095474243,154
1538769569071195232,1550,1538769569069798176,NED,6.19000005722,422.676757812,9.04929065704,153
1538769569094704224,1551,1538769569093035264,NED,6.19000005722,422.676757812,9.04929065704,153
1538769569126633216,1552,1538769569123321664,NED,6.21000003815,382.263763428,10.2182922363,151
1538769569175179200,1553,1538769569171721984,NED,6.21000003815,382.263763428,10.2182922363,151
1538769569222029984,1554,1538769569220866816,NED,6.23999977112,382.263763428,9.29806423187,149
1538769569265731904,1555,1538769569259951808,NED,6.23999977112,382.263763428,9.29806423187,149
1538769569334256032,1556,1538769569331838112,NED,6.25999975204,358.090881348,10.536819458,148
1538769569395227904,1557,1538769569393712288,NED,6.25999975204,358.090881348,10.536819458,148
1538769569451516864,1558,1538769569447940128,NED,6.25999975204,358.090881348,9.59396743774,146
1538769569502565952,1559,1538769569500529984,NED,6.23000001907,301.994689941,8.72325134277,145
1538769569558274496,1560,1538769569554892896,NED,6.23000001907,301.994689941,8.72325134277,145
1538769569621281248,1561,1538769569620351616,NED,6.19999980927,301.994689941,9.21200561523,143
1538769569689464768,1562,1538769569683863328,NED,6.19999980927,301.994689941,9.21200561523,143
1538769569733176064,1563,1538769569732447776,NED,6.17000007629,231.872085571,8.33955669403,141
1538769569796920608,1564,1538769569789103840,NED,6.17000007629,231.872085571,8.33955669403,141
1538769569842005856,1565,1538769569837403584,NED,6.15000009537,231.872085571,10.2488040924,140
1538769569877045024,1566,1538769569873180000,NED,6.1299996376,165.047836304,9.23599433899,138
1538769569924547680,1567,1538769569923651424,NED,6.1299996376,165.047836304,9.23599433899,138
1538769569972234752,1568,1538769569969242048,NED,6.1299996376,165.047836304,9.23599433899,138
1538769570032141696,1569,1538769570026604736,NED,6.11999988556,165.047836304,10.4936552048,137
1538769570094014752,1570,1538769570090398240,NED,6.11999988556,165.047836304,10.4936552048,137
1538769570132112096,1571,1538769570129014688,NED,6.1299996376,121.458625793,9.42065811157,136
1538769570144372960,1572,1538769570143543104,NED,6.1299996376,121.458625793,9.42065811157,136
1538769570242960192,1573,1538769570240997088,NED,6.13999986649,121.458625793,9.8780412674,134
1538769570288146176,1574,1538769570284434912,NED,6.15000009537,107.356262207,8.8096075058,133
1538769570338314688,1575,1538769570337131040,NED,6.15000009537,107.356262207,8.8096075058,133
1538769570390756928,1576,1538769570386908640,NED,6.15000009537,107.356262207,8.8096075058,133
1538769570473370144,1577,1538769570471313376,NED,6.17000007629,107.356262207,7.79070997238,131
1538769570550298688,1578,1538769570549169760,NED,6.19000005722,32.0687294006,8.942070961,130
1538769570581476032,1579,1538769570580027520,NED,6.19000005722,32.0687294006,8.942070961,130
1538769570644907520,1580,1538769570642382272,NED,6.21999979019,32.0687294006,7.89553260803,129
1538769570702085984,1581,1538769570694178784,NED,6.25,6.55498504639,9.07166290283,128
1538769570744787104,1582,1538769570742272032,NED,6.25,6.55498504639,9.07166290283,128
1538769570792590496,1583,1538769570786162112,NED,6.25,6.55498504639,9.07166290283,128
1538769570890740480,1584,1538769570886305472,NED,6.28999996185,6.55498504639,8.00818729401,127
1538769570936673824,1585,1538769570933780192,NED,6.33999967575,-54.3521881104,7.01827144623,126
1538769571009544224,1586,1538769571007346592,NED,6.38999986649,-54.3521881104,7.92139673233,125
1538769571089027776,1587,1538769571088051904,NED,6.38999986649,-54.3521881104,7.92139673233,125
1538769571165707904,1588,1538769571161858688,NED,6.44000005722,-114.527702332,6.93685531616,125
1538769571194227104,1589,1538769571188100448,NED,6.44000005722,-114.527702332,6.93685531616,125
1538769571244713024,1590,1538769571243937888,NED,6.48000001907,-114.527702332,7.89174461365,124
1538769571291713056,1591,1538769571289435040,NED,6.48000001907,-114.527702332,7.89174461365,124
1538769571337370720,1592,1538769571335857152,NED,6.52999973297,-169.14453125,6.90688371658,124
1538769571379560736,1593,1538769571375552192,NED,6.52999973297,-169.14453125,6.90688371658,124
1538769571420662144,1594,1538769571417366752,NED,6.58999967575,-169.14453125,6.62709236145,124
1538769571450877280,1595,1538769571450122464,NED,6.58999967575,-169.14453125,6.62709236145,124
1538769571588915136,1596,1538769571587260256,NED,6.64999961853,-228.999038696,5.7420425415,123
1538769571621702048,1597,1538769571620670304,NED,6.73000001907,-228.999038696,4.93302631378,123
1538769571683412800,1598,1538769571680307424,NED,6.73000001907,-228.999038696,4.93302631378,123
1538769571731859040,1599,1538769571729988288,NED,6.80999994278,-296.448425293,4.1939163208,123
1538769571779588544,1600,1538769571778537920,NED,6.80999994278,-296.448425293,4.1939163208,123
1538769571830266656,1601,1538769571829189760,NED,6.8799996376,-296.448425293,4.08202219009,124
1538769571892728896,1602,1538769571891447680,NED,6.8799996376,-296.448425293,4.08202219009,124
1538769571908191392,1603,1538769571906635968,NED,6.92999982834,-336.748504639,3.44192647934,124
1538769571940696000,1604,1538769571938364352,NED,6.92999982834,-336.748504639,3.44192647934,124
1538769571982619808,1605,1538769571980558432,NED,6.92999982834,-336.748504639,3.44192647934,124
1538769572100049504,1606,1538769572098120608,NED,6.94999980927,-384.14553833,2.54389882088,125
1538769572148020448,1607,1538769572146637120,NED,6.94999980927,-384.14553833,2.54389882088,125
1538769572185936256,1608,1538769572181712352,NED,6.94999980927,-384.14553833,2.54389882088,125
1538769572257520544,1609,1538769572253414880,NED,6.94000005722,-384.14553833,2.15556287766,126
1538769572301628992,1610,1538769572300639744,NED,6.88999986649,-413.384643555,1.8512481451,126
1538769572369275520,1611,1538769572367963360,NED,6.88999986649,-413.384643555,1.8512481451,126
1538769572381773792,1612,1538769572380381632,NED,6.88999986649,-413.384643555,1.8512481451,126
1538769572445446112,1613,1538769572442277856,NED,6.83999967575,-413.384643555,1.62301075459,127
1538769572486947552,1614,1538769572486209408,NED,6.76999998093,-447.873291016,1.44549381733,128
1538769572568769376,1615,1538769572563856416,NED,6.76999998093,-447.873291016,1.44549381733,128
1538769572582962368,1616,1538769572582152576,NED,6.76999998093,-447.873291016,1.44549381733,128
1538769572692656928,1617,1538769572689557280,NED,6.69999980927,-447.873291016,1.32714927197,129
1538769572742941728,1618,1538769572739375232,NED,6.59999990463,-455.047241211,1.25952315331,130
1538769572779281152,1619,1538769572777916512,NED,6.59999990463,-455.047241211,1.25952315331,130
1538769572858588320,1620,1538769572857473632,NED,6.50999975204,-455.047241211,1.24261677265,131
1538769572901247424,1621,1538769572891398592,NED,6.50999975204,-455.047241211,1.24261677265,131
1538769572922537312,1622,1538769572918131936,NED,6.3799996376,-475.13848877,1.25952219963,132
1538769572963064608,1623,1538769572960776960,NED,6.3799996376,-475.13848877,1.25952219963,132
1538769573019469056,1624,1538769573015843872,NED,6.23000001907,-475.13848877,1.33560073376,134
1538769573085791040,1625,1538769573084808000,NED,6.0499997139,-506.089599609,1.4454908371,135
1538769573117613152,1626,1538769573115821952,NED,6.0499997139,-506.089599609,1.4454908371,135
1538769573181396448,1627,1538769573180460544,NED,6.0499997139,-506.089599609,1.4454908371,135
1538769573238312256,1628,1538769573236671776,NED,5.85999965668,-506.089599609,1.59764766693,136
1538769573277829120,1629,1538769573275986784,NED,5.63999986649,-505.224609375,1.75825786591,138
1538769573366982944,1630,1538769573365869600,NED,5.63999986649,-505.224609375,1.75825786591,138
1538769573443666816,1631,1538769573442788096,NED,5.42000007629,-505.224609375,1.94422662258,139
1538769573481638560,1632,1538769573480356640,NED,5.42000007629,-505.224609375,1.94422662258,139
1538769573571495072,1633,1538769573570418688,NED,5.19000005722,-496.442993164,2.10483646393,140
1538769573653509536,1634,1538769573650924512,NED,4.94999980927,-496.442993164,2.29080486298,142
1538769573673327008,1635,1538769573670764864,NED,4.94999980927,-496.442993164,2.29080486298,142
1538769573725242528,1636,1538769573719558336,NED,4.71000003815,-481.711181641,2.44296145439,143
1538769573762741952,1637,1538769573760208800,NED,4.71000003815,-481.711181641,2.44296145439,143
1538769573840424032,1638,1538769573837099584,NED,4.5,-481.711181641,2.61202454567,144
1538769573890497664,1639,1538769573889414656,NED,4.5,-481.711181641,2.61202454567,144
1538769573945124064,1640,1538769573941416960,NED,4.30999994278,-471.550750732,2.75572657585,146
1538769574013664576,1641,1538769574012801664,NED,4.13000011444,-471.550750732,2.89942979813,147
1538769574093542496,1642,1538769574092095968,NED,4.13000011444,-471.550750732,2.89942979813,147
1538769574132970688,1643,1538769574131766752,NED,3.97000002861,-465.524475098,3.03467798233,149
1538769574183964640,1644,1538769574182666560,NED,3.97000002861,-465.524475098,3.03467798233,149
1538769574251948000,1645,1538769574247920448,NED,3.81999993324,-465.524475098,3.16992807388,150
1538769574300245792,1646,1538769574296615520,NED,3.67999982834,-452.278717041,3.2798178196,151
1538769574320668736,1647,1538769574319926784,NED,3.67999982834,-452.278717041,3.2798178196,151
1538769574392642592,1648,1538769574389963392,NED,3.54999995232,-452.278717041,3.38125562668,153
1538769574463149184,1649,1538769574460300064,NED,3.54999995232,-452.278717041,3.38125562668,153
1538769574493982816,1650,1538769574491070784,NED,3.42999982834,-441.335296631,3.45733380318,154
1538769574553599552,1651,1538769574551672256,NED,3.42999982834,-441.335296631,3.45733380318,154
1538769574589515840,1652,1538769574584169632,NED,3.42999982834,-441.335296631,3.45733380318,154
1538769574643722880,1653,1538769574642261760,NED,3.32999992371,-441.335296631,3.54186177254,155
1538769574680804512,1654,1538769574680148800,NED,3.32999992371,-441.335296631,3.54186177254,155
1538769574738110656,1655,1538769574736861824,NED,3.26999998093,-437.697784424,3.60948681831,157
1538769574775309376,1656,1538769574774162784,NED,3.26999998093,-437.697784424,3.60948681831,157
1538769574842988224,1657,1538769574842226368,NED,3.23000001907,-437.697784424,3.67711186409,158
1538769574892889632,1658,1538769574891332096,NED,3.23000001907,-437.697784424,3.67711186409,158
1538769574936424832,1659,1538769574935175488,NED,3.22000002861,-436.08972168,3.75700998306,160
1538769574979895648,1660,1538769574978684160,NED,3.22000002861,-436.08972168,3.75700998306,160
1538769575023698560,1661,1538769575022771168,NED,3.23000001907,-436.08972168,3.80552053452,161
1538769575063689376,1662,1538769575061436352,NED,3.23000001907,-436.08972168,3.80552053452,161
1538769575104292672,1663,1538769575100292384,NED,3.24000000954,-430.457305908,3.93934583664,162
1538769575170289696,1664,1538769575169379808,NED,3.24000000954,-430.457305908,3.93934583664,162
1538769575186805632,1665,1538769575186151648,NED,3.24000000954,-430.457305908,3.93934583664,162
1538769575241529952,1666,1538769575241086688,NED,3.25999999046,-430.457305908,3.96192741394,164
1538769575293744352,1667,1538769575293124928,NED,3.28999996185,-433.876220703,4.3954501152,165
1538769575339812192,1668,1538769575337054304,NED,3.28999996185,-433.876220703,4.3954501152,165
1538769575389697248,1669,1538769575388971840,NED,3.28999996185,-433.876220703,4.3954501152,165
1538769575451280864,1670,1538769575447555968,NED,3.33999991417,-433.876220703,4.34752655029,167
1538769575488231104,1671,1538769575486410496,NED,3.38999986649,-433.666625977,4.28242254257,168
1538769575535026272,1672,1538769575533532608,NED,3.38999986649,-433.666625977,4.28242254257,168
1538769575629468736,1673,1538769575627847424,NED,3.46000003815,-433.666625977,5.08304929733,170
1538769575642293536,1674,1538769575641354528,NED,3.46000003815,-433.666625977,5.08304929733,170
1538769575694571616,1675,1538769575693433952,NED,3.53999996185,-435.103515625,4.91593790054,171
1538769575758820896,1676,1538769575754597760,NED,3.53999996185,-435.103515625,4.91593790054,171
1538769575809498848,1677,1538769575805949760,NED,3.63999986649,-435.103515625,5.61377811432,173
1538769575857535968,1678,1538769575853586272,NED,3.63999986649,-435.103515625,5.61377811432,173
1538769575904748480,1679,1538769575904028544,NED,3.75999999046,-446.553222656,5.35213041306,174
1538769575935472768,1680,1538769575934562752,NED,3.75999999046,-446.553222656,5.35213041306,174
1538769575998683488,1681,1538769575992609216,NED,3.87999987602,-446.553222656,5.09048271179,176
1538769576039013856,1682,1538769576038578496,NED,3.87999987602,-446.553222656,5.09048271179,176
1538769576082510368,1683,1538769576081033120,NED,3.87999987602,-446.553222656,5.09048271179,176
1538769576157561888,1684,1538769576148597440,NED,4.0,-454.12713623,7.88839149475,177
1538769576187380832,1685,1538769576186893632,NED,4.09999990463,-455.127227783,7.33054876328,179
1538769576238988352,1686,1538769576236880832,NED,4.09999990463,-455.127227783,7.33054876328,179
1538769576304584608,1687,1538769576300659872,NED,4.09999990463,-455.127227783,7.33054876328,179
1538769576320660768,1688,1538769576319472992,NED,4.19999980927,-460.242736816,8.30209922791,180
1538769576381546240,1689,1538769576379878752,NED,4.19999980927,-460.242736816,8.30209922791,180
1538769576434723232,1690,1538769576433780320,NED,4.30999994278,-459.242614746,7.60601568222,182
1538769576491942848,1691,1538769576490995648,NED,4.40999984741,-474.98550415,9.21796989441,183
1538769576520671584,1692,1538769576520036832,NED,4.40999984741,-474.98550415,9.21796989441,183
1538769576607018016,1693,1538769576605314144,NED,4.50999975204,-474.98550415,8.34105014801,185
1538769576652170112,1694,1538769576648832352,NED,4.50999975204,-474.98550415,8.34105014801,185
1538769576691830272,1695,1538769576689050240,NED,4.50999975204,-474.98550415,8.34105014801,185
1538769576730632064,1696,1538769576725008128,NED,4.61000013351,-477.463928223,7.47953891754,186
1538769576771248928,1697,1538769576767910656,NED,4.61000013351,-477.463928223,7.47953891754,186
1538769576820595104,1698,1538769576818091968,NED,4.69999980927,-477.463928223,8.80136203766,188
1538769576841552800,1699,1538769576840947776,NED,4.69999980927,-477.463928223,8.80136203766,188
1538769576887019680,1700,1538769576885176416,NED,4.69999980927,-477.463928223,8.80136203766,188
1538769576941473472,1701,1538769576940365088,NED,4.77999973297,-510.797302246,7.76773500443,189
1538769577025998176,1702,1538769577024990272,NED,4.83999967575,-510.797302246,8.96752929688,191
1538769577078974528,1703,1538769577078173952,NED,4.83999967575,-510.797302246,8.96752929688,191
1538769577170713440,1704,1538769577169930624,NED,4.88999986649,-504.05291748,7.81078529358,193
1538769577222965216,1705,1538769577222100672,NED,4.94000005722,-504.05291748,6.68104887009,194
1538769577269270464,1706,1538769577267333472,NED,4.94000005722,-504.05291748,6.68104887009,194
1538769577330306016,1707,1538769577329572576,NED,4.98000001907,-523.246765137,8.49933052063,196
1538769577348531296,1708,1538769577346064736,NED,4.98000001907,-523.246765137,8.49933052063,196
1538769577376209152,1709,1538769577375308320,NED,4.98000001907,-523.246765137,8.49933052063,196
1538769577450339776,1710,1538769577449483328,NED,5.01999998093,-523.246765137,7.23499584198,198
1538769577500166272,1711,1538769577498917312,NED,5.05999994278,-539.137634277,7.51498508453,200
1538769577571710112,1712,1538769577571002336,NED,5.05999994278,-539.137634277,7.51498508453,200
1538769577587765184,1713,1538769577585520992,NED,5.05999994278,-539.137634277,7.51498508453,200
1538769577691790496,1714,1538769577691225088,NED,5.09999990463,-539.137634277,6.23173284531,202
1538769577739806720,1715,1538769577736568096,NED,5.13999986649,-552.132019043,7.30154752731,203
1538769577783829344,1716,1538769577783102048,NED,5.13999986649,-552.132019043,7.30154752731,203
1538769577846649504,1717,1538769577844443232,NED,5.19999980927,-552.132019043,5.94206953049,205
1538769577896284448,1718,1538769577894693536,NED,5.25999975204,-579.306396484,7.07422447205,207
1538769577972662176,1719,1538769577969019936,NED,5.25999975204,-579.306396484,7.07422447205,207
1538769578003647584,1720,1538769578003039168,NED,5.25999975204,-579.306396484,7.07422447205,207
1538769578053960864,1721,1538769578051732704,NED,5.30999994278,-579.306396484,5.66636610031,209
1538769578070456320,1722,1538769578069717952,NED,5.30999994278,-579.306396484,5.66636610031,209
1538769578211534592,1723,1538769578210742048,NED,5.44000005722,-546.945739746,5.41168737411,213
1538769578223910336,1724,1538769578222385120,NED,5.44000005722,-546.945739746,5.41168737411,213
1538769578258005824,1725,1538769578257252576,NED,5.44000005722,-546.945739746,5.41168737411,213
1538769578328791680,1726,1538769578324433440,NED,5.52999973297,-568.544677734,4.00322961807,215
1538769578338489856,1727,1538769578336728160,NED,5.52999973297,-568.544677734,4.00322961807,215
1538769578403036640,1728,1538769578399084704,NED,5.52999973297,-568.544677734,4.00322961807,215
1538769578462447136,1729,1538769578459781952,NED,5.63999986649,-568.544677734,6.12286281586,217
1538769578502080160,1730,1538769578501213600,NED,5.76999998093,-580.70135498,4.59149551392,219
1538769578533114496,1731,1538769578532304416,NED,5.76999998093,-580.70135498,4.59149551392,219
1538769578602123360,1732,1538769578601362848,NED,5.90000009537,-580.70135498,4.02019405365,221
1538769578680910208,1733,1538769578680143456,NED,5.90000009537,-580.70135498,4.02019405365,221
1538769578772777984,1734,1538769578769557120,NED,6.03999996185,-606.589599609,2.53252649307,223
1538769578804211744,1735,1538769578802776384,NED,6.17999982834,-606.589599609,1.10342800617,226
1538769578841249024,1736,1538769578840515968,NED,6.17999982834,-606.589599609,1.10342800617,226
1538769578890917344,1737,1538769578889106304,NED,6.17999982834,-606.589599609,1.10342800617,226
1538769578922784256,1738,1538769578919720064,NED,6.2999997139,-605.005371094,3.23967504501,228
1538769578970725408,1739,1538769578969656256,NED,6.2999997139,-605.005371094,3.23967504501,228
1538769579037309824,1740,1538769579034468672,NED,6.40999984741,-604.005249023,1.72762584686,230
1538769579054725952,1741,1538769579053428992,NED,6.40999984741,-604.005249023,1.72762584686,230
1538769579104623744,1742,1538769579103884896,NED,6.52999973297,-619.171691895,1.19490778446,232
1538769579133724096,1743,1538769579132737088,NED,6.52999973297,-619.171691895,1.19490778446,232
1538769579215377632,1744,1538769579214401280,NED,6.63999986649,-619.171691895,-0.258650124073,234
1538769579257258464,1745,1538769579256473984,NED,6.63999986649,-619.171691895,-0.258650124073,234
1538769579279821344,1746,1538769579277464896,NED,6.63999986649,-619.171691895,-0.258650124073,234
1538769579341552896,1747,1538769579336948096,NED,6.75999975204,-632.887817383,2.15168261528,236
1538769579366393248,1748,1538769579365248960,NED,6.75999975204,-632.887817383,2.15168261528,236
1538769579454663968,1749,1538769579454065664,NED,6.86999988556,-632.887817383,0.636323273182,238
1538769579493113344,1750,1538769579490785024,NED,6.86999988556,-632.887817383,0.636323273182,238
1538769579537914784,1751,1538769579536733952,NED,6.98999977112,-646.760742188,-0.817976236343,240
1538769579595238272,1752,1538769579590652704,NED,6.98999977112,-646.760742188,-0.817976236343,240
1538769579637555360,1753,1538769579635324576,NED,7.09999990463,-646.760742188,-1.25703549385,242
1538769579724570432,1754,1538769579723749184,NED,7.19999980927,-645.429016113,-2.62157058716,244
1538769579782528480,1755,1538769579773752896,NED,7.19999980927,-645.429016113,-2.62157058716,244
1538769579816869568,1756,1538769579814856160,NED,7.30999994278,-645.429016113,-0.0220700707287,245
1538769579874666752,1757,1538769579872204480,NED,7.30999994278,-645.429016113,-0.0220700707287,245
1538769579895794368,1758,1538769579895199808,NED,7.30999994278,-645.429016113,-0.0220700707287,245
1538769579990815744,1759,1538769579988955296,NED,7.38999986649,-646.534362793,-1.43034446239,247
1538769580050152224,1760,1538769580049725920,NED,7.48000001907,-646.534362793,-1.74551916122,249
1538769580095665664,1761,1538769580095238016,NED,7.55999994278,-604.168151855,-3.02044248581,251
1538769580135311008,1762,1538769580134011424,NED,7.55999994278,-604.168151855,-3.02044248581,251
1538769580177479552,1763,1538769580176749920,NED,7.55999994278,-604.168151855,-3.02044248581,251
1538769580298392032,1764,1538769580294902976,NED,7.64999961853,-604.168151855,-4.21797084808,252
1538769580333784896,1765,1538769580332632704,NED,7.73000001907,-609.661315918,-1.95647966862,254
1538769580398839136,1766,1538769580388797760,NED,7.73000001907,-609.661315918,-1.95647966862,254
1538769580445620032,1767,1538769580445041664,NED,7.80999994278,-609.661315918,-3.15794539452,255
1538769580489557024,1768,1538769580486249600,NED,7.80999994278,-609.661315918,-3.15794539452,255
1538769580537758208,1769,1538769580535575104,NED,7.88999986649,-598.666748047,-3.59097933769,257
1538769580614742240,1770,1538769580613301824,NED,7.96999979019,-599.666870117,-4.66986989975,258
1538769580640269760,1771,1538769580637680384,NED,7.96999979019,-599.666870117,-4.66986989975,258
1538769580690185280,1772,1538769580689386848,NED,8.05000019073,-588.350952148,-5.62846422195,259
1538769580730556576,1773,1538769580729619808,NED,8.05000019073,-588.350952148,-5.62846422195,259
1538769580799736480,1774,1538769580797780096,NED,8.13999938965,-588.350952148,-4.56541633606,260
1538769580852772960,1775,1538769580850835136,NED,8.13999938965,-588.350952148,-4.56541633606,260
1538769580892621248,1776,1538769580889554848,NED,8.13999938965,-588.350952148,-4.56541633606,260
1538769580920763168,1777,1538769580920061920,NED,8.23999977112,-555.541625977,-5.42238044739,262
1538769580973285408,1778,1538769580972115552,NED,8.23999977112,-555.541625977,-5.42238044739,262
1538769581006073696,1779,1538769581003921728,NED,8.32999992371,-555.541625977,-5.8752951622,263
1538769581044379072,1780,1538769581043847104,NED,8.32999992371,-555.541625977,-5.8752951622,263
1538769581104588992,1781,1538769581101665952,NED,8.40999984741,-527.197814941,-6.50695323944,263
1538769581172925184,1782,1538769581171280896,NED,8.40999984741,-527.197814941,-6.50695323944,263
1538769581194838240,1783,1538769581193344800,NED,8.40999984741,-527.197814941,-6.50695323944,263
1538769581262515104,1784,1538769581260348096,NED,8.47999954224,-527.197814941,-6.61063718796,264
1538769581301333600,1785,1538769581299311200,NED,8.51000022888,-513.028137207,-7.01716279984,265
1538769581373226944,1786,1538769581372509536,NED,8.51000022888,-513.028137207,-7.01716279984,265
1538769581402130752,1787,1538769581398045632,NED,8.52999973297,-513.028137207,-7.31245040894,265
1538769581440665504,1788,1538769581437474080,NED,8.52999973297,-513.028137207,-7.31245040894,265
1538769581488700480,1789,1538769581484310432,NED,8.52999973297,-513.028137207,-7.31245040894,265
1538769581571698208,1790,1538769581570930080,NED,8.5,-509.150512695,-7.2336306572,266
1538769581589558528,1791,1538769581587893056,NED,8.5,-509.150512695,-7.2336306572,266
1538769581665336608,1792,1538769581663067904,NED,8.43999958038,-509.150512695,-7.31999015808,266
1538769581695251744,1793,1538769581692784384,NED,8.30999946594,-474.531188965,-7.2501502037,266
1538769581743153824,1794,1538769581742129280,NED,8.30999946594,-474.531188965,-7.2501502037,266
1538769581785496480,1795,1538769581784758912,NED,8.30999946594,-474.531188965,-7.2501502037,266
1538769581882216288,1796,1538769581881294304,NED,8.15999984741,-475.531280518,-7.13085365295,266
1538769581966025824,1797,1538769581962514368,NED,7.96999979019,-436.530578613,-6.92452096939,266
1538769581978531712,1798,1538769581977259680,NED,7.96999979019,-436.530578613,-6.92452096939,266
1538769582048117952,1799,1538769582047529824,NED,7.73999977112,-436.530578613,-6.65459728241,266
1538769582086141952,1800,1538769582085504768,NED,7.46000003815,-398.567565918,-6.32453584671,266
1538769582143001792,1801,1538769582138199232,NED,7.46000003815,-398.567565918,-6.32453584671,266
1538769582192476800,1802,1538769582185081056,NED,7.46000003815,-398.567565918,-6.32453584671,266
1538769582245576608,1803,1538769582244522368,NED,7.13999986649,-398.567565918,-5.9454870224,266
1538769582299109568,1804,1538769582295669184,NED,7.13999986649,-398.567565918,-5.9454870224,266
1538769582325931584,1805,1538769582324845472,NED,6.75,-341.574676514,-5.55222606659,266
1538769582395511264,1806,1538769582393406720,NED,6.75,-341.574676514,-5.55222606659,266
1538769582466915712,1807,1538769582465484768,NED,6.33999967575,-341.574676514,-5.12712287903,266
1538769582501798464,1808,1538769582499840832,NED,5.88999986649,-277.718170166,-4.71862840652,266
1538769582540047904,1809,1538769582535219552,NED,5.88999986649,-277.718170166,-4.71862840652,266
1538769582606913216,1810,1538769582605768544,NED,5.42999982834,-277.718170166,-4.29496526718,266
1538769582636555136,1811,1538769582634394624,NED,5.42999982834,-277.718170166,-4.29496526718,266
1538769582699182592,1812,1538769582697711552,NED,5.42999982834,-277.718170166,-4.29496526718,266
1538769582727201984,1813,1538769582725267680,NED,4.96999979019,-225.267791748,-3.90135455132,266
1538769582770336992,1814,1538769582765380576,NED,4.96999979019,-225.267791748,-3.90135455132,266
1538769582826909888,1815,1538769582822495008,NED,4.51999998093,-225.267791748,-3.50649046898,266
1538769582867270656,1816,1538769582856346528,NED,4.51999998093,-225.267791748,-3.50649046898,266
1538769582951570880,1817,1538769582947831296,NED,4.07999992371,-182.279022217,-3.16518497467,266
1538769582975328512,1818,1538769582972141856,NED,4.07999992371,-182.279022217,-3.16518497467,266
1538769583043949408,1819,1538769583042126624,NED,3.65999984741,-182.279022217,-2.81255936623,266
1538769583092077856,1820,1538769583089324640,NED,3.25,-143.30329895,-2.52678656578,266
1538769583165050784,1821,1538769583162057728,NED,3.25,-143.30329895,-2.52678656578,266
1538769583246827840,1822,1538769583245228992,NED,2.87999987602,-143.30329895,-2.22088074684,266
1538769583261924512,1823,1538769583261332224,NED,2.87999987602,-143.30329895,-2.22088074684,266
1538769583341063104,1824,1538769583340256896,NED,2.52999997139,-114.345550537,-1.96169757843,266
1538769583371475840,1825,1538769583370281152,NED,2.52999997139,-114.345550537,-1.96169757843,266
1538769583429310944,1826,1538769583425767136,NED,2.23000001907,-114.345550537,-1.6864682436,266
1538769583465353184,1827,1538769583461964928,NED,2.23000001907,-114.345550537,-1.6864682436,266
1538769583503312576,1828,1538769583496407424,NED,1.95999991894,-93.8264846802,-1.455124259,266
1538769583547758688,1829,1538769583546205856,NED,1.95999991894,-93.8264846802,-1.455124259,266
1538769583610540896,1830,1538769583606835872,NED,1.74000000954,-93.8264846802,-1.21096432209,266
1538769583695785664,1831,1538769583692407200,NED,1.74000000954,-93.8264846802,-1.21096432209,266
1538769583769514144,1832,1538769583764819424,NED,1.54999995232,-75.6649017334,-1.01241874695,266
1538769583802827168,1833,1538769583798578496,NED,1.39999997616,-75.6649017334,-0.809394538403,267
1538769583854546816,1834,1538769583851994848,NED,1.39999997616,-75.6649017334,-0.809394538403,267
1538769583881072832,1835,1538769583878950656,NED,1.39999997616,-75.6649017334,-0.809394538403,267
1538769583954960800,1836,1538769583954035488,NED,1.28999996185,-63.547706604,-0.627749204636,267
1538769584018911264,1837,1538769584016654048,NED,1.20999991894,-63.547706604,-0.448084890842,267
1538769584052856544,1838,1538769584052247552,NED,1.20999991894,-63.547706604,-0.448084890842,267
1538769584095850688,1839,1538769584094657728,NED,1.16999995708,-51.2365341187,-0.301365017891,267
1538769584132751328,1840,1538769584131883712,NED,1.16999995708,-51.2365341187,-0.301365017891,267
1538769584197859616,1841,1538769584193462784,NED,1.14999997616,-51.2365341187,-0.145060509443,268
1538769584253466624,1842,1538769584252326176,NED,1.14999997616,-51.2365341187,-0.145060509443,268
1538769584320154240,1843,1538769584303201664,NED,1.17999994755,-41.4190292358,-0.0165943969041,268
1538769584340806272,1844,1538769584339989664,NED,1.17999994755,-41.4190292358,-0.0165943969041,268
1538769584381397344,1845,1538769584374029632,NED,1.17999994755,-41.4190292358,-0.0165943969041,268
1538769584410470912,1846,1538769584407304320,NED,1.23000001907,-41.4190292358,0.105660937726,268
1538769584491467552,1847,1538769584490773024,NED,1.23000001907,-41.4190292358,0.105660937726,268
1538769584558647040,1848,1538769584554207232,NED,1.31999993324,-35.5012893677,0.215726926923,269
1538769584604063136,1849,1538769584603080736,NED,1.42999994755,-35.5012893677,0.327916145325,269
1538769584649623584,1850,1538769584647934080,NED,1.42999994755,-35.5012893677,0.327916145325,269
1538769584701525024,1851,1538769584700825792,NED,1.54999995232,-40.093421936,0.419582217932,269
1538769584725272992,1852,1538769584723472576,NED,1.54999995232,-40.093421936,0.419582217932,269
1538769584812696960,1853,1538769584811921280,NED,1.67999994755,-40.093421936,0.499451637268,270
1538769584859306656,1854,1538769584858339072,NED,1.67999994755,-40.093421936,0.499451637268,270
1538769584922107200,1855,1538769584921398848,NED,1.82999992371,-45.4578399658,0.57271784544,270
1538769584981247808,1856,1538769584979634432,NED,1.82999992371,-45.4578399658,0.57271784544,270
1538769584994431872,1857,1538769584991262336,NED,1.82999992371,-45.4578399658,0.57271784544,270
1538769585047408448,1858,1538769585046550560,NED,1.97999989986,-45.4578399658,0.650463461876,271
1538769585093430688,1859,1538769585092788736,NED,2.14999985695,-51.4970779419,0.713039040565,271
1538769585144065088,1860,1538769585142605024,NED,2.14999985695,-51.4970779419,0.713039040565,271
1538769585218175648,1861,1538769585216277216,NED,2.31999993324,-51.4970779419,0.772385656834,271
1538769585255470944,1862,1538769585254317984,NED,2.31999993324,-51.4970779419,0.772385656834,271
1538769585302916640,1863,1538769585301885920,NED,2.49000000954,-55.9894561768,0.822144806385,272
1538769585350827488,1864,1538769585347969216,NED,2.49000000954,-55.9894561768,0.822144806385,272
1538769585368650496,1865,1538769585367524256,NED,2.49000000954,-55.9894561768,0.822144806385,272
1538769585486150080,1866,1538769585485567040,NED,2.65999984741,-55.9894561768,0.881489574909,272
1538769585543134176,1867,1538769585537321696,NED,2.82999992371,-72.2663879395,0.922914862633,273
1538769585583729696,1868,1538769585583025120,NED,2.82999992371,-72.2663879395,0.922914862633,273
1538769585638186208,1869,1538769585636385920,NED,3.0,-72.2663879395,0.961358726025,273
1538769585701234240,1870,1538769585700195168,NED,3.15999984741,-83.0892562866,1.01270473003,274
1538769585747111776,1871,1538769585746088000,NED,3.15999984741,-83.0892562866,1.01270473003,274
1538769585784291968,1872,1538769585780102816,NED,3.15999984741,-83.0892562866,1.01270473003,274
1538769585851217920,1873,1538769585849776128,NED,3.31999993324,-83.0892562866,1.05798590183,274
1538769585882791552,1874,1538769585881716928,NED,3.31999993324,-83.0892562866,1.05798590183,274
1538769585947521216,1875,1538769585945355168,NED,3.48000001907,-85.0170135498,1.09541118145,275
1538769585985916608,1876,1538769585985008160,NED,3.48000001907,-85.0170135498,1.09541118145,275
1538769586056469600,1877,1538769586053923136,NED,3.62999987602,-85.0170135498,1.14675712585,276
1538769586087317696,1878,1538769586084812800,NED,3.62999987602,-85.0170135498,1.14675712585,276
1538769586142889472,1879,1538769586139558240,NED,3.76999998093,-91.8592453003,1.18616092205,276
1538769586172514880,1880,1538769586171596288,NED,3.76999998093,-91.8592453003,1.18616092205,276
1538769586299108224,1881,1538769586293578016,NED,3.90999984741,-91.8592453003,1.23302567005,277
1538769586372987072,1882,1538769586371747552,NED,4.05999994278,-107.261657715,1.2747875452,277
1538769586400781792,1883,1538769586397919904,NED,4.05999994278,-107.261657715,1.2747875452,277
1538769586457588224,1884,1538769586456520736,NED,4.21000003815,-107.261657715,1.31269073486,278
1538769586500611296,1885,1538769586499930880,NED,4.36999988556,-113.438034058,1.34163689613,278
1538769586546662432,1886,1538769586544346048,NED,4.36999988556,-113.438034058,1.34163689613,278
1538769586582319680,1887,1538769586580741536,NED,4.36999988556,-113.438034058,1.34163689613,278
1538769586648642464,1888,1538769586645977504,NED,4.52999973297,-113.438034058,1.36822485924,279
1538769586700837184,1889,1538769586694666912,NED,4.67999982834,-124.423599243,1.40660953522,280
1538769586742835488,1890,1538769586739923072,NED,4.67999982834,-124.423599243,1.40660953522,280
1538769586808027552,1891,1538769586806325312,NED,4.82999992371,-124.423599243,1.43878436089,280
1538769586866143296,1892,1538769586865244480,NED,4.82999992371,-124.423599243,1.43878436089,280
1538769586903061024,1893,1538769586902187808,NED,4.96999979019,-132.103912354,1.47268974781,281
1538769586940227104,1894,1538769586939625152,NED,4.96999979019,-132.103912354,1.47268974781,281
1538769586982704640,1895,1538769586979809440,NED,4.96999979019,-132.103912354,1.47268974781,281
1538769587052633792,1896,1538769587051914016,NED,5.08999967575,-132.103912354,1.511074543,282
1538769587089202912,1897,1538769587088150976,NED,5.08999967575,-132.103912354,1.511074543,282
1538769587140693184,1898,1538769587139729536,NED,5.19000005722,-138.84753418,1.54231071472,282
1538769587184226432,1899,1538769587180976896,NED,5.19000005722,-138.84753418,1.54231071472,282
1538769587263965536,1900,1538769587262700288,NED,5.28999996185,-138.84753418,1.59011685848,283
1538769587300956800,1901,1538769587299997152,NED,5.36999988556,-143.005371094,1.64179623127,284
1538769587371341088,1902,1538769587366860640,NED,5.36999988556,-143.005371094,1.64179623127,284
1538769587390011168,1903,1538769587388995008,NED,5.36999988556,-143.005371094,1.64179623127,284
1538769587455166528,1904,1538769587451040256,NED,5.44000005722,-143.005371094,1.69408273697,284
1538769587466729152,1905,1538769587464367520,NED,5.44000005722,-143.005371094,1.69408273697,284
1538769587506082016,1906,1538769587501242624,NED,5.5,-145.04699707,1.74188888073,285
1538769587537103360,1907,1538769587535602240,NED,5.5,-145.04699707,1.74188888073,285
1538769587584524192,1908,1538769587583309568,NED,5.5,-145.04699707,1.74188888073,285
1538769587662491552,1909,1538769587661674272,NED,5.55999994278,-145.04699707,1.78182864189,286
1538769587695181504,1910,1538769587693170240,NED,5.55999994278,-145.04699707,1.78182864189,286
1538769587735015968,1911,1538769587733542656,NED,5.60999965668,-64.662361145,1.83411347866,286
1538769587778467392,1912,1538769587774451296,NED,5.60999965668,-64.662361145,1.83411347866,286
1538769587887296736,1913,1538769587886430752,NED,5.67999982834,-62.6470565796,1.93759930134,288
1538769587934479008,1914,1538769587933203200,NED,5.67999982834,-62.6470565796,1.93759930134,288
1538769587962263744,1915,1538769587961676640,NED,5.67999982834,-62.6470565796,1.93759930134,288
1538769588010022176,1916,1538769588006749824,NED,5.71000003815,-62.6470565796,2.00537872314,288
1538769588048553696,1917,1538769588043953568,NED,5.71000003815,-62.6470565796,2.00537872314,288
1538769588080061120,1918,1538769588079410464,NED,5.71000003815,-62.6470565796,2.00537872314,288
1538769588134014080,1919,1538769588129983648,NED,5.73000001907,-46.2160110474,2.06662631035,289
1538769588202481568,1920,1538769588197286784,NED,5.73999977112,-46.2160110474,2.12195301056,290
1538769588254326112,1921,1538769588250126272,NED,5.73999977112,-46.2160110474,2.12195301056,290
1538769588307164064,1922,1538769588303557536,NED,5.75,-48.6843109131,2.18720054626,290
1538769588340486848,1923,1538769588333265344,NED,5.75,-48.6843109131,2.18720054626,290
1538769588406927776,1924,1538769588403683680,NED,5.75999975204,-48.6843109131,2.24300789833,291
1538769588458862272,1925,1538769588457601472,NED,5.75999975204,-48.6843109131,2.24300789833,291
1538769588500579456,1926,1538769588499837152,NED,5.73999977112,-37.2138977051,2.3008685112,292
1538769588523159616,1927,1538769588519469920,NED,5.73999977112,-37.2138977051,2.3008685112,292
1538769588576043872,1928,1538769588573248736,NED,5.73000001907,-37.2138977051,2.35219526291,293
1538769588658281216,1929,1538769588656481696,NED,5.73000001907,-37.2138977051,2.35219526291,293
1538769588699361952,1930,1538769588694821280,NED,5.71000003815,-29.2877197266,2.41187429428,293
1538769588739267168,1931,1538769588733651488,NED,5.71000003815,-29.2877197266,2.41187429428,293
1538769588796438816,1932,1538769588790320256,NED,5.71000003815,-29.2877197266,2.41187429428,293
1538769588865020512,1933,1538769588848985504,NED,5.69000005722,-29.2877197266,2.46768069267,294
1538769588867825664,1934,1538769588862705408,NED,5.69000005722,-29.2877197266,2.46768069267,294
1538769588968699008,1935,1538769588963943936,NED,5.67999982834,-15.7844543457,2.52118873596,295
1538769589052145504,1936,1538769589048595552,NED,5.65999984741,-15.7844543457,2.58147644997,296
1538769589083837696,1937,1538769589082987584,NED,5.65999984741,-15.7844543457,2.58147644997,296
1538769589146767200,1938,1538769589143268736,NED,5.63999986649,-13.8994216919,2.63680434227,296
1538769589190990048,1939,1538769589185824160,NED,5.63999986649,-13.8994216919,2.63680434227,296
1538769589261809184,1940,1538769589257793216,NED,5.6299996376,-13.8994216919,2.69987940788,297
1538769589272499040,1941,1538769589270155744,NED,5.6299996376,-13.8994216919,2.69987940788,297
1538769589342051456,1942,1538769589340925280,NED,5.60999965668,-1.1438369751,2.75968575478,298
1538769589379763648,1943,1538769589373918272,NED,5.60999965668,-1.1438369751,2.75968575478,298
1538769589477004928,1944,1538769589474290432,NED,5.58999967575,6.99319839478,2.86308193207,299
1538769589536749536,1945,1538769589535624864,NED,5.58999967575,6.99319839478,2.86308193207,299
1538769589582952640,1946,1538769589580396320,NED,5.58999967575,6.99319839478,2.86308193207,299
1538769589657883872,1947,1538769589657090304,NED,5.57999992371,6.99319839478,2.90401005745,300
1538769589679759584,1948,1538769589677372160,NED,5.57999992371,6.99319839478,2.90401005745,300
1538769589724402688,1949,1538769589723442880,NED,5.56999969482,87.5679016113,2.95764398575,301
1538769589766274816,1950,1538769589764649344,NED,5.56999969482,87.5679016113,2.95764398575,301
1538769589851086848,1951,1538769589847895104,NED,5.56999969482,87.5679016113,2.99857187271,302
1538769589866663392,1952,1538769589865487232,NED,5.56999969482,87.5679016113,2.99857187271,302
1538769589899568192,1953,1538769589898657472,NED,5.57999992371,100.895599365,3.04216122627,303
1538769589978402656,1954,1538769589977597568,NED,5.57999992371,100.895599365,3.04216122627,303
1538769590069139776,1955,1538769590068173760,NED,5.59999990463,100.895599365,3.08260989189,303
1538769590085418464,1956,1538769590082966656,NED,5.59999990463,100.895599365,3.08260989189,303
1538769590148474272,1957,1538769590146959360,NED,5.63999986649,98.405166626,3.12801766396,304
1538769590177898144,1958,1538769590177230592,NED,5.63999986649,98.405166626,3.12801766396,304
1538769590272019520,1959,1538769590270830688,NED,5.67000007629,98.405166626,3.16725182533,305
1538769590283973856,1960,1538769590283037472,NED,5.71999979019,104.524993896,3.20322108269,306
1538769590340457920,1961,1538769590339171968,NED,5.71999979019,104.524993896,3.20322108269,306
1538769590374021664,1962,1538769590373220064,NED,5.71999979019,104.524993896,3.20322108269,306
1538769590447148768,1963,1538769590445520512,NED,5.76999998093,104.524993896,3.23858046532,307
1538769590457488992,1964,1538769590454924128,NED,5.76999998093,104.524993896,3.23858046532,307
1538769590503237696,1965,1538769590501141088,NED,5.81999969482,104.298400879,3.27006840706,307
1538769590574434656,1966,1538769590573663776,NED,5.81999969482,104.298400879,3.27006840706,307
1538769590606980672,1967,1538769590603774304,NED,5.86999988556,104.298400879,3.29865074158,308
1538769590673292800,1968,1538769590670671296,NED,5.86999988556,104.298400879,3.29865074158,308
1538769590687287168,1969,1538769590686299168,NED,5.92000007629,100.763893127,3.33013892174,309
1538769590766175584,1970,1538769590764834176,NED,5.92000007629,100.763893127,3.33013892174,309
1538769590842546912,1971,1538769590841133728,NED,5.98000001907,100.763893127,3.35714769363,310
1538769590898083776,1972,1538769590894619200,NED,5.98000001907,100.763893127,3.35714769363,310
1538769590941517856,1973,1538769590940417280,NED,6.03999996185,106.614875793,3.38306951523,311
1538769590987698656,1974,1538769590987180960,NED,6.03999996185,106.614875793,3.38306951523,311
1538769591024601824,1975,1538769591021514784,NED,6.09999990463,106.614875793,3.41007733345,312
1538769591044885344,1976,1538769591040801280,NED,6.09999990463,106.614875793,3.41007733345,312
1538769591098072992,1977,1538769591095164192,NED,6.15999984741,90.9514465332,3.43478608131,313
1538769591133956000,1978,1538769591133530368,NED,6.15999984741,90.9514465332,3.43478608131,313
1538769591226968896,1979,1538769591219214144,NED,6.21000003815,90.9514465332,3.45235490799,313
1538769591251803584,1980,1538769591250340896,NED,6.21000003815,90.9514465332,3.45235490799,313
1538769591282256448,1981,1538769591281674912,NED,6.25999975204,100.7188797,3.47875571251,314
1538769591360636192,1982,1538769591358503936,NED,6.25999975204,100.7188797,3.47875571251,314
1538769591406633856,1983,1538769591404790176,NED,6.28999996185,100.7188797,3.49184465408,315
1538769591462675808,1984,1538769591454831264,NED,6.28999996185,100.7188797,3.49184465408,315
1538769591525400864,1985,1538769591524653024,NED,6.31999969482,94.5184707642,3.50045084953,316
1538769591540424896,1986,1538769591537048256,NED,6.31999969482,94.5184707642,3.50045084953,316
1538769591604980928,1987,1538769591603597248,NED,6.33999967575,94.5184707642,3.50615334511,317
1538769591655095680,1988,1538769591648448448,NED,6.33999967575,94.5184707642,3.50615334511,317
1538769591682663008,1989,1538769591681440608,NED,6.33999967575,94.5184707642,3.50615334511,317
1538769591775752352,1990,1538769591771859904,NED,6.34999990463,163.244445801,3.50532126427,318
1538769591792741152,1991,1538769591792012960,NED,6.34999990463,163.244445801,3.50532126427,318
1538769591872302752,1992,1538769591869737184,NED,6.34999990463,163.244445801,3.48500418663,319
1538769591891366816,1993,1538769591890127168,NED,6.34999990463,157.882217407,3.48417186737,320
1538769591971354624,1994,1538769591970142240,NED,6.34999990463,157.882217407,3.48417186737,320
1538769591990724320,1995,1538769591989556864,NED,6.34999990463,157.882217407,3.48417186737,320
1538769592090164832,1996,1538769592089332512,NED,6.33999967575,157.882217407,3.47390055656,321
1538769592120513152,1997,1538769592119791296,NED,6.31999969482,158.033081055,3.47524738312,322
1538769592222165568,1998,1538769592219139040,NED,6.2999997139,158.033081055,3.46497607231,323
1538769592271804128,1999,1538769592257598688,NED,6.2999997139,158.033081055,3.46497607231,323
1538769592303281728,2000,1538769592299839680,NED,6.2999997139,158.033081055,3.46497607231,323
1538769592339640864,2001,1538769592337354464,NED,6.27999973297,162.00390625,3.46693134308,324
1538769592374043200,2002,1538769592373213120,NED,6.27999973297,162.00390625,3.46693134308,324
1538769592446702240,2003,1538769592445393216,NED,6.26999998093,162.00390625,3.46561980247,325
1538769592482890816,2004,1538769592477584192,NED,6.26999998093,162.00390625,3.46561980247,325
1538769592541790016,2005,1538769592540391232,NED,6.25,162.772460938,3.47640895844,326
1538769592591283712,2006,1538769592590218464,NED,6.25,162.772460938,3.47640895844,326
1538769592606758912,2007,1538769592605855072,NED,6.23999977112,162.772460938,3.47509860992,327
1538769592679502848,2008,1538769592676761824,NED,6.23999977112,162.772460938,3.47509860992,327
1538769592784053120,2009,1538769592778891968,NED,6.23999977112,173.387435913,3.47826647758,327
1538769592814217184,2010,1538769592810306208,NED,6.23999977112,173.387435913,3.48022079468,328
1538769592853747616,2011,1538769592850411936,NED,6.23999977112,173.387435913,3.48022079468,328
1538769592887755232,2012,1538769592882935712,NED,6.25,174.959274292,3.48338866234,329
1538769592942860896,2013,1538769592938895136,NED,6.25,174.959274292,3.48338866234,329
1538769593003770720,2014,1538769593002947456,NED,6.25999975204,174.959274292,3.48099064827,330
1538769593034388512,2015,1538769593032882720,NED,6.25999975204,174.959274292,3.48099064827,330
1538769593105023968,2016,1538769593102271456,NED,6.27999973297,177.736755371,3.4931204319,331
1538769593135668960,2017,1538769593134227072,NED,6.27999973297,177.736755371,3.4931204319,331
1538769593197872160,2018,1538769593193318496,NED,6.27999973297,177.736755371,3.4931204319,331
1538769593307355456,2019,1538769593306743136,NED,6.32999992371,176.567932129,3.50599122047,333
1538769593324428128,2020,1538769593322793408,NED,6.32999992371,176.567932129,3.50599122047,333
1538769593388953184,2021,1538769593387804160,NED,6.32999992371,176.567932129,3.50599122047,333
1538769593454637536,2022,1538769593451985024,NED,6.35999965668,176.567932129,3.51363968849,334
1538769593500062976,2023,1538769593498192736,NED,6.38999986649,180.120758057,3.51620149612,335
1538769593562074112,2024,1538769593561135904,NED,6.38999986649,180.120758057,3.51620149612,335
1538769593587245312,2025,1538769593584892192,NED,6.38999986649,180.120758057,3.51620149612,335
1538769593650704960,2026,1538769593649337600,NED,6.42999982834,180.120758057,3.50992941856,336
1538769593708818208,2027,1538769593705465120,NED,6.46000003815,183.790115356,3.5202395916,337
1538769593741776096,2028,1538769593738553344,NED,6.46000003815,183.790115356,3.5202395916,337
1538769593791805888,2029,1538769593788580448,NED,6.5,183.790115356,3.51892828941,338
1538769593842157856,2030,1538769593841050400,NED,6.5,183.790115356,3.51892828941,338
1538769593891473440,2031,1538769593890832576,NED,6.5,183.790115356,3.51892828941,338
1538769593976040512,2032,1538769593969243968,NED,6.52999973297,174.145126343,3.50817680359,339
1538769593990132192,2033,1538769593987666144,NED,6.52999973297,174.145126343,3.50817680359,339
1538769594061451840,2034,1538769594059283680,NED,6.5499997139,174.145126343,3.49681901932,340
1538769594099292288,2035,1538769594096917280,NED,6.55999994278,175.898742676,3.48606657982,341
1538769594139784960,2036,1538769594132777984,NED,6.55999994278,175.898742676,3.48606657982,341
1538769594180656064,2037,1538769594178523456,NED,6.55999994278,175.898742676,3.48606657982,341
1538769594263822144,2038,1538769594261241728,NED,6.55999994278,175.898742676,3.46139550209,342
1538769594286256096,2039,1538769594285482336,NED,6.5499997139,174.901000977,3.44773840904,343
1538769594374155904,2040,1538769594370074720,NED,6.5499997139,174.901000977,3.44773840904,343
1538769594393949600,2041,1538769594393224800,NED,6.5499997139,174.901000977,3.44773840904,343
1538769594434842368,2042,1538769594433035744,NED,6.52999973297,174.901000977,3.43202710152,344
1538769594495410208,2043,1538769594494004256,NED,6.50999975204,246.730133057,3.41570997238,345
1538769594547599200,2044,1538769594546570368,NED,6.50999975204,246.730133057,3.41570997238,345
1538769594570795200,2045,1538769594568974752,NED,6.50999975204,246.730133057,3.41570997238,345
1538769594646088288,2046,1538769594644211488,NED,6.48999977112,246.730133057,3.3999979496,346
1538769594664592608,2047,1538769594663963488,NED,6.48999977112,246.730133057,3.3999979496,346
1538769594700351264,2048,1538769594698017216,NED,6.46000003815,249.306304932,3.38138008118,347
1538769594761034976,2049,1538769594760056352,NED,6.46000003815,249.306304932,3.38138008118,347
1538769594779555360,2050,1538769594778637344,NED,6.46000003815,249.306304932,3.38138008118,347
1538769594863704992,2051,1538769594862271488,NED,6.44000005722,249.306304932,3.3656680584,348
1538769594904470656,2052,1538769594903838624,NED,6.39999961853,251.13659668,3.35443925858,349
1538769594968130304,2053,1538769594966067328,NED,6.39999961853,251.13659668,3.35443925858,349
1538769594987398528,2054,1538769594979707296,NED,6.39999961853,251.13659668,3.35443925858,349
1538769595039059776,2055,1538769595038162912,NED,6.36999988556,251.13659668,3.33316206932,351
1538769595084486336,2056,1538769595080482176,NED,6.36999988556,251.13659668,3.33316206932,351
1538769595188533088,2057,1538769595187115168,NED,6.32999992371,255.454345703,3.32641100883,352
1538769595260987520,2058,1538769595259460608,NED,6.28999996185,268.322845459,3.32680010796,353
1538769595296008608,2059,1538769595279688544,NED,6.28999996185,268.322845459,3.32680010796,353
1538769595336626624,2060,1538769595335169216,NED,6.25,268.322845459,3.33396935463,354
1538769595402783264,2061,1538769595397321696,NED,6.25,268.322845459,3.33396935463,354
1538769595443292320,2062,1538769595439753344,NED,6.21999979019,275.019073486,3.34561920166,355
1538769595490793184,2063,1538769595488133344,NED,6.21999979019,275.019073486,3.34561920166,355
1538769595533636704,2064,1538769595532516224,NED,6.17999982834,275.019073486,3.36997413635,356
1538769595579485824,2065,1538769595578278528,NED,6.17999982834,275.019073486,3.36997413635,356
1538769595661462400,2066,1538769595660586848,NED,6.15999984741,275.019073486,3.39554357529,357
1538769595691590368,2067,1538769595690835424,NED,6.1299996376,276.714813232,3.42377567291,358
1538769595752438880,2068,1538769595749947776,NED,6.1299996376,276.714813232,3.42377567291,358
1538769595780280448,2069,1538769595776371744,NED,6.1299996376,276.714813232,3.42377567291,358
1538769595843120512,2070,1538769595841177888,NED,6.11999988556,276.714813232,3.43990397453,359
1538769595890211776,2071,1538769595885244800,NED,6.11999988556,276.714813232,3.43990397453,359
1538769595945083168,2072,1538769595943128992,NED,6.09999990463,281.485748291,3.45603299141,360
1538769595973237248,2073,1538769595972544960,NED,6.09999990463,281.485748291,3.45603299141,360
1538769596053151264,2074,1538769596049884800,NED,6.08999967575,281.485748291,3.46103072166,361
1538769596099126048,2075,1538769596094184416,NED,6.07999992371,288.524719238,3.48163866997,362
1538769596137295264,2076,1538769596134959456,NED,6.07999992371,288.524719238,3.48163866997,362
1538769596200738784,2077,1538769596200119584,NED,6.06999969482,288.524719238,3.50612235069,363
1538769596248467360,2078,1538769596246970272,NED,6.06999969482,288.524719238,3.50612235069,363
1538769596286050176,2079,1538769596282587872,NED,6.06999969482,288.524719238,3.50612235069,363
1538769596374450816,2080,1538769596371757568,NED,6.07999992371,286.778259277,3.51729178429,364
1538769596390430080,2081,1538769596385741184,NED,6.07999992371,286.778259277,3.51729178429,364
1538769596442213408,2082,1538769596441105312,NED,6.08999967575,286.778259277,3.5239815712,365
1538769596499559200,2083,1538769596494546816,NED,6.08999967575,286.778259277,3.5239815712,365
1538769596524895712,2084,1538769596524198592,NED,6.09999990463,290.802276611,3.52389264107,366
1538769596562434144,2085,1538769596558562368,NED,6.09999990463,290.802276611,3.52389264107,366
1538769596607360448,2086,1538769596604591680,NED,6.11999988556,290.802276611,3.52114057541,367
1538769596656956928,2087,1538769596654996224,NED,6.11999988556,290.802276611,3.52114057541,367
1538769596699258848,2088,1538769596694255264,NED,6.1299996376,282.549194336,3.51282310486,368
1538769596766726912,2089,1538769596765308928,NED,6.1299996376,282.549194336,3.51282310486,368
1538769596785288608,2090,1538769596782487072,NED,6.1299996376,282.549194336,3.51282310486,368
1538769596850904096,2091,1538769596849880000,NED,6.13999986649,282.549194336,3.51007390022,369
1538769596873707776,2092,1538769596872388480,NED,6.13999986649,282.549194336,3.51007390022,369
1538769596941817536,2093,1538769596939612064,NED,6.13999986649,290.672668457,3.50998497009,370
1538769597003536864,2094,1538769596995825600,NED,6.1299996376,290.672668457,3.50227403641,371
1538769597044664544,2095,1538769597043807200,NED,6.1299996376,290.672668457,3.50227403641,371
1538769597091018432,2096,1538769597089726016,NED,6.11999988556,295.626831055,3.4995238781,372
1538769597215000352,2097,1538769597213921280,NED,6.10999965668,295.626831055,3.49507951736,373
1538769597291969728,2098,1538769597289037536,NED,6.10999965668,295.626831055,3.49507951736,373
1538769597335270720,2099,1538769597334158816,NED,6.09999990463,294.697662354,3.49232840538,374
1538769597388868800,2100,1538769597380759136,NED,6.09999990463,294.697662354,3.49232840538,374
1538769597448472288,2101,1538769597444237280,NED,6.10999965668,294.697662354,3.5011985302,375
1538769597484592128,2102,1538769597481524544,NED,6.10999965668,294.697662354,3.5011985302,375
1538769597554021088,2103,1538769597552961152,NED,6.11999988556,293.877807617,3.50788879395,377
1538769597610975072,2104,1538769597609436800,NED,6.1299996376,293.877807617,3.51409864426,378
1538769597692309120,2105,1538769597688398400,NED,6.1299996376,293.877807617,3.51409864426,378
1538769597729456512,2106,1538769597728818272,NED,6.15999984741,297.689910889,3.51909637451,379
1538769597787863680,2107,1538769597785977824,NED,6.15999984741,297.689910889,3.51909637451,379
1538769597859552352,2108,1538769597856360864,NED,6.19000005722,297.689910889,3.53474617004,380
1538769597885856224,2109,1538769597884629152,NED,6.19000005722,297.689910889,3.53474617004,380
1538769597935336800,2110,1538769597933989664,NED,6.21999979019,301.072875977,3.53913712502,381
1538769597963763200,2111,1538769597961794400,NED,6.21999979019,301.072875977,3.53913712502,381
1538769598066490880,2112,1538769598063882016,NED,6.25,301.072875977,3.54534602165,382
1538769598124030688,2113,1538769598122930336,NED,6.27999973297,301.934143066,3.5609960556,383
1538769598218545056,2114,1538769598217673568,NED,6.31999969482,301.934143066,3.57991433144,384
1538769598242992416,2115,1538769598242298592,NED,6.31999969482,301.934143066,3.57991433144,384
1538769598310648064,2116,1538769598304314656,NED,6.34999990463,300.793273926,3.59108400345,385
1538769598337484736,2117,1538769598336914304,NED,6.34999990463,300.793273926,3.59108400345,385
1538769598393679232,2118,1538769598392867808,NED,6.34999990463,300.793273926,3.59108400345,385
1538769598427802336,2119,1538769598423996064,NED,6.38999986649,300.793273926,3.60116553307,386
1538769598476126656,2120,1538769598473169984,NED,6.38999986649,300.793273926,3.60116553307,386
1538769598529443264,2121,1538769598527106560,NED,6.39999961853,294.913757324,3.61729621887,387
1538769598566198400,2122,1538769598565484960,NED,6.39999961853,294.913757324,3.61729621887,387
1538769598618955552,2123,1538769598617967296,NED,6.42000007629,294.913757324,3.63112640381,388
1538769598675911232,2124,1538769598674043776,NED,6.42000007629,294.913757324,3.63112640381,388
1538769598744041184,2125,1538769598742595744,NED,6.42999982834,300.258361816,3.62341499329,390
1538769598765185760,2126,1538769598761572960,NED,6.42999982834,300.258361816,3.62341499329,390
1538769598841445568,2127,1538769598840424864,NED,6.44000005722,300.258361816,3.63458585739,391
1538769598855946400,2128,1538769598853399040,NED,6.44000005722,300.258361816,3.63458585739,391
1538769598934412736,2129,1538769598933534368,NED,6.44999980927,292.864501953,3.6451485157,392
1538769598960900608,2130,1538769598959987328,NED,6.44999980927,292.864501953,3.6451485157,392
1538769599032972736,2131,1538769599029646656,NED,6.46000003815,292.864501953,3.65631842613,393
1538769599066606304,2132,1538769599064373024,NED,6.46000003815,292.864501953,3.65631842613,393
1538769599119439104,2133,1538769599118330880,NED,6.46999979019,296.374603271,3.67850232124,394
1538769599215930496,2134,1538769599210544640,NED,6.46999979019,296.374603271,3.69910979271,395
1538769599244572736,2135,1538769599241539328,NED,6.46999979019,296.374603271,3.69910979271,395
1538769599284901120,2136,1538769599282812288,NED,6.46999979019,296.374603271,3.69910979271,395
1538769599332964224,2137,1538769599331956064,NED,6.46999979019,302.632995605,3.72868156433,396
1538769599398326432,2138,1538769599395081216,NED,6.46999979019,302.632995605,3.72868156433,396
1538769599429176256,2139,1538769599427877472,NED,6.46000003815,302.632995605,3.7621243,397
1538769599477747200,2140,1538769599468472096,NED,6.46000003815,302.632995605,3.7621243,397
1538769599542095040,2141,1538769599541048736,NED,6.44000005722,298.643585205,3.80113339424,398
1538769599565433536,2142,1538769599563819936,NED,6.44000005722,298.643585205,3.80113339424,398
1538769599645041216,2143,1538769599642805216,NED,6.42000007629,298.643585205,3.82888317108,399
1538769599659180000,2144,1538769599658339136,NED,6.42000007629,298.643585205,3.82888317108,399
1538769599697954848,2145,1538769599695955488,NED,6.3799996376,299.547088623,3.85845398903,401
1538769599737885184,2146,1538769599737133856,NED,6.3799996376,299.547088623,3.85845398903,401
1538769599784499168,2147,1538769599783816864,NED,6.3799996376,299.547088623,3.85845398903,401
1538769599854212864,2148,1538769599851636992,NED,6.35999965668,299.547088623,-0.717416226864,402
1538769599896309600,2149,1538769599892687552,NED,6.32999992371,304.79699707,-0.517453432083,403
1538769599930416896,2150,1538769599928548320,NED,6.32999992371,304.79699707,-0.517453432083,403
1538769599972598048,2151,1538769599972054560,NED,6.32999992371,304.79699707,-0.517453432083,403
1538769600035663232,2152,1538769600034653888,NED,6.30999994278,304.79699707,-0.41708829999,404
1538769600084370208,2153,1538769600082472992,NED,6.30999994278,304.79699707,-0.41708829999,404
1538769600129684992,2154,1538769600127795264,NED,6.28999996185,312.801269531,-0.145733520389,405
1538769600181143392,2155,1538769600180389984,NED,6.28999996185,312.801269531,-0.145733520389,405
1538769600254257824,2156,1538769600251537440,NED,6.27999973297,312.801269531,0.0961768254638,406
1538769600280403136,2157,1538769600276578176,NED,6.27999973297,312.801269531,0.0961768254638,406
1538769600296002400,2158,1538769600294807232,NED,6.25999975204,327.295959473,0.453311979771,407
1538769600366000096,2159,1538769600363545184,NED,6.25999975204,327.295959473,0.453311979771,407
1538769600393616896,2160,1538769600390524064,NED,6.25999975204,327.295959473,0.453311979771,407
1538769600442556768,2161,1538769600439576000,NED,6.25999975204,328.296081543,0.811954021454,408
1538769600491005920,2162,1538769600489889664,NED,6.25999975204,328.296081543,0.811954021454,408
1538769600544262944,2163,1538769600543566304,NED,6.27999973297,344.559295654,1.15989530087,409
1538769600572936736,2164,1538769600571878528,NED,6.27999973297,344.559295654,1.15989530087,409
1538769600646969568,2165,1538769600645646272,NED,6.31999969482,344.559295654,1.72109341621,410
1538769600692874464,2166,1538769600690106144,NED,6.39999961853,356.965911865,2.18681025505,412
1538769600778826400,2167,1538769600777061920,NED,6.39999961853,356.965911865,2.18681025505,412
1538769600813132896,2168,1538769600812363200,NED,6.50999975204,365.140136719,2.78261470795,413
1538769600853585792,2169,1538769600852923008,NED,6.50999975204,365.140136719,2.78261470795,413
1538769600890201280,2170,1538769600885518464,NED,6.50999975204,365.140136719,2.78261470795,413
1538769600968823456,2171,1538769600964237120,NED,6.67000007629,365.140136719,3.35061073303,414
1538769601022127040,2172,1538769601017716448,NED,6.85999965668,365.140136719,4.00840806961,415
1538769601047051296,2173,1538769601043698624,NED,6.85999965668,365.140136719,4.00840806961,415
1538769601091528992,2174,1538769601089641856,NED,6.85999965668,365.140136719,4.00840806961,415
1538769601136178112,2175,1538769601135079904,NED,7.10999965668,373.780731201,4.65069103241,416
1538769601227959072,2176,1538769601226011712,NED,7.3799996376,374.780853271,5.33898162842,417
1538769601301090400,2177,1538769601294894272,NED,7.67999982834,403.671173096,6.04684066772,418
1538769601331157312,2178,1538769601327869952,NED,7.67999982834,403.671173096,6.04684066772,418
1538769601370419104,2179,1538769601367312736,NED,7.67999982834,403.671173096,6.04684066772,418
1538769601410049600,2180,1538769601406539264,NED,8.01000022888,402.671051025,6.73179149628,420
1538769601451902112,2181,1538769601448036736,NED,8.01000022888,402.671051025,6.73179149628,420
1538769601502312352,2182,1538769601490413984,NED,8.01000022888,402.671051025,6.73179149628,420
1538769601547173312,2183,1538769601546031424,NED,8.35999965668,384.356201172,7.49007463455,421
1538769601586738144,2184,1538769601584496320,NED,8.35999965668,384.356201172,7.49007463455,421
1538769601639848448,2185,1538769601639155328,NED,8.72000026703,385.356323242,8.22450447083,422
1538769601691609376,2186,1538769601687945696,NED,8.72000026703,385.356323242,8.22450447083,422
1538769601756793920,2187,1538769601754171616,NED,9.09000015259,358.969207764,8.99290180206,423
1538769601806306144,2188,1538769601803633888,NED,9.46000003815,357.969085693,9.76034069061,425
1538769601910793408,2189,1538769601898326048,NED,9.82999992371,317.885498047,10.5124750137,426
1538769601935252672,2190,1538769601933264320,NED,9.82999992371,317.885498047,10.5124750137,426
1538769601976799648,2191,1538769601974796448,NED,9.82999992371,317.885498047,10.5124750137,426
1538769602038862368,2192,1538769602037029856,NED,10.1999998093,317.885498047,11.3070077896,428
1538769602094550688,2193,1538769602093274688,NED,10.5599994659,261.938659668,12.0703754425,429
1538769602127068256,2194,1538769602124832256,NED,10.5599994659,261.938659668,12.0703754425,429
1538769602180590496,2195,1538769602180119968,NED,10.5599994659,261.938659668,12.0703754425,429
1538769602259412736,2196,1538769602258882304,NED,10.9299993515,201.463500977,12.8303461075,431
1538769602302266240,2197,1538769602301364576,NED,11.279999733,201.463500977,13.5875291824,432
1538769602379411232,2198,1538769602375751936,NED,11.279999733,201.463500977,13.5875291824,432
1538769602393604128,2199,1538769602391911104,NED,11.279999733,201.463500977,13.5875291824,432
1538769602452885632,2200,1538769602451072448,NED,11.6300001144,200.463394165,14.3333454132,434
1538769602526867680,2201,1538769602524866912,NED,11.9699993134,121.937850952,15.082118988,435
1538769602575556576,2202,1538769602574948032,NED,11.9699993134,121.937850952,15.082118988,435
1538769602647979456,2203,1538769602647135584,NED,12.3099994659,120.937728882,15.7905502319,437
1538769602663538848,2204,1538769602662535264,NED,12.3099994659,120.937728882,15.7905502319,437
1538769602703761856,2205,1538769602701361696,NED,12.6499996185,52.393913269,16.5494422913,439
1538769602753066368,2206,1538769602750866368,NED,12.6499996185,52.393913269,16.5494422913,439
1538769602783570144,2207,1538769602783042240,NED,12.6499996185,52.393913269,16.5494422913,439
1538769602861873920,2208,1538769602857775392,NED,13.0,52.393913269,17.2797985077,441
1538769602878886080,2209,1538769602878184768,NED,13.3400001526,23.101234436,17.9796104431,442
1538769602945584736,2210,1538769602944143040,NED,13.3400001526,23.101234436,17.9796104431,442
1538769602981370336,2211,1538769602980357344,NED,13.3400001526,23.101234436,17.9796104431,442
1538769603058748800,2212,1538769603057877888,NED,13.6799993515,23.101234436,18.7051143646,444
1538769603079766208,2213,1538769603075711040,NED,13.6799993515,23.101234436,18.7051143646,444
1538769603155971072,2214,1538769603155251168,NED,14.0099992752,-24.1580963135,19.3614444733,446
1538769603175003200,2215,1538769603174232832,NED,14.0099992752,-24.1580963135,19.3614444733,446
1538769603240576544,2216,1538769603238111456,NED,14.3299999237,-24.1580963135,20.0862636566,448
1538769603281397024,2217,1538769603280590688,NED,14.3299999237,-24.1580963135,20.0862636566,448
1538769603365791456,2218,1538769603365030240,NED,14.6300001144,-58.2107543945,20.764673233,449
1538769603372913984,2219,1538769603372033280,NED,14.6300001144,-58.2107543945,20.764673233,449
1538769603446385024,2220,1538769603445759968,NED,14.9299993515,-58.2107543945,21.3843898773,451
1538769603492876192,2221,1538769603492241120,NED,15.1999998093,-118.16444397,22.0650978088,453
1538769603542308256,2222,1538769603541392736,NED,15.1999998093,-118.16444397,22.0650978088,453
1538769603579886848,2223,1538769603577419296,NED,15.1999998093,-118.16444397,22.0650978088,453
1538769603685555776,2224,1538769603684246240,NED,15.7199993134,-149.878875732,23.2752189636,456
1538769603758255712,2225,1538769603755441440,NED,15.7199993134,-149.878875732,23.2752189636,456
1538769603778836096,2226,1538769603778332480,NED,15.7199993134,-149.878875732,23.2752189636,456
1538769603871304832,2227,1538769603870056288,NED,15.9799995422,-149.878875732,23.8907623291,458
1538769603908636160,2228,1538769603900380320,NED,16.2199993134,-183.453948975,24.4322166443,460
1538769603944078848,2229,1538769603940293152,NED,16.2199993134,-183.453948975,24.4322166443,460
1538769603977678176,2230,1538769603976228608,NED,16.2199993134,-183.453948975,24.4322166443,460
1538769604078142464,2231,1538769604074434016,NED,16.4599990845,-183.453948975,25.0158233643,461
1538769604096604160,2232,1538769604093040832,NED,16.4599990845,-183.453948975,25.0158233643,461
1538769604136858432,2233,1538769604135792640,NED,16.6700000763,-193.356903076,25.5092868805,463
1538769604180333056,2234,1538769604179141120,NED,16.6700000763,-193.356903076,25.5092868805,463
1538769604233190784,2235,1538769604232566912,NED,16.859998703,-193.356903076,26.0639820099,464
1538769604267748000,2236,1538769604267263264,NED,16.859998703,-193.356903076,26.0639820099,464
1538769604301908416,2237,1538769604300934720,NED,17.0499992371,-225.713928223,26.5641822815,466
1538769604359134720,2238,1538769604357981664,NED,17.0499992371,-225.713928223,26.5641822815,466
1538769604452317184,2239,1538769604451576512,NED,17.2199993134,-225.713928223,27.0112018585,467
1538769604500639328,2240,1538769604499437696,NED,17.3899993896,-231.626312256,27.5039710999,468
1538769604542935904,2241,1538769604541215744,NED,17.3899993896,-231.626312256,27.5039710999,468
1538769604602011904,2242,1538769604601004704,NED,17.5299987793,-231.626312256,27.9072093964,470
1538769604640135488,2243,1538769604637503648,NED,17.5299987793,-231.626312256,27.9072093964,470
1538769604688389568,2244,1538769604687018016,NED,17.6499996185,-243.891052246,28.344587326,471
1538769604773127744,2245,1538769604770889632,NED,17.6499996185,-243.891052246,28.344587326,471
1538769604856734496,2246,1538769604854967296,NED,17.75,-242.890930176,28.6817321777,472
1538769604915548864,2247,1538769604912454976,NED,17.8400001526,-245.087814331,29.0535049438,473
1538769604976847488,2248,1538769604976089152,NED,17.8400001526,-245.087814331,29.0535049438,473
1538769605070601696,2249,1538769605068933728,NED,17.9400005341,-245.087814331,29.3962936401,474
1538769605083462144,2250,1538769605082774912,NED,17.9400005341,-245.087814331,29.3962936401,474
1538769605172208768,2251,1538769605171756832,NED,18.0200004578,-255.173309326,29.6047210693,475
1538769605184744448,2252,1538769605183932160,NED,18.0200004578,-255.173309326,29.6047210693,475
1538769605244260192,2253,1538769605243123328,NED,18.0799999237,-255.173309326,29.8914451599,476
1538769605288915968,2254,1538769605288000800,NED,18.0799999237,-255.173309326,29.8914451599,476
1538769605343104992,2255,1538769605340634624,NED,18.1299991608,-250.112731934,30.1398830414,477
1538769605386807968,2256,1538769605384339136,NED,18.1299991608,-250.112731934,30.1398830414,477
1538769605445679456,2257,1538769605444275872,NED,18.1700000763,-250.112731934,30.3154983521,478
1538769605534873120,2258,1538769605531867648,NED,18.2099990845,-264.106567383,30.4570140839,478
1538769605611689568,2259,1538769605610478656,NED,18.2600002289,-264.106567383,30.662940979,479
1538769605634123648,2260,1538769605630652128,NED,18.2600002289,-264.106567383,30.662940979,479
1538769605668360512,2261,1538769605667195200,NED,18.2600002289,-264.106567383,30.662940979,479
1538769605713139584,2262,1538769605705689728,NED,18.3299999237,-261.501800537,30.8523178101,479
1538769605737360000,2263,1538769605734061696,NED,18.3299999237,-261.501800537,30.8523178101,479
1538769605785437120,2264,1538769605783565792,NED,18.3299999237,-261.501800537,30.8523178101,479
1538769605874298560,2265,1538769605869560512,NED,18.4099998474,-261.501800537,30.9365520477,480
1538769605885343776,2266,1538769605883548224,NED,18.4099998474,-261.501800537,30.9365520477,480
1538769605937039168,2267,1538769605933923552,NED,18.5200004578,-235.06918335,31.0758972168,480
1538769605974545024,2268,1538769605973234016,NED,18.5200004578,-235.06918335,31.0758972168,480
1538769606089538560,2269,1538769606088672032,NED,18.6199989319,-234.069061279,31.1170806885,481
1538769606143273248,2270,1538769606142219168,NED,18.7600002289,-227.210235596,31.2346725464,481
1538769606172407104,2271,1538769606171343776,NED,18.7600002289,-227.210235596,31.2346725464,481
1538769606260106688,2272,1538769606257652640,NED,18.9200000763,-227.210235596,31.3565578461,481
1538769606283885344,2273,1538769606283284480,NED,18.9200000763,-227.210235596,31.3565578461,481
1538769606337919040,2274,1538769606334735552,NED,19.1399993896,-214.218811035,31.3677806854,481
1538769606368310432,2275,1538769606365243808,NED,19.1399993896,-214.218811035,31.3677806854,481
1538769606507633152,2276,1538769606499659040,NED,19.359998703,-213.218688965,31.4727458954,481
1538769606562933504,2277,1538769606561855648,NED,19.609998703,-208.068664551,31.4661064148,482
1538769606576988448,2278,1538769606575146080,NED,19.609998703,-208.068664551,31.4661064148,482
1538769606649768320,2279,1538769606649122912,NED,19.859998703,-208.068664551,31.5616092682,482
1538769606680652800,2280,1538769606680057440,NED,19.859998703,-208.068664551,31.5616092682,482
1538769606739122112,2281,1538769606734559584,NED,20.1299991608,-184.135528564,31.6005401611,482
1538769606789173888,2282,1538769606787826624,NED,20.1299991608,-184.135528564,31.6005401611,482
1538769606851436064,2283,1538769606846548384,NED,20.3999996185,-183.135406494,31.5343151093,481
1538769606889484832,2284,1538769606888501600,NED,20.3999996185,-183.135406494,31.5343151093,481
1538769606932783776,2285,1538769606931655424,NED,20.6899986267,-150.666046143,31.5157108307,481
1538769607016201760,2286,1538769607014879232,NED,20.9899997711,-151.666168213,31.4193878174,481
1538769607038832736,2287,1538769607037656096,NED,20.9899997711,-151.666168213,31.4193878174,481
1538769607060222624,2288,1538769607058929792,NED,20.9899997711,-151.666168213,31.4193878174,481
1538769607121630912,2289,1538769607120391168,NED,21.2999992371,-140.832901001,31.3427295685,481
1538769607202224832,2290,1538769607201213728,NED,21.6000003815,-140.832901001,31.2238578796,480
1538769607273214048,2291,1538769607268722208,NED,21.6000003815,-140.832901001,31.2238578796,480
1538769607299638848,2292,1538769607297590368,NED,21.8999996185,-96.1235046387,30.9847660065,480
1538769607346062688,2293,1538769607343095584,NED,21.8999996185,-96.1235046387,30.9847660065,480
1538769607388327872,2294,1538769607387803648,NED,21.8999996185,-96.1235046387,30.9847660065,480
1538769607434041056,2295,1538769607432856160,NED,22.1899986267,-96.1235046387,30.8055553436,479
1538769607505930368,2296,1538769607504927744,NED,22.4899997711,-80.6289672852,30.4770507812,479
1538769607535008640,2297,1538769607533569760,NED,22.4899997711,-80.6289672852,30.4770507812,479
1538769607576975040,2298,1538769607574972768,NED,22.4899997711,-80.6289672852,30.4770507812,479
1538769607615992800,2299,1538769607615242880,NED,22.7799987793,-80.6289672852,30.2180595398,478
1538769607689129408,2300,1538769607688427072,NED,22.7799987793,-80.6289672852,30.2180595398,478
1538769607707038336,2301,1538769607705213920,NED,23.0699996948,-49.7291564941,29.8649311066,477
1538769607809957504,2302,1538769607808655648,NED,23.3299999237,-49.7291564941,29.5379924774,476
1538769607859075808,2303,1538769607856479232,NED,23.3299999237,-49.7291564941,29.5379924774,476
1538769607901861184,2304,1538769607900569888,NED,23.5799999237,-31.2582015991,29.1959381104,476
1538769607931793824,2305,1538769607930623488,NED,23.5799999237,-31.2582015991,29.1959381104,476
1538769608002012160,2306,1538769607997951712,NED,23.8099994659,-31.2582015991,28.8253307343,475
1538769608059761440,2307,1538769608056541344,NED,23.8099994659,-31.2582015991,28.8253307343,475
1538769608092813056,2308,1538769608091110016,NED,24.0199985504,0.709915161133,28.3650283813,474
1538769608140202912,2309,1538769608139187328,NED,24.0199985504,0.709915161133,28.3650283813,474
1538769608180081152,2310,1538769608179342272,NED,24.0199985504,0.709915161133,28.3650283813,474
1538769608245491968,2311,1538769608244572960,NED,24.1999988556,0.709915161133,27.8638858795,473
1538769608273779776,2312,1538769608272549440,NED,24.1999988556,0.709915161133,27.8638858795,473
1538769608339488352,2313,1538769608338483904,NED,24.359998703,19.6099281311,27.3107795715,472
1538769608385745440,2314,1538769608382301248,NED,24.359998703,19.6099281311,27.3107795715,472
1538769608478038048,2315,1538769608476096352,NED,24.4799995422,19.6099281311,26.7051258087,471
1538769608498775904,2316,1538769608497677536,NED,24.4799995422,19.6099281311,26.7051258087,471
1538769608539222624,2317,1538769608535044640,NED,24.5799999237,53.7851333618,26.0570201874,470
1538769608588602976,2318,1538769608585100736,NED,24.5799999237,53.7851333618,26.0570201874,470
1538769608648686976,2319,1538769608646627456,NED,24.6700000763,52.7850151062,25.3805217743,469
1538769608694259584,2320,1538769608691781504,NED,24.7399997711,70.8893737793,24.676279068,468
1538769608734560064,2321,1538769608733381184,NED,24.7399997711,70.8893737793,24.676279068,468
1538769608789431648,2322,1538769608785560512,NED,24.7399997711,70.8893737793,24.676279068,468
1538769608851678976,2323,1538769608850484416,NED,24.7899990082,71.8894958496,23.9551830292,467
1538769608905312608,2324,1538769608903178176,NED,24.8299999237,103.740982056,23.2102928162,466
1538769608956469376,2325,1538769608950534528,NED,24.8299999237,103.740982056,23.2102928162,466
1538769608982306336,2326,1538769608981009600,NED,24.8299999237,103.740982056,23.2102928162,466
1538769609062099872,2327,1538769609060014560,NED,24.859998703,143.033508301,22.4672374725,465
1538769609096777408,2328,1538769609096169952,NED,24.8799991608,143.033508301,21.7088356018,463
1538769609167478144,2329,1538769609165835936,NED,24.8799991608,143.033508301,21.7088356018,463
1538769609210988480,2330,1538769609209270688,NED,24.8799991608,143.033508301,20.9420967102,462
1538769609268951264,2331,1538769609266995296,NED,24.8799991608,143.033508301,20.9420967102,462
1538769609330389824,2332,1538769609328284800,NED,24.8899993896,175.884628296,20.1761856079,461
1538769609373950496,2333,1538769609370966944,NED,24.8899993896,175.884628296,20.1761856079,461
1538769609383927776,2334,1538769609382448320,NED,24.8899993896,175.884628296,20.1761856079,461
1538769609444207424,2335,1538769609441882720,NED,24.8899993896,174.884506226,19.4268112183,460
1538769609514202016,2336,1538769609510895392,NED,24.8999996185,208.679016113,18.6767120361,459
1538769609585317152,2337,1538769609584440416,NED,24.8999996185,208.679016113,18.6767120361,459
1538769609647024000,2338,1538769609643329952,NED,24.9099998474,209.679122925,17.9446601868,458
1538769609701906112,2339,1538769609700675936,NED,24.9499988556,242.684555054,17.2071304321,457
1538769609733430944,2340,1538769609732536736,NED,24.9499988556,242.684555054,17.2071304321,457
1538769609793142176,2341,1538769609792608672,NED,24.9499988556,242.684555054,17.2071304321,457
1538769609846744704,2342,1538769609845743296,NED,24.9899997711,242.684555054,16.5001220703,456
1538769609857526560,2343,1538769609856276960,NED,24.9899997711,242.684555054,16.5001220703,456
1538769609920314624,2344,1538769609919242048,NED,25.0599994659,272.149749756,15.7875814438,455
1538769609966024768,2345,1538769609965329056,NED,25.0599994659,272.149749756,15.7875814438,455
1538769610004877856,2346,1538769610001504768,NED,25.1399993896,272.149749756,15.0938768387,454
1538769610064498816,2347,1538769610061706048,NED,25.1399993896,272.149749756,15.0938768387,454
1538769610103283264,2348,1538769610100748000,NED,25.25,288.409423828,14.4084920883,453
1538769610141085472,2349,1538769610140621408,NED,25.25,288.409423828,14.4084920883,453
1538769610187837184,2350,1538769610186801184,NED,25.25,288.409423828,14.4084920883,453
1538769610256957824,2351,1538769610252423104,NED,25.3699989319,287.409301758,13.7350378036,453
1538769610311883904,2352,1538769610307501664,NED,25.5,307.791992188,13.0838975906,452
1538769610353393088,2353,1538769610352596544,NED,25.5,307.791992188,13.0838975906,452
1538769610368781280,2354,1538769610368024192,NED,25.5,307.791992188,13.0838975906,452
1538769610459033696,2355,1538769610458471264,NED,25.6399993896,307.791992188,12.4227552414,451
1538769610494653920,2356,1538769610490736416,NED,25.6399993896,307.791992188,12.4227552414,451
1538769610549718336,2357,1538769610548644576,NED,25.7899990082,319.794067383,11.7886972427,450
1538769610604728000,2358,1538769610602449152,NED,25.9599990845,320.794189453,11.1670646667,449
1538769610625683584,2359,1538769610623975776,NED,25.9599990845,320.794189453,11.1670646667,449
1538769610657518816,2360,1538769610655264128,NED,25.9599990845,320.794189453,11.1670646667,449
1538769610698070656,2361,1538769610695061664,NED,26.1399993896,328.114685059,10.5585699081,448
1538769610735475872,2362,1538769610734429408,NED,26.1399993896,328.114685059,10.5585699081,448
1538769610789034688,2363,1538769610784725280,NED,26.1399993896,328.114685059,10.5585699081,448
1538769610854705184,2364,1538769610853381760,NED,26.3199996948,327.114593506,9.96475887299,447
1538769610927969344,2365,1538769610926790720,NED,26.5199985504,330.789550781,9.38714408875,446
1538769610938876512,2366,1538769610937823456,NED,26.5199985504,330.789550781,9.38714408875,446
1538769611028326112,2367,1538769611027794624,NED,26.7299995422,330.789550781,8.82342815399,445
1538769611055581568,2368,1538769611054564384,NED,26.7299995422,330.789550781,8.82342815399,445
1538769611075356000,2369,1538769611074775264,NED,26.7299995422,330.789550781,8.82342815399,445
1538769611170611424,2370,1538769611169666880,NED,26.9399986267,333.911712646,8.27826881409,445
1538769611187195680,2371,1538769611185107968,NED,26.9399986267,333.911712646,8.27826881409,445
1538769611241879008,2372,1538769611239031232,NED,27.1599998474,332.911590576,7.74709558487,444
1538769611291074464,2373,1538769611286943008,NED,27.1599998474,332.911590576,7.74709558487,444
1538769611339629664,2374,1538769611338066144,NED,27.3899993896,327.130218506,7.2373623848,443
1538769611376313568,2375,1538769611373675104,NED,27.3899993896,327.130218506,7.2373623848,443
1538769611455070208,2376,1538769611450728608,NED,27.6299991608,328.130340576,6.73706960678,442
1538769611479407680,2377,1538769611477653248,NED,27.6299991608,328.130340576,6.73706960678,442
1538769611506851296,2378,1538769611506187488,NED,27.8899993896,320.492645264,6.27456378937,441
1538769611568583520,2379,1538769611567485664,NED,27.8899993896,320.492645264,6.27456378937,441
1538769611596349792,2380,1538769611593803904,NED,28.1499996185,321.492767334,5.8252453804,441
1538769611670066688,2381,1538769611669311104,NED,28.1499996185,321.492767334,5.8252453804,441
1538769611697378336,2382,1538769611695048032,NED,28.4099998474,310.182189941,5.39764261246,440
1538769611730717568,2383,1538769611728494816,NED,28.4099998474,310.182189941,5.39764261246,440
1538769611781462368,2384,1538769611780902432,NED,28.4099998474,310.182189941,5.39764261246,440
1538769611860079424,2385,1538769611853127616,NED,28.6800003052,310.182189941,5.03483247757,439
1538769611879235776,2386,1538769611878138368,NED,28.9399986267,293.351745605,4.74164772034,439
1538769611938792000,2387,1538769611935264928,NED,28.9399986267,293.351745605,4.74164772034,439
1538769611990481216,2388,1538769611989886080,NED,28.9399986267,293.351745605,4.74164772034,439
1538769612049029344,2389,1538769612048029440,NED,29.2099990845,293.351745605,4.51015472412,438
1538769612087992192,2390,1538769612086969824,NED,29.4699993134,285.429656982,4.35763931274,437
1538769612160936640,2391,1538769612160076992,NED,29.4699993134,285.429656982,4.35763931274,437
1538769612201032096,2392,1538769612198597888,NED,29.7299995422,285.429656982,4.28502225876,437
1538769612252643776,2393,1538769612251629344,NED,29.7299995422,285.429656982,4.28502225876,437
1538769612299408896,2394,1538769612295661184,NED,29.9799995422,268.825042725,4.30279636383,436
1538769612335633088,2395,1538769612333811360,NED,29.9799995422,268.825042725,4.30279636383,436
1538769612391211776,2396,1538769612390483936,NED,30.2199993134,268.825042725,4.34827947617,436
