%time,field.header.seq,field.header.stamp,field.header.frame_id,field.child_frame_id,field.pose.pose.position.x,field.pose.pose.position.y,field.pose.pose.position.z,field.pose.pose.orientation.x,field.pose.pose.orientation.y,field.pose.pose.orientation.z,field.pose.pose.orientation.w,field.pose.covariance0,field.pose.covariance1,field.pose.covariance2,field.pose.covariance3,field.pose.covariance4,field.pose.covariance5,field.pose.covariance6,field.pose.covariance7,field.pose.covariance8,field.pose.covariance9,field.pose.covariance10,field.pose.covariance11,field.pose.covariance12,field.pose.covariance13,field.pose.covariance14,field.pose.covariance15,field.pose.covariance16,field.pose.covariance17,field.pose.covariance18,field.pose.covariance19,field.pose.covariance20,field.pose.covariance21,field.pose.covariance22,field.pose.covariance23,field.pose.covariance24,field.pose.covariance25,field.pose.covariance26,field.pose.covariance27,field.pose.covariance28,field.pose.covariance29,field.pose.covariance30,field.pose.covariance31,field.pose.covariance32,field.pose.covariance33,field.pose.covariance34,field.pose.covariance35,field.twist.twist.linear.x,field.twist.twist.linear.y,field.twist.twist.linear.z,field.twist.twist.angular.x,field.twist.twist.angular.y,field.twist.twist.angular.z,field.twist.covariance0,field.twist.covariance1,field.twist.covariance2,field.twist.covariance3,field.twist.covariance4,field.twist.covariance5,field.twist.covariance6,field.twist.covariance7,field.twist.covariance8,field.twist.covariance9,field.twist.covariance10,field.twist.covariance11,field.twist.covariance12,field.twist.covariance13,field.twist.covariance14,field.twist.covariance15,field.twist.covariance16,field.twist.covariance17,field.twist.covariance18,field.twist.covariance19,field.twist.covariance20,field.twist.covariance21,field.twist.covariance22,field.twist.covariance23,field.twist.covariance24,field.twist.covariance25,field.twist.covariance26,field.twist.covariance27,field.twist.covariance28,field.twist.covariance29,field.twist.covariance30,field.twist.covariance31,field.twist.covariance32,field.twist.covariance33,field.twist.covariance34,field.twist.covariance35
1532986742198257902,844,1532986742197964143,map,base_link,-73.9199829102,44.7069778442,91.2291717529,0.0374688517956,-0.00742208378453,-0.0672735606522,-0.997003142349,1e-06,0.0,0.0,0.0,0.0,0.0,0.0,1e-06,0.0,0.0,0.0,0.0,0.0,0.0,1e-06,0.0,0.0,0.0,0.0,0.0,0.0,1e-06,0.0,0.0,0.0,0.0,0.0,0.0,1e-06,0.0,0.0,0.0,0.0,0.0,0.0,1e-06,22.4386756153,1.02940477869,-0.251081104696,-0.441371709108,0.0720178633928,0.0387695357203,0.0001,0.0,0.0,0.0,0.0,0.0,0.0,0.0001,0.0,0.0,0.0,0.0,0.0,0.0,0.0001,0.0,0.0,0.0,0.0,0.0,0.0,0.0001,0.0,0.0,0.0,0.0,0.0,0.0,0.0001,0.0,0.0,0.0,0.0,0.0,0.0,0.0001
1532986742407592688,845,1532986742406966386,map,base_link,-69.0354309082,45.6539039612,91.036277771,0.0374688517956,-0.00742208378453,-0.0672735606522,-0.997003142349,1e-06,0.0,0.0,0.0,0.0,0.0,0.0,1e-06,0.0,0.0,0.0,0.0,0.0,0.0,1e-06,0.0,0.0,0.0,0.0,0.0,0.0,1e-06,0.0,0.0,0.0,0.0,0.0,0.0,1e-06,0.0,0.0,0.0,0.0,0.0,0.0,1e-06,22.5115427329,0.835508133725,-0.623360163526,-0.441371709108,0.0720178633928,0.0387695357203,0.0001,0.0,0.0,0.0,0.0,0.0,0.0,0.0001,0.0,0.0,0.0,0.0,0.0,0.0,0.0001,0.0,0.0,0.0,0.0,0.0,0.0,0.0001,0.0,0.0,0.0,0.0,0.0,0.0,0.0001,0.0,0.0,0.0,0.0,0.0,0.0,0.0001
1532986742665373631,846,1532986742663041734,map,base_link,-62.8273963928,46.6660728455,90.6367263794,-0.160410611356,-0.0352351114761,-0.0434112476724,-0.985465568277,1e-06,0.0,0.0,0.0,0.0,0.0,0.0,1e-06,0.0,0.0,0.0,0.0,0.0,0.0,1e-06,0.0,0.0,0.0,0.0,0.0,0.0,1e-06,0.0,0.0,0.0,0.0,0.0,0.0,1e-06,0.0,0.0,0.0,0.0,0.0,0.0,1e-06,22.3759801345,0.839199997557,-0.498726331643,0.984449326992,0.0255642421544,-0.0160534456372,0.0001,0.0,0.0,0.0,0.0,0.0,0.0,0.0001,0.0,0.0,0.0,0.0,0.0,0.0,0.0001,0.0,0.0,0.0,0.0,0.0,0.0,0.0001,0.0,0.0,0.0,0.0,0.0,0.0,0.0001,0.0,0.0,0.0,0.0,0.0,0.0,0.0001
1532986742904836389,847,1532986742903966312,map,base_link,-57.5434951782,47.4848899841,90.323677063,0.0603512017937,-0.0115690852072,-0.080459217797,-0.994861901462,1e-06,0.0,0.0,0.0,0.0,0.0,0.0,1e-06,0.0,0.0,0.0,0.0,0.0,0.0,1e-06,0.0,0.0,0.0,0.0,0.0,0.0,1e-06,0.0,0.0,0.0,0.0,0.0,0.0,1e-06,0.0,0.0,0.0,0.0,0.0,0.0,1e-06,22.0643794645,0.00685016506002,-0.531947053712,-1.25253522396,0.0869359150529,-0.034867323935,0.0001,0.0,0.0,0.0,0.0,0.0,0.0,0.0001,0.0,0.0,0.0,0.0,0.0,0.0,0.0001,0.0,0.0,0.0,0.0,0.0,0.0,0.0001,0.0,0.0,0.0,0.0,0.0,0.0,0.0001,0.0,0.0,0.0,0.0,0.0,0.0,0.0001
1532986743123980362,848,1532986743123397996,map,base_link,-52.7768821716,48.4019889832,90.1215820312,0.0603512017937,-0.0115690852072,-0.080459217797,-0.994861901462,1e-06,0.0,0.0,0.0,0.0,0.0,0.0,1e-06,0.0,0.0,0.0,0.0,0.0,0.0,1e-06,0.0,0.0,0.0,0.0,0.0,0.0,1e-06,0.0,0.0,0.0,0.0,0.0,0.0,1e-06,0.0,0.0,0.0,0.0,0.0,0.0,1e-06,21.7261017207,0.731401775314,-0.434303175857,-1.25253522396,0.0869359150529,-0.034867323935,0.0001,0.0,0.0,0.0,0.0,0.0,0.0,0.0001,0.0,0.0,0.0,0.0,0.0,0.0,0.0001,0.0,0.0,0.0,0.0,0.0,0.0,0.0001,0.0,0.0,0.0,0.0,0.0,0.0,0.0001,0.0,0.0,0.0,0.0,0.0,0.0,0.0001
1532986743427465742,849,1532986743426634257,map,base_link,-46.4951515198,49.9627952576,89.8640670776,0.190216492937,-0.00328399152075,-0.0631658690389,-0.9797024927,1e-06,0.0,0.0,0.0,0.0,0.0,0.0,1e-06,0.0,0.0,0.0,0.0,0.0,0.0,1e-06,0.0,0.0,0.0,0.0,0.0,0.0,1e-06,0.0,0.0,0.0,0.0,0.0,0.0,1e-06,0.0,0.0,0.0,0.0,0.0,0.0,1e-06,21.1334696566,2.75826245081,0.354648214089,-0.571762800217,-0.0169348083436,-0.0777142494917,0.0001,0.0,0.0,0.0,0.0,0.0,0.0,0.0001,0.0,0.0,0.0,0.0,0.0,0.0,0.0001,0.0,0.0,0.0,0.0,0.0,0.0,0.0001,0.0,0.0,0.0,0.0,0.0,0.0,0.0001,0.0,0.0,0.0,0.0,0.0,0.0,0.0001
1532986743645515702,850,1532986743645164856,map,base_link,-42.0263175964,51.3587646484,89.6752166748,0.255899024761,0.00793212677705,-0.100326893369,-0.961450614935,1e-06,0.0,0.0,0.0,0.0,0.0,0.0,1e-06,0.0,0.0,0.0,0.0,0.0,0.0,1e-06,0.0,0.0,0.0,0.0,0.0,0.0,1e-06,0.0,0.0,0.0,0.0,0.0,0.0,1e-06,0.0,0.0,0.0,0.0,0.0,0.0,1e-06,20.8910320277,2.29956266536,0.330966502083,-0.251866430044,-0.103498607874,0.330687433481,0.0001,0.0,0.0,0.0,0.0,0.0,0.0,0.0001,0.0,0.0,0.0,0.0,0.0,0.0,0.0001,0.0,0.0,0.0,0.0,0.0,0.0,0.0001,0.0,0.0,0.0,0.0,0.0,0.0,0.0001,0.0,0.0,0.0,0.0,0.0,0.0,0.0001
1532986743880785674,851,1532986743879075152,map,base_link,-37.3147392273,53.1569061279,89.4197998047,0.255899024761,0.00793212677705,-0.100326893369,-0.961450614935,1e-06,0.0,0.0,0.0,0.0,0.0,0.0,1e-06,0.0,0.0,0.0,0.0,0.0,0.0,1e-06,0.0,0.0,0.0,0.0,0.0,0.0,1e-06,0.0,0.0,0.0,0.0,0.0,0.0,1e-06,0.0,0.0,0.0,0.0,0.0,0.0,1e-06,20.417412693,3.59741190575,0.770389821894,-0.251866430044,-0.103498607874,0.330687433481,0.0001,0.0,0.0,0.0,0.0,0.0,0.0,0.0001,0.0,0.0,0.0,0.0,0.0,0.0,0.0001,0.0,0.0,0.0,0.0,0.0,0.0,0.0001,0.0,0.0,0.0,0.0,0.0,0.0,0.0001,0.0,0.0,0.0,0.0,0.0,0.0,0.0001
1532986744139218008,852,1532986744138520762,map,base_link,-32.4372596741,55.4505500793,89.060874939,0.310514770683,0.0212975856427,-0.189659096474,-0.93121233731,1e-06,0.0,0.0,0.0,0.0,0.0,0.0,1e-06,0.0,0.0,0.0,0.0,0.0,0.0,1e-06,0.0,0.0,0.0,0.0,0.0,0.0,1e-06,0.0,0.0,0.0,0.0,0.0,0.0,1e-06,0.0,0.0,0.0,0.0,0.0,0.0,1e-06,20.4756998523,1.54331705777,0.469046055193,-0.167784288526,-0.11658667773,0.313790231943,0.0001,0.0,0.0,0.0,0.0,0.0,0.0,0.0001,0.0,0.0,0.0,0.0,0.0,0.0,0.0001,0.0,0.0,0.0,0.0,0.0,0.0,0.0001,0.0,0.0,0.0,0.0,0.0,0.0,0.0001,0.0,0.0,0.0,0.0,0.0,0.0,0.0001
1532986744441567936,853,1532986744440539523,map,base_link,-27.4390525818,58.3830413818,88.563293457,0.334736372927,0.0284498306398,-0.233150582268,-0.912569435037,1e-06,0.0,0.0,0.0,0.0,0.0,0.0,1e-06,0.0,0.0,0.0,0.0,0.0,0.0,1e-06,0.0,0.0,0.0,0.0,0.0,0.0,1e-06,0.0,0.0,0.0,0.0,0.0,0.0,1e-06,0.0,0.0,0.0,0.0,0.0,0.0,1e-06,20.3424372401,1.54590631308,0.714077754698,-0.193875938654,-0.116170778871,0.288332074881,0.0001,0.0,0.0,0.0,0.0,0.0,0.0,0.0001,0.0,0.0,0.0,0.0,0.0,0.0,0.0001,0.0,0.0,0.0,0.0,0.0,0.0,0.0001,0.0,0.0,0.0,0.0,0.0,0.0,0.0001,0.0,0.0,0.0,0.0,0.0,0.0,0.0001
1532986744649828774,854,1532986744649294215,map,base_link,-23.7200145721,60.9969406128,88.0947799683,0.334736372927,0.0284498306398,-0.233150582268,-0.912569435037,1e-06,0.0,0.0,0.0,0.0,0.0,0.0,1e-06,0.0,0.0,0.0,0.0,0.0,0.0,1e-06,0.0,0.0,0.0,0.0,0.0,0.0,1e-06,0.0,0.0,0.0,0.0,0.0,0.0,1e-06,0.0,0.0,0.0,0.0,0.0,0.0,1e-06,20.1369574107,2.89660078641,1.67374474963,-0.193875938654,-0.116170778871,0.288332074881,0.0001,0.0,0.0,0.0,0.0,0.0,0.0,0.0001,0.0,0.0,0.0,0.0,0.0,0.0,0.0001,0.0,0.0,0.0,0.0,0.0,0.0,0.0001,0.0,0.0,0.0,0.0,0.0,0.0,0.0001,0.0,0.0,0.0,0.0,0.0,0.0,0.0001
1532986744894110558,855,1532986744893533824,map,base_link,-19.5881328583,64.4796295166,87.518119812,0.342480680702,0.0352970209668,-0.307102020623,-0.887214434388,1e-06,0.0,0.0,0.0,0.0,0.0,0.0,1e-06,0.0,0.0,0.0,0.0,0.0,0.0,1e-06,0.0,0.0,0.0,0.0,0.0,0.0,1e-06,0.0,0.0,0.0,0.0,0.0,0.0,1e-06,0.0,0.0,0.0,0.0,0.0,0.0,1e-06,20.3867421861,1.57472980438,1.63213987869,-0.0672197043896,-0.129921630025,0.343296438456,0.0001,0.0,0.0,0.0,0.0,0.0,0.0,0.0001,0.0,0.0,0.0,0.0,0.0,0.0,0.0001,0.0,0.0,0.0,0.0,0.0,0.0,0.0001,0.0,0.0,0.0,0.0,0.0,0.0,0.0001,0.0,0.0,0.0,0.0,0.0,0.0,0.0001
1532986745125901917,856,1532986745125097887,map,base_link,-16.3456077576,67.7177276611,87.0097732544,0.342480680702,0.0352970209668,-0.307102020623,-0.887214434388,1e-06,0.0,0.0,0.0,0.0,0.0,0.0,1e-06,0.0,0.0,0.0,0.0,0.0,0.0,1e-06,0.0,0.0,0.0,0.0,0.0,0.0,1e-06,0.0,0.0,0.0,0.0,0.0,0.0,1e-06,0.0,0.0,0.0,0.0,0.0,0.0,1e-06,20.283237948,2.91550158907,2.50067723282,-0.0672197043896,-0.129921630025,0.343296438456,0.0001,0.0,0.0,0.0,0.0,0.0,0.0,0.0001,0.0,0.0,0.0,0.0,0.0,0.0,0.0001,0.0,0.0,0.0,0.0,0.0,0.0,0.0001,0.0,0.0,0.0,0.0,0.0,0.0,0.0001,0.0,0.0,0.0,0.0,0.0,0.0,0.0001
1532986745342505738,857,1532986745342125067,map,base_link,-13.3030385971,71.2064056396,86.4328994751,0.355727495841,0.0424091969273,-0.399185276851,-0.843984907131,1e-06,0.0,0.0,0.0,0.0,0.0,0.0,1e-06,0.0,0.0,0.0,0.0,0.0,0.0,1e-06,0.0,0.0,0.0,0.0,0.0,0.0,1e-06,0.0,0.0,0.0,0.0,0.0,0.0,1e-06,0.0,0.0,0.0,0.0,0.0,0.0,1e-06,20.7042493753,0.334293145838,1.71332590852,-0.150964364409,-0.200084164739,0.392437845469,0.0001,0.0,0.0,0.0,0.0,0.0,0.0,0.0001,0.0,0.0,0.0,0.0,0.0,0.0,0.0001,0.0,0.0,0.0,0.0,0.0,0.0,0.0001,0.0,0.0,0.0,0.0,0.0,0.0,0.0001,0.0,0.0,0.0,0.0,0.0,0.0,0.0001
1532986745606050631,858,1532986745605304650,map,base_link,-9.9952917099,75.5789642334,85.6078414917,0.366566830665,0.0533795539966,-0.45534189593,-0.809594429132,1e-06,0.0,0.0,0.0,0.0,0.0,0.0,1e-06,0.0,0.0,0.0,0.0,0.0,0.0,1e-06,0.0,0.0,0.0,0.0,0.0,0.0,1e-06,0.0,0.0,0.0,0.0,0.0,0.0,1e-06,0.0,0.0,0.0,0.0,0.0,0.0,1e-06,20.8974673184,-0.462566738473,1.41761150373,-0.0977346748114,-0.240754574537,0.375668734312,0.0001,0.0,0.0,0.0,0.0,0.0,0.0,0.0001,0.0,0.0,0.0,0.0,0.0,0.0,0.0001,0.0,0.0,0.0,0.0,0.0,0.0,0.0001,0.0,0.0,0.0,0.0,0.0,0.0,0.0001,0.0,0.0,0.0,0.0,0.0,0.0,0.0001
1532986745824570606,859,1532986745823706065,map,base_link,-7.53289747238,79.5033493042,84.8421630859,0.366566830665,0.0533795539966,-0.45534189593,-0.809594429132,1e-06,0.0,0.0,0.0,0.0,0.0,0.0,1e-06,0.0,0.0,0.0,0.0,0.0,0.0,1e-06,0.0,0.0,0.0,0.0,0.0,0.0,1e-06,0.0,0.0,0.0,0.0,0.0,0.0,1e-06,0.0,0.0,0.0,0.0,0.0,0.0,1e-06,20.9294402154,1.0666872166,2.58483569362,-0.0977346748114,-0.240754574537,0.375668734312,0.0001,0.0,0.0,0.0,0.0,0.0,0.0,0.0001,0.0,0.0,0.0,0.0,0.0,0.0,0.0001,0.0,0.0,0.0,0.0,0.0,0.0,0.0001,0.0,0.0,0.0,0.0,0.0,0.0,0.0001,0.0,0.0,0.0,0.0,0.0,0.0,0.0001
1532986746096177076,860,1532986746095851605,map,base_link,-5.0544090271,84.4640045166,83.8787918091,0.378787095094,0.0843735466803,-0.51070963363,-0.767187794043,1e-06,0.0,0.0,0.0,0.0,0.0,0.0,1e-06,0.0,0.0,0.0,0.0,0.0,0.0,1e-06,0.0,0.0,0.0,0.0,0.0,0.0,1e-06,0.0,0.0,0.0,0.0,0.0,0.0,1e-06,0.0,0.0,0.0,0.0,0.0,0.0,1e-06,21.1612272812,0.309598771649,2.22011969065,-0.216244220734,-0.253282219172,0.218347892165,0.0001,0.0,0.0,0.0,0.0,0.0,0.0,0.0001,0.0,0.0,0.0,0.0,0.0,0.0,0.0001,0.0,0.0,0.0,0.0,0.0,0.0,0.0001,0.0,0.0,0.0,0.0,0.0,0.0,0.0001,0.0,0.0,0.0,0.0,0.0,0.0,0.0001
1532986746289673928,861,1532986746289212297,map,base_link,-3.4685382843,88.4638595581,83.1340332031,0.345900384268,0.0969778685219,-0.550359552694,-0.753692629617,1e-06,0.0,0.0,0.0,0.0,0.0,0.0,1e-06,0.0,0.0,0.0,0.0,0.0,0.0,1e-06,0.0,0.0,0.0,0.0,0.0,0.0,1e-06,0.0,0.0,0.0,0.0,0.0,0.0,1e-06,0.0,0.0,0.0,0.0,0.0,0.0,1e-06,21.3502048683,0.217592107119,1.50143348429,0.113095380366,-0.281240254641,0.242874309421,0.0001,0.0,0.0,0.0,0.0,0.0,0.0,0.0001,0.0,0.0,0.0,0.0,0.0,0.0,0.0001,0.0,0.0,0.0,0.0,0.0,0.0,0.0001,0.0,0.0,0.0,0.0,0.0,0.0,0.0001,0.0,0.0,0.0,0.0,0.0,0.0,0.0001
1532986746521078024,862,1532986746519866540,map,base_link,-1.93536984921,93.4222717285,82.2622299194,0.345900384268,0.0969778685219,-0.550359552694,-0.753692629617,1e-06,0.0,0.0,0.0,0.0,0.0,0.0,1e-06,0.0,0.0,0.0,0.0,0.0,0.0,1e-06,0.0,0.0,0.0,0.0,0.0,0.0,1e-06,0.0,0.0,0.0,0.0,0.0,0.0,1e-06,0.0,0.0,0.0,0.0,0.0,0.0,1e-06,21.3019590013,1.56868388463,2.67352094548,0.113095380366,-0.281240254641,0.242874309421,0.0001,0.0,0.0,0.0,0.0,0.0,0.0,0.0001,0.0,0.0,0.0,0.0,0.0,0.0,0.0001,0.0,0.0,0.0,0.0,0.0,0.0,0.0001,0.0,0.0,0.0,0.0,0.0,0.0,0.0001,0.0,0.0,0.0,0.0,0.0,0.0,0.0001
1532986746797251649,863,1532986746796417443,map,base_link,-0.758055090904,98.9092636108,81.3201446533,0.342086948534,0.14593878145,-0.650642990419,-0.662074082509,1e-06,0.0,0.0,0.0,0.0,0.0,0.0,1e-06,0.0,0.0,0.0,0.0,0.0,0.0,1e-06,0.0,0.0,0.0,0.0,0.0,0.0,1e-06,0.0,0.0,0.0,0.0,0.0,0.0,1e-06,0.0,0.0,0.0,0.0,0.0,0.0,1e-06,21.5382234124,-1.63746295058,0.60709635185,-0.190086215734,-0.340814948082,0.34193277359,0.0001,0.0,0.0,0.0,0.0,0.0,0.0,0.0001,0.0,0.0,0.0,0.0,0.0,0.0,0.0001,0.0,0.0,0.0,0.0,0.0,0.0,0.0001,0.0,0.0,0.0,0.0,0.0,0.0,0.0001,0.0,0.0,0.0,0.0,0.0,0.0,0.0001
1532986747019088799,864,1532986747017606147,map,base_link,-0.24828004837,104.105690002,80.4997329712,0.342086948534,0.14593878145,-0.650642990419,-0.662074082509,1e-06,0.0,0.0,0.0,0.0,0.0,0.0,1e-06,0.0,0.0,0.0,0.0,0.0,0.0,1e-06,0.0,0.0,0.0,0.0,0.0,0.0,1e-06,0.0,0.0,0.0,0.0,0.0,0.0,1e-06,0.0,0.0,0.0,0.0,0.0,0.0,1e-06,21.5689996384,-0.118611709096,2.26447672199,-0.190086215734,-0.340814948082,0.34193277359,0.0001,0.0,0.0,0.0,0.0,0.0,0.0,0.0001,0.0,0.0,0.0,0.0,0.0,0.0,0.0001,0.0,0.0,0.0,0.0,0.0,0.0,0.0001,0.0,0.0,0.0,0.0,0.0,0.0,0.0001,0.0,0.0,0.0,0.0,0.0,0.0,0.0001
1532986747299441322,865,1532986747298573837,map,base_link,-0.298499107361,110.181221008,79.5520019531,0.314337890084,0.188291874779,-0.71538449346,-0.594947802136,1e-06,0.0,0.0,0.0,0.0,0.0,0.0,1e-06,0.0,0.0,0.0,0.0,0.0,0.0,1e-06,0.0,0.0,0.0,0.0,0.0,0.0,1e-06,0.0,0.0,0.0,0.0,0.0,0.0,1e-06,0.0,0.0,0.0,0.0,0.0,0.0,1e-06,21.6752766015,-1.37892248083,0.601055883196,-0.216379210353,-0.365397751331,0.252274125814,0.0001,0.0,0.0,0.0,0.0,0.0,0.0,0.0001,0.0,0.0,0.0,0.0,0.0,0.0,0.0001,0.0,0.0,0.0,0.0,0.0,0.0,0.0001,0.0,0.0,0.0,0.0,0.0,0.0,0.0001,0.0,0.0,0.0,0.0,0.0,0.0,0.0001
1532986747521152840,866,1532986747520902857,map,base_link,-0.842852711678,114.940284729,78.842338562,0.314337890084,0.188291874779,-0.71538449346,-0.594947802136,1e-06,0.0,0.0,0.0,0.0,0.0,0.0,1e-06,0.0,0.0,0.0,0.0,0.0,0.0,1e-06,0.0,0.0,0.0,0.0,0.0,0.0,1e-06,0.0,0.0,0.0,0.0,0.0,0.0,1e-06,0.0,0.0,0.0,0.0,0.0,0.0,1e-06,21.6375089107,-0.00379000026255,1.92808437701,-0.216379210353,-0.365397751331,0.252274125814,0.0001,0.0,0.0,0.0,0.0,0.0,0.0,0.0001,0.0,0.0,0.0,0.0,0.0,0.0,0.0001,0.0,0.0,0.0,0.0,0.0,0.0,0.0001,0.0,0.0,0.0,0.0,0.0,0.0,0.0001,0.0,0.0,0.0,0.0,0.0,0.0,0.0001
1532986747800272376,867,1532986747798237022,map,base_link,-2.04088139534,120.46786499,78.0340499878,0.289998001966,0.223060248691,-0.765852799652,-0.52878613217,1e-06,0.0,0.0,0.0,0.0,0.0,0.0,1e-06,0.0,0.0,0.0,0.0,0.0,0.0,1e-06,0.0,0.0,0.0,0.0,0.0,0.0,1e-06,0.0,0.0,0.0,0.0,0.0,0.0,1e-06,0.0,0.0,0.0,0.0,0.0,0.0,1e-06,21.6455604664,-1.1569614064,0.685393945477,-0.0241339355707,-0.312738776207,0.313313156366,0.0001,0.0,0.0,0.0,0.0,0.0,0.0,0.0001,0.0,0.0,0.0,0.0,0.0,0.0,0.0001,0.0,0.0,0.0,0.0,0.0,0.0,0.0001,0.0,0.0,0.0,0.0,0.0,0.0,0.0001,0.0,0.0,0.0,0.0,0.0,0.0,0.0001
1532986748026852455,868,1532986748025947466,map,base_link,-3.65010452271,125.389015198,77.3309936523,0.289998001966,0.223060248691,-0.765852799652,-0.52878613217,1e-06,0.0,0.0,0.0,0.0,0.0,0.0,1e-06,0.0,0.0,0.0,0.0,0.0,0.0,1e-06,0.0,0.0,0.0,0.0,0.0,0.0,1e-06,0.0,0.0,0.0,0.0,0.0,0.0,1e-06,0.0,0.0,0.0,0.0,0.0,0.0,1e-06,21.5146605174,0.329267581417,2.20518150701,-0.0241339355707,-0.312738776207,0.313313156366,0.0001,0.0,0.0,0.0,0.0,0.0,0.0,0.0001,0.0,0.0,0.0,0.0,0.0,0.0,0.0001,0.0,0.0,0.0,0.0,0.0,0.0,0.0001,0.0,0.0,0.0,0.0,0.0,0.0,0.0001,0.0,0.0,0.0,0.0,0.0,0.0,0.0001
1532986748255586128,869,1532986748255092049,map,base_link,-5.74631929398,130.119812012,76.6589660645,0.261035203087,0.236984934277,-0.820623364367,-0.449751106203,1e-06,0.0,0.0,0.0,0.0,0.0,0.0,1e-06,0.0,0.0,0.0,0.0,0.0,0.0,1e-06,0.0,0.0,0.0,0.0,0.0,0.0,1e-06,0.0,0.0,0.0,0.0,0.0,0.0,1e-06,0.0,0.0,0.0,0.0,0.0,0.0,1e-06,21.4890791057,-1.60292349024,0.904051411257,-0.0166321136057,-0.286234766245,0.310531049967,0.0001,0.0,0.0,0.0,0.0,0.0,0.0,0.0001,0.0,0.0,0.0,0.0,0.0,0.0,0.0001,0.0,0.0,0.0,0.0,0.0,0.0,0.0001,0.0,0.0,0.0,0.0,0.0,0.0,0.0001,0.0,0.0,0.0,0.0,0.0,0.0,0.0001
1532986748531407817,870,1532986748530490508,map,base_link,-8.46811676025,134.98538208,75.9242935181,0.261035203087,0.236984934277,-0.820623364367,-0.449751106203,1e-06,0.0,0.0,0.0,0.0,0.0,0.0,1e-06,0.0,0.0,0.0,0.0,0.0,0.0,1e-06,0.0,0.0,0.0,0.0,0.0,0.0,1e-06,0.0,0.0,0.0,0.0,0.0,0.0,1e-06,0.0,0.0,0.0,0.0,0.0,0.0,1e-06,21.3757771524,-0.142941496382,1.81295558512,-0.0166321136057,-0.286234766245,0.310531049967,0.0001,0.0,0.0,0.0,0.0,0.0,0.0,0.0001,0.0,0.0,0.0,0.0,0.0,0.0,0.0001,0.0,0.0,0.0,0.0,0.0,0.0,0.0001,0.0,0.0,0.0,0.0,0.0,0.0,0.0001,0.0,0.0,0.0,0.0,0.0,0.0,0.0001
1532986748765602721,871,1532986748765103459,map,base_link,-11.2449111938,139.241424561,75.2139129639,0.197625923266,0.189791547689,-0.873192463752,-0.403060893818,1e-06,0.0,0.0,0.0,0.0,0.0,0.0,1e-06,0.0,0.0,0.0,0.0,0.0,0.0,1e-06,0.0,0.0,0.0,0.0,0.0,0.0,1e-06,0.0,0.0,0.0,0.0,0.0,0.0,1e-06,0.0,0.0,0.0,0.0,0.0,0.0,1e-06,21.2756720543,-1.50405762475,0.322981034745,0.525672972202,-0.172801792622,0.168866455555,0.0001,0.0,0.0,0.0,0.0,0.0,0.0,0.0001,0.0,0.0,0.0,0.0,0.0,0.0,0.0001,0.0,0.0,0.0,0.0,0.0,0.0,0.0001,0.0,0.0,0.0,0.0,0.0,0.0,0.0001,0.0,0.0,0.0,0.0,0.0,0.0,0.0001
1532986749010678616,872,1532986749010189210,map,base_link,-14.207159996,143.301559448,74.5679168701,0.148359523286,0.111026937418,-0.905132776346,-0.382618776595,1e-06,0.0,0.0,0.0,0.0,0.0,0.0,1e-06,0.0,0.0,0.0,0.0,0.0,0.0,1e-06,0.0,0.0,0.0,0.0,0.0,0.0,1e-06,0.0,0.0,0.0,0.0,0.0,0.0,1e-06,0.0,0.0,0.0,0.0,0.0,0.0,1e-06,21.1219751038,-2.22276410578,0.51380726082,0.591701388359,-0.0814089328051,0.237345263362,0.0001,0.0,0.0,0.0,0.0,0.0,0.0,0.0001,0.0,0.0,0.0,0.0,0.0,0.0,0.0001,0.0,0.0,0.0,0.0,0.0,0.0,0.0001,0.0,0.0,0.0,0.0,0.0,0.0,0.0001,0.0,0.0,0.0,0.0,0.0,0.0,0.0001
1532986749280381670,873,1532986749280033479,map,base_link,-17.5763549805,147.586654663,73.9758911133,0.148359523286,0.111026937418,-0.905132776346,-0.382618776595,1e-06,0.0,0.0,0.0,0.0,0.0,0.0,1e-06,0.0,0.0,0.0,0.0,0.0,0.0,1e-06,0.0,0.0,0.0,0.0,0.0,0.0,1e-06,0.0,0.0,0.0,0.0,0.0,0.0,1e-06,0.0,0.0,0.0,0.0,0.0,0.0,1e-06,21.0897123042,-1.82082017956,0.996469729304,0.591701388359,-0.0814089328051,0.237345263362,0.0001,0.0,0.0,0.0,0.0,0.0,0.0,0.0001,0.0,0.0,0.0,0.0,0.0,0.0,0.0001,0.0,0.0,0.0,0.0,0.0,0.0,0.0001,0.0,0.0,0.0,0.0,0.0,0.0,0.0001,0.0,0.0,0.0,0.0,0.0,0.0,0.0001
1532986749501258727,874,1532986749500129194,map,base_link,-20.7007656097,151.520019531,73.4573974609,0.0751239644661,-0.083926580491,-0.921962615384,-0.370536981804,1e-06,0.0,0.0,0.0,0.0,0.0,0.0,1e-06,0.0,0.0,0.0,0.0,0.0,0.0,1e-06,0.0,0.0,0.0,0.0,0.0,0.0,1e-06,0.0,0.0,0.0,0.0,0.0,0.0,1e-06,0.0,0.0,0.0,0.0,0.0,0.0,1e-06,20.8771031205,-2.91224942103,2.03581570208,1.08608675003,0.0409627407789,0.117619991302,0.0001,0.0,0.0,0.0,0.0,0.0,0.0,0.0001,0.0,0.0,0.0,0.0,0.0,0.0,0.0001,0.0,0.0,0.0,0.0,0.0,0.0,0.0001,0.0,0.0,0.0,0.0,0.0,0.0,0.0001,0.0,0.0,0.0,0.0,0.0,0.0,0.0001
1532986749753652201,875,1532986749753405833,map,base_link,-23.9677333832,155.829528809,72.8255157471,0.0751239644661,-0.083926580491,-0.921962615384,-0.370536981804,1e-06,0.0,0.0,0.0,0.0,0.0,0.0,1e-06,0.0,0.0,0.0,0.0,0.0,0.0,1e-06,0.0,0.0,0.0,0.0,0.0,0.0,1e-06,0.0,0.0,0.0,0.0,0.0,0.0,1e-06,0.0,0.0,0.0,0.0,0.0,0.0,1e-06,20.8868572004,-3.45915860674,1.72861898005,1.08608675003,0.0409627407789,0.117619991302,0.0001,0.0,0.0,0.0,0.0,0.0,0.0,0.0001,0.0,0.0,0.0,0.0,0.0,0.0,0.0001,0.0,0.0,0.0,0.0,0.0,0.0,0.0001,0.0,0.0,0.0,0.0,0.0,0.0,0.0001,0.0,0.0,0.0,0.0,0.0,0.0,0.0001
1532986749994406158,876,1532986749993654448,map,base_link,-26.8431529999,159.90586853,72.0994873047,0.020751665368,-0.237254761302,-0.893359844136,-0.381035084354,1e-06,0.0,0.0,0.0,0.0,0.0,0.0,1e-06,0.0,0.0,0.0,0.0,0.0,0.0,1e-06,0.0,0.0,0.0,0.0,0.0,0.0,1e-06,0.0,0.0,0.0,0.0,0.0,0.0,1e-06,0.0,0.0,0.0,0.0,0.0,0.0,1e-06,20.8905582254,-3.34945962282,2.82883049478,0.500171840191,0.0301863737404,-0.178286522627,0.0001,0.0,0.0,0.0,0.0,0.0,0.0,0.0001,0.0,0.0,0.0,0.0,0.0,0.0,0.0001,0.0,0.0,0.0,0.0,0.0,0.0,0.0001,0.0,0.0,0.0,0.0,0.0,0.0,0.0001,0.0,0.0,0.0,0.0,0.0,0.0,0.0001
1532986750266538068,877,1532986750262824831,map,base_link,-29.7578697205,164.444900513,71.1397247314,0.00537341135065,-0.297710926574,-0.859657234569,-0.41512500491,1e-06,0.0,0.0,0.0,0.0,0.0,0.0,1e-06,0.0,0.0,0.0,0.0,0.0,0.0,1e-06,0.0,0.0,0.0,0.0,0.0,0.0,1e-06,0.0,0.0,0.0,0.0,0.0,0.0,1e-06,0.0,0.0,0.0,0.0,0.0,0.0,1e-06,21.1447046958,-2.49932968066,3.1784163105,0.405190050602,-0.0135999219492,-0.284304827452,0.0001,0.0,0.0,0.0,0.0,0.0,0.0,0.0001,0.0,0.0,0.0,0.0,0.0,0.0,0.0001,0.0,0.0,0.0,0.0,0.0,0.0,0.0001,0.0,0.0,0.0,0.0,0.0,0.0,0.0001,0.0,0.0,0.0,0.0,0.0,0.0,0.0001
1532986750529573045,878,1532986750528887287,map,base_link,-32.2225189209,168.749771118,70.0950393677,0.00537341135065,-0.297710926574,-0.859657234569,-0.41512500491,1e-06,0.0,0.0,0.0,0.0,0.0,0.0,1e-06,0.0,0.0,0.0,0.0,0.0,0.0,1e-06,0.0,0.0,0.0,0.0,0.0,0.0,1e-06,0.0,0.0,0.0,0.0,0.0,0.0,1e-06,0.0,0.0,0.0,0.0,0.0,0.0,1e-06,21.1839152078,-3.77966537642,3.21019590204,0.405190050602,-0.0135999219492,-0.284304827452,0.0001,0.0,0.0,0.0,0.0,0.0,0.0,0.0001,0.0,0.0,0.0,0.0,0.0,0.0,0.0001,0.0,0.0,0.0,0.0,0.0,0.0,0.0001,0.0,0.0,0.0,0.0,0.0,0.0,0.0001,0.0,0.0,0.0,0.0,0.0,0.0,0.0001
1532986750716558109,879,1532986750714701507,map,base_link,-34.2671203613,172.854873657,69.0060195923,-0.0153561308637,-0.348081291189,-0.809225770157,-0.473029868912,1e-06,0.0,0.0,0.0,0.0,0.0,0.0,1e-06,0.0,0.0,0.0,0.0,0.0,0.0,1e-06,0.0,0.0,0.0,0.0,0.0,0.0,1e-06,0.0,0.0,0.0,0.0,0.0,0.0,1e-06,0.0,0.0,0.0,0.0,0.0,0.0,1e-06,21.6902090354,-1.86001212916,3.47259721707,0.210981637239,-0.122763566673,-0.282695025206,0.0001,0.0,0.0,0.0,0.0,0.0,0.0,0.0001,0.0,0.0,0.0,0.0,0.0,0.0,0.0001,0.0,0.0,0.0,0.0,0.0,0.0,0.0001,0.0,0.0,0.0,0.0,0.0,0.0,0.0001,0.0,0.0,0.0,0.0,0.0,0.0,0.0001
1532986750985082542,880,1532986750984424944,map,base_link,-36.3291854858,177.918685913,67.6631011963,-0.0362000484398,-0.356496246135,-0.775002900418,-0.520548256484,1e-06,0.0,0.0,0.0,0.0,0.0,0.0,1e-06,0.0,0.0,0.0,0.0,0.0,0.0,1e-06,0.0,0.0,0.0,0.0,0.0,0.0,1e-06,0.0,0.0,0.0,0.0,0.0,0.0,1e-06,0.0,0.0,0.0,0.0,0.0,0.0,1e-06,22.1559276318,-1.08101237439,3.11457798835,0.148348018527,-0.163004606962,-0.264757573605,0.0001,0.0,0.0,0.0,0.0,0.0,0.0,0.0001,0.0,0.0,0.0,0.0,0.0,0.0,0.0001,0.0,0.0,0.0,0.0,0.0,0.0,0.0001,0.0,0.0,0.0,0.0,0.0,0.0,0.0001,0.0,0.0,0.0,0.0,0.0,0.0,0.0001
1532986751216735151,881,1532986751212798267,map,base_link,-37.8798675537,182.734817505,66.386138916,-0.0362000484398,-0.356496246135,-0.775002900418,-0.520548256484,1e-06,0.0,0.0,0.0,0.0,0.0,0.0,1e-06,0.0,0.0,0.0,0.0,0.0,0.0,1e-06,0.0,0.0,0.0,0.0,0.0,0.0,1e-06,0.0,0.0,0.0,0.0,0.0,0.0,1e-06,0.0,0.0,0.0,0.0,0.0,0.0,1e-06,22.1958709135,-2.45817087522,3.94042318219,0.148348018527,-0.163004606962,-0.264757573605,0.0001,0.0,0.0,0.0,0.0,0.0,0.0,0.0001,0.0,0.0,0.0,0.0,0.0,0.0,0.0001,0.0,0.0,0.0,0.0,0.0,0.0,0.0001,0.0,0.0,0.0,0.0,0.0,0.0,0.0001,0.0,0.0,0.0,0.0,0.0,0.0,0.0001
1532986751500159954,882,1532986751499456692,map,base_link,-39.1529159546,188.134292603,64.9969329834,-0.0671807056393,-0.348455816079,-0.734546199173,-0.578365955353,1e-06,0.0,0.0,0.0,0.0,0.0,0.0,1e-06,0.0,0.0,0.0,0.0,0.0,0.0,1e-06,0.0,0.0,0.0,0.0,0.0,0.0,1e-06,0.0,0.0,0.0,0.0,0.0,0.0,1e-06,0.0,0.0,0.0,0.0,0.0,0.0,1e-06,22.7064381492,-1.30686760427,3.04242900511,0.0302877910435,-0.260651767254,-0.296142995358,0.0001,0.0,0.0,0.0,0.0,0.0,0.0,0.0001,0.0,0.0,0.0,0.0,0.0,0.0,0.0001,0.0,0.0,0.0,0.0,0.0,0.0,0.0001,0.0,0.0,0.0,0.0,0.0,0.0,0.0001,0.0,0.0,0.0,0.0,0.0,0.0,0.0001
1532986751708040635,883,1532986751707366749,map,base_link,-39.8482017517,192.805358887,63.8581466675,-0.0943485279341,-0.342433298462,-0.695917353201,-0.624128856002,1e-06,0.0,0.0,0.0,0.0,0.0,0.0,1e-06,0.0,0.0,0.0,0.0,0.0,0.0,1e-06,0.0,0.0,0.0,0.0,0.0,0.0,1e-06,0.0,0.0,0.0,0.0,0.0,0.0,1e-06,0.0,0.0,0.0,0.0,0.0,0.0,1e-06,22.9741886931,-0.349490692249,2.32882013781,0.160131573677,-0.288675755262,-0.32400149107,0.0001,0.0,0.0,0.0,0.0,0.0,0.0,0.0001,0.0,0.0,0.0,0.0,0.0,0.0,0.0001,0.0,0.0,0.0,0.0,0.0,0.0,0.0001,0.0,0.0,0.0,0.0,0.0,0.0,0.0001,0.0,0.0,0.0,0.0,0.0,0.0,0.0001
1532986751960809724,884,1532986751959930014,map,base_link,-40.1450614929,198.358703613,62.5747833252,-0.0943485279341,-0.342433298462,-0.695917353201,-0.624128856002,1e-06,0.0,0.0,0.0,0.0,0.0,0.0,1e-06,0.0,0.0,0.0,0.0,0.0,0.0,1e-06,0.0,0.0,0.0,0.0,0.0,0.0,1e-06,0.0,0.0,0.0,0.0,0.0,0.0,1e-06,0.0,0.0,0.0,0.0,0.0,0.0,1e-06,22.7364125462,-1.98177786371,3.86548935137,0.160131573677,-0.288675755262,-0.32400149107,0.0001,0.0,0.0,0.0,0.0,0.0,0.0,0.0001,0.0,0.0,0.0,0.0,0.0,0.0,0.0001,0.0,0.0,0.0,0.0,0.0,0.0,0.0001,0.0,0.0,0.0,0.0,0.0,0.0,0.0001,0.0,0.0,0.0,0.0,0.0,0.0,0.0001
1532986752213395261,885,1532986752212195073,map,base_link,-39.8581123352,203.53024292,61.4777145386,-0.149256739664,-0.326073189364,-0.635053453339,-0.684182586921,1e-06,0.0,0.0,0.0,0.0,0.0,0.0,1e-06,0.0,0.0,0.0,0.0,0.0,0.0,1e-06,0.0,0.0,0.0,0.0,0.0,0.0,1e-06,0.0,0.0,0.0,0.0,0.0,0.0,1e-06,0.0,0.0,0.0,0.0,0.0,0.0,1e-06,22.9993951368,-0.641381619521,2.32437432203,0.193822726607,-0.356285750866,-0.222404643893,0.0001,0.0,0.0,0.0,0.0,0.0,0.0,0.0001,0.0,0.0,0.0,0.0,0.0,0.0,0.0001,0.0,0.0,0.0,0.0,0.0,0.0,0.0001,0.0,0.0,0.0,0.0,0.0,0.0,0.0001,0.0,0.0,0.0,0.0,0.0,0.0,0.0001
1532986752442458823,886,1532986752441295274,map,base_link,-38.9985046387,208.616104126,60.5081253052,-0.149256739664,-0.326073189364,-0.635053453339,-0.684182586921,1e-06,0.0,0.0,0.0,0.0,0.0,0.0,1e-06,0.0,0.0,0.0,0.0,0.0,0.0,1e-06,0.0,0.0,0.0,0.0,0.0,0.0,1e-06,0.0,0.0,0.0,0.0,0.0,0.0,1e-06,0.0,0.0,0.0,0.0,0.0,0.0,1e-06,22.501628529,-2.2089794054,4.18221245682,0.193822726607,-0.356285750866,-0.222404643893,0.0001,0.0,0.0,0.0,0.0,0.0,0.0,0.0001,0.0,0.0,0.0,0.0,0.0,0.0,0.0001,0.0,0.0,0.0,0.0,0.0,0.0,0.0001,0.0,0.0,0.0,0.0,0.0,0.0,0.0001,0.0,0.0,0.0,0.0,0.0,0.0,0.0001
1532986752714828941,887,1532986752714140591,map,base_link,-37.317401886,214.339538574,59.5401954651,-0.214235109375,-0.291682929415,-0.575696374227,-0.733210795952,1e-06,0.0,0.0,0.0,0.0,0.0,0.0,1e-06,0.0,0.0,0.0,0.0,0.0,0.0,1e-06,0.0,0.0,0.0,0.0,0.0,0.0,1e-06,0.0,0.0,0.0,0.0,0.0,0.0,1e-06,0.0,0.0,0.0,0.0,0.0,0.0,1e-06,22.5251712442,-1.62601332385,2.28818737799,0.0256278086454,-0.366947323084,-0.245121091604,0.0001,0.0,0.0,0.0,0.0,0.0,0.0,0.0001,0.0,0.0,0.0,0.0,0.0,0.0,0.0001,0.0,0.0,0.0,0.0,0.0,0.0,0.0001,0.0,0.0,0.0,0.0,0.0,0.0,0.0001,0.0,0.0,0.0,0.0,0.0,0.0,0.0001
1532986752973819196,888,1532986752973273053,map,base_link,-35.2186012268,219.293823242,58.793548584,-0.229430945496,-0.245138066153,-0.508188142813,-0.793103764508,1e-06,0.0,0.0,0.0,0.0,0.0,0.0,1e-06,0.0,0.0,0.0,0.0,0.0,0.0,1e-06,0.0,0.0,0.0,0.0,0.0,0.0,1e-06,0.0,0.0,0.0,0.0,0.0,0.0,1e-06,0.0,0.0,0.0,0.0,0.0,0.0,1e-06,22.2551125784,-0.0580823596834,0.550473340219,0.0193328056484,-0.325291603804,-0.384017944336,0.0001,0.0,0.0,0.0,0.0,0.0,0.0,0.0001,0.0,0.0,0.0,0.0,0.0,0.0,0.0001,0.0,0.0,0.0,0.0,0.0,0.0,0.0001,0.0,0.0,0.0,0.0,0.0,0.0,0.0001,0.0,0.0,0.0,0.0,0.0,0.0,0.0001
1532986753206716217,889,1532986753205133950,map,base_link,-33.302318573,222.891372681,58.2783470154,-0.229430945496,-0.245138066153,-0.508188142813,-0.793103764508,1e-06,0.0,0.0,0.0,0.0,0.0,0.0,1e-06,0.0,0.0,0.0,0.0,0.0,0.0,1e-06,0.0,0.0,0.0,0.0,0.0,0.0,1e-06,0.0,0.0,0.0,0.0,0.0,0.0,1e-06,0.0,0.0,0.0,0.0,0.0,0.0,1e-06,21.7623630661,-1.29303608484,1.77852688244,0.0193328056484,-0.325291603804,-0.384017944336,0.0001,0.0,0.0,0.0,0.0,0.0,0.0,0.0001,0.0,0.0,0.0,0.0,0.0,0.0,0.0001,0.0,0.0,0.0,0.0,0.0,0.0,0.0001,0.0,0.0,0.0,0.0,0.0,0.0,0.0001,0.0,0.0,0.0,0.0,0.0,0.0,0.0001
1532986753469523996,890,1532986753469275133,map,base_link,-30.2013969421,227.514068604,57.6595726013,-0.266379620155,-0.207134594412,-0.410967972353,-0.846901696458,1e-06,0.0,0.0,0.0,0.0,0.0,0.0,1e-06,0.0,0.0,0.0,0.0,0.0,0.0,1e-06,0.0,0.0,0.0,0.0,0.0,0.0,1e-06,0.0,0.0,0.0,0.0,0.0,0.0,1e-06,0.0,0.0,0.0,0.0,0.0,0.0,1e-06,21.2550129209,0.691182240748,0.0434876595698,0.101467467844,-0.318558514118,-0.276682555676,0.0001,0.0,0.0,0.0,0.0,0.0,0.0,0.0001,0.0,0.0,0.0,0.0,0.0,0.0,0.0001,0.0,0.0,0.0,0.0,0.0,0.0,0.0001,0.0,0.0,0.0,0.0,0.0,0.0,0.0001,0.0,0.0,0.0,0.0,0.0,0.0,0.0001
1532986753712762331,891,1532986753711949885,map,base_link,-26.9253120422,231.344665527,57.2006378174,-0.266379620155,-0.207134594412,-0.410967972353,-0.846901696458,1e-06,0.0,0.0,0.0,0.0,0.0,0.0,1e-06,0.0,0.0,0.0,0.0,0.0,0.0,1e-06,0.0,0.0,0.0,0.0,0.0,0.0,1e-06,0.0,0.0,0.0,0.0,0.0,0.0,1e-06,0.0,0.0,0.0,0.0,0.0,0.0,1e-06,20.5992125171,-0.92302060342,1.74975573439,0.101467467844,-0.318558514118,-0.276682555676,0.0001,0.0,0.0,0.0,0.0,0.0,0.0,0.0001,0.0,0.0,0.0,0.0,0.0,0.0,0.0001,0.0,0.0,0.0,0.0,0.0,0.0,0.0001,0.0,0.0,0.0,0.0,0.0,0.0,0.0001,0.0,0.0,0.0,0.0,0.0,0.0,0.0001
1532986753995975808,892,1532986753995468321,map,base_link,-23.3105487823,234.657150269,56.857963562,-0.302762637436,-0.164980598307,-0.335534297175,-0.876660095462,1e-06,0.0,0.0,0.0,0.0,0.0,0.0,1e-06,0.0,0.0,0.0,0.0,0.0,0.0,1e-06,0.0,0.0,0.0,0.0,0.0,0.0,1e-06,0.0,0.0,0.0,0.0,0.0,0.0,1e-06,0.0,0.0,0.0,0.0,0.0,0.0,1e-06,20.0639135317,-0.183361682716,0.377498218963,0.0314366966486,-0.314022958279,-0.28777962923,0.0001,0.0,0.0,0.0,0.0,0.0,0.0,0.0001,0.0,0.0,0.0,0.0,0.0,0.0,0.0001,0.0,0.0,0.0,0.0,0.0,0.0,0.0001,0.0,0.0,0.0,0.0,0.0,0.0,0.0001,0.0,0.0,0.0,0.0,0.0,0.0,0.0001
1532986754199436599,893,1532986754198359738,map,base_link,-20.3406791687,236.852767944,56.6541786194,-0.302762637436,-0.164980598307,-0.335534297175,-0.876660095462,1e-06,0.0,0.0,0.0,0.0,0.0,0.0,1e-06,0.0,0.0,0.0,0.0,0.0,0.0,1e-06,0.0,0.0,0.0,0.0,0.0,0.0,1e-06,0.0,0.0,0.0,0.0,0.0,0.0,1e-06,0.0,0.0,0.0,0.0,0.0,0.0,1e-06,19.4838466474,-1.43954942609,1.57459649118,0.0314366966486,-0.314022958279,-0.28777962923,0.0001,0.0,0.0,0.0,0.0,0.0,0.0,0.0001,0.0,0.0,0.0,0.0,0.0,0.0,0.0001,0.0,0.0,0.0,0.0,0.0,0.0,0.0001,0.0,0.0,0.0,0.0,0.0,0.0,0.0001,0.0,0.0,0.0,0.0,0.0,0.0,0.0001
1532986754467288619,894,1532986754460851966,map,base_link,-16.0067024231,239.38168335,56.3939552307,-0.325451785273,-0.132228818091,-0.261097865261,-0.899124340614,1e-06,0.0,0.0,0.0,0.0,0.0,0.0,1e-06,0.0,0.0,0.0,0.0,0.0,0.0,1e-06,0.0,0.0,0.0,0.0,0.0,0.0,1e-06,0.0,0.0,0.0,0.0,0.0,0.0,1e-06,0.0,0.0,0.0,0.0,0.0,0.0,1e-06,18.9202503986,-0.89027885784,0.820428343721,0.0922237932682,-0.282246291637,-0.320757329464,0.0001,0.0,0.0,0.0,0.0,0.0,0.0,0.0001,0.0,0.0,0.0,0.0,0.0,0.0,0.0001,0.0,0.0,0.0,0.0,0.0,0.0,0.0001,0.0,0.0,0.0,0.0,0.0,0.0,0.0001,0.0,0.0,0.0,0.0,0.0,0.0,0.0001
1532986754684367320,895,1532986754682773245,map,base_link,-12.4661159515,240.948852539,56.190120697,-0.342572044663,-0.10260145684,-0.178391982578,-0.916675316468,1e-06,0.0,0.0,0.0,0.0,0.0,0.0,1e-06,0.0,0.0,0.0,0.0,0.0,0.0,1e-06,0.0,0.0,0.0,0.0,0.0,0.0,1e-06,0.0,0.0,0.0,0.0,0.0,0.0,1e-06,0.0,0.0,0.0,0.0,0.0,0.0,1e-06,18.4910053941,0.223305899998,-0.279367202522,-0.0629056543112,-0.293051272631,-0.34804430604,0.0001,0.0,0.0,0.0,0.0,0.0,0.0,0.0001,0.0,0.0,0.0,0.0,0.0,0.0,0.0001,0.0,0.0,0.0,0.0,0.0,0.0,0.0001,0.0,0.0,0.0,0.0,0.0,0.0,0.0001,0.0,0.0,0.0,0.0,0.0,0.0,0.0001
1532986754945315713,896,1532986754944517924,map,base_link,-8.20490074158,242.336151123,55.9021377563,-0.354172991684,-0.0813098899204,-0.105775876579,-0.925614205647,1e-06,0.0,0.0,0.0,0.0,0.0,0.0,1e-06,0.0,0.0,0.0,0.0,0.0,0.0,1e-06,0.0,0.0,0.0,0.0,0.0,0.0,1e-06,0.0,0.0,0.0,0.0,0.0,0.0,1e-06,0.0,0.0,0.0,0.0,0.0,0.0,1e-06,17.9690585043,0.707286356059,-0.706620565583,0.0901362076402,-0.278550744057,-0.369595736265,0.0001,0.0,0.0,0.0,0.0,0.0,0.0,0.0001,0.0,0.0,0.0,0.0,0.0,0.0,0.0001,0.0,0.0,0.0,0.0,0.0,0.0,0.0001,0.0,0.0,0.0,0.0,0.0,0.0,0.0001,0.0,0.0,0.0,0.0,0.0,0.0,0.0001
1532986755210324510,897,1532986755208482595,map,base_link,-3.62125635147,243.184020996,55.5660705566,-0.354172991684,-0.0813098899204,-0.105775876579,-0.925614205647,1e-06,0.0,0.0,0.0,0.0,0.0,0.0,1e-06,0.0,0.0,0.0,0.0,0.0,0.0,1e-06,0.0,0.0,0.0,0.0,0.0,0.0,1e-06,0.0,0.0,0.0,0.0,0.0,0.0,1e-06,0.0,0.0,0.0,0.0,0.0,0.0,1e-06,17.4359814754,-1.16078899406,0.76869372481,0.0901362076402,-0.278550744057,-0.369595736265,0.0001,0.0,0.0,0.0,0.0,0.0,0.0,0.0001,0.0,0.0,0.0,0.0,0.0,0.0,0.0001,0.0,0.0,0.0,0.0,0.0,0.0,0.0001,0.0,0.0,0.0,0.0,0.0,0.0,0.0001,0.0,0.0,0.0,0.0,0.0,0.0,0.0001
1532986755452399904,898,1532986755449026762,map,base_link,-0.0140964984893,243.416519165,55.2637557983,-0.367630581881,-0.0503973661601,-0.00500791542323,-0.928591827195,1e-06,0.0,0.0,0.0,0.0,0.0,0.0,1e-06,0.0,0.0,0.0,0.0,0.0,0.0,1e-06,0.0,0.0,0.0,0.0,0.0,0.0,1e-06,0.0,0.0,0.0,0.0,0.0,0.0,1e-06,0.0,0.0,0.0,0.0,0.0,0.0,1e-06,17.1322583515,0.214456799328,-0.400583556123,-0.00516600999981,-0.288310140371,-0.352098166943,0.0001,0.0,0.0,0.0,0.0,0.0,0.0,0.0001,0.0,0.0,0.0,0.0,0.0,0.0,0.0001,0.0,0.0,0.0,0.0,0.0,0.0,0.0001,0.0,0.0,0.0,0.0,0.0,0.0,0.0001,0.0,0.0,0.0,0.0,0.0,0.0,0.0001
1532986755679728270,899,1532986755679473135,map,base_link,3.85776281357,243.239440918,54.8676795959,-0.367630581881,-0.0503973661601,-0.00500791542323,-0.928591827195,1e-06,0.0,0.0,0.0,0.0,0.0,0.0,1e-06,0.0,0.0,0.0,0.0,0.0,0.0,1e-06,0.0,0.0,0.0,0.0,0.0,0.0,1e-06,0.0,0.0,0.0,0.0,0.0,0.0,1e-06,0.0,0.0,0.0,0.0,0.0,0.0,1e-06,16.7229335901,-1.40152699911,0.711600013811,-0.00516600999981,-0.288310140371,-0.352098166943,0.0001,0.0,0.0,0.0,0.0,0.0,0.0,0.0001,0.0,0.0,0.0,0.0,0.0,0.0,0.0001,0.0,0.0,0.0,0.0,0.0,0.0,0.0001,0.0,0.0,0.0,0.0,0.0,0.0,0.0001,0.0,0.0,0.0,0.0,0.0,0.0,0.0001
1532986755904717508,900,1532986755903052649,map,base_link,7.30496406555,242.686447144,54.4418144226,-0.377546426389,-0.0199796954767,0.093549682111,-0.921036353607,1e-06,0.0,0.0,0.0,0.0,0.0,0.0,1e-06,0.0,0.0,0.0,0.0,0.0,0.0,1e-06,0.0,0.0,0.0,0.0,0.0,0.0,1e-06,0.0,0.0,0.0,0.0,0.0,0.0,1e-06,0.0,0.0,0.0,0.0,0.0,0.0,1e-06,16.499206186,-0.216653454118,-0.415684664256,-0.0465178713202,-0.353753864765,-0.390931099653,0.0001,0.0,0.0,0.0,0.0,0.0,0.0,0.0001,0.0,0.0,0.0,0.0,0.0,0.0,0.0001,0.0,0.0,0.0,0.0,0.0,0.0,0.0001,0.0,0.0,0.0,0.0,0.0,0.0,0.0001,0.0,0.0,0.0,0.0,0.0,0.0,0.0001
1532986756117786590,901,1532986756116328579,map,base_link,10.6055049896,241.773666382,53.9683265686,-0.377546426389,-0.0199796954767,0.093549682111,-0.921036353607,1e-06,0.0,0.0,0.0,0.0,0.0,0.0,1e-06,0.0,0.0,0.0,0.0,0.0,0.0,1e-06,0.0,0.0,0.0,0.0,0.0,0.0,1e-06,0.0,0.0,0.0,0.0,0.0,0.0,1e-06,0.0,0.0,0.0,0.0,0.0,0.0,1e-06,16.1276280494,-1.68541168661,0.68053790165,-0.0465178713202,-0.353753864765,-0.390931099653,0.0001,0.0,0.0,0.0,0.0,0.0,0.0,0.0001,0.0,0.0,0.0,0.0,0.0,0.0,0.0001,0.0,0.0,0.0,0.0,0.0,0.0,0.0001,0.0,0.0,0.0,0.0,0.0,0.0,0.0001,0.0,0.0,0.0,0.0,0.0,0.0,0.0001
1532986756374583764,902,1532986756374222582,map,base_link,14.0105381012,240.368621826,53.4299964905,-0.367715512827,0.0264905602923,0.212229648011,-0.905009463126,1e-06,0.0,0.0,0.0,0.0,0.0,0.0,1e-06,0.0,0.0,0.0,0.0,0.0,0.0,1e-06,0.0,0.0,0.0,0.0,0.0,0.0,1e-06,0.0,0.0,0.0,0.0,0.0,0.0,1e-06,0.0,0.0,0.0,0.0,0.0,0.0,1e-06,15.9364726396,-0.171051639581,-0.714381592841,-0.0955859348178,-0.392006754875,-0.339678734541,0.0001,0.0,0.0,0.0,0.0,0.0,0.0,0.0001,0.0,0.0,0.0,0.0,0.0,0.0,0.0001,0.0,0.0,0.0,0.0,0.0,0.0,0.0001,0.0,0.0,0.0,0.0,0.0,0.0,0.0001,0.0,0.0,0.0,0.0,0.0,0.0,0.0001
1532986756625484893,903,1532986756625094014,map,base_link,17.4314136505,238.359863281,52.8836631775,-0.334258369953,0.0479041618414,0.265814368147,-0.902950305986,1e-06,0.0,0.0,0.0,0.0,0.0,0.0,1e-06,0.0,0.0,0.0,0.0,0.0,0.0,1e-06,0.0,0.0,0.0,0.0,0.0,0.0,1e-06,0.0,0.0,0.0,0.0,0.0,0.0,1e-06,0.0,0.0,0.0,0.0,0.0,0.0,1e-06,15.6600349449,-0.392087501879,-0.57683236375,-0.167029812932,-0.38617515564,-0.307594388723,0.0001,0.0,0.0,0.0,0.0,0.0,0.0,0.0001,0.0,0.0,0.0,0.0,0.0,0.0,0.0001,0.0,0.0,0.0,0.0,0.0,0.0,0.0001,0.0,0.0,0.0,0.0,0.0,0.0,0.0001,0.0,0.0,0.0,0.0,0.0,0.0,0.0001
1532986756873657741,904,1532986756873166286,map,base_link,20.2907428741,236.130310059,52.4697113037,-0.292267673016,0.0730289879521,0.332752882554,-0.893600522258,1e-06,0.0,0.0,0.0,0.0,0.0,0.0,1e-06,0.0,0.0,0.0,0.0,0.0,0.0,1e-06,0.0,0.0,0.0,0.0,0.0,0.0,1e-06,0.0,0.0,0.0,0.0,0.0,0.0,1e-06,0.0,0.0,0.0,0.0,0.0,0.0,1e-06,15.4117398774,-0.0210617106512,-0.898414415481,-0.283846378326,-0.32681080699,-0.31127166748,0.0001,0.0,0.0,0.0,0.0,0.0,0.0,0.0001,0.0,0.0,0.0,0.0,0.0,0.0,0.0001,0.0,0.0,0.0,0.0,0.0,0.0,0.0001,0.0,0.0,0.0,0.0,0.0,0.0,0.0001,0.0,0.0,0.0,0.0,0.0,0.0,0.0001
1532986757127191245,905,1532986757125362771,map,base_link,23.0832290649,233.368209839,52.1369094849,-0.226732985163,0.0824345078203,0.395305813749,-0.886301313875,1e-06,0.0,0.0,0.0,0.0,0.0,0.0,1e-06,0.0,0.0,0.0,0.0,0.0,0.0,1e-06,0.0,0.0,0.0,0.0,0.0,0.0,1e-06,0.0,0.0,0.0,0.0,0.0,0.0,1e-06,0.0,0.0,0.0,0.0,0.0,0.0,1e-06,15.1622967716,0.389703121677,-0.966655378024,-0.491109788418,-0.247066244483,-0.251554459333,0.0001,0.0,0.0,0.0,0.0,0.0,0.0,0.0001,0.0,0.0,0.0,0.0,0.0,0.0,0.0001,0.0,0.0,0.0,0.0,0.0,0.0,0.0001,0.0,0.0,0.0,0.0,0.0,0.0,0.0001,0.0,0.0,0.0,0.0,0.0,0.0,0.0001
1532986757359557869,906,1532986757359226190,map,base_link,25.1820716858,230.856582642,51.9564628601,-0.226732985163,0.0824345078203,0.395305813749,-0.886301313875,1e-06,0.0,0.0,0.0,0.0,0.0,0.0,1e-06,0.0,0.0,0.0,0.0,0.0,0.0,1e-06,0.0,0.0,0.0,0.0,0.0,0.0,1e-06,0.0,0.0,0.0,0.0,0.0,0.0,1e-06,0.0,0.0,0.0,0.0,0.0,0.0,1e-06,14.9428748373,-0.49092984302,-0.197513903838,-0.491109788418,-0.247066244483,-0.251554459333,0.0001,0.0,0.0,0.0,0.0,0.0,0.0,0.0001,0.0,0.0,0.0,0.0,0.0,0.0,0.0001,0.0,0.0,0.0,0.0,0.0,0.0,0.0001,0.0,0.0,0.0,0.0,0.0,0.0,0.0001,0.0,0.0,0.0,0.0,0.0,0.0,0.0001
1532986757585315650,907,1532986757585037506,map,base_link,27.2472457886,228.075912476,51.8599243164,-0.136504343973,0.0639402658615,0.442986307726,-0.883765431348,1e-06,0.0,0.0,0.0,0.0,0.0,0.0,1e-06,0.0,0.0,0.0,0.0,0.0,0.0,1e-06,0.0,0.0,0.0,0.0,0.0,0.0,1e-06,0.0,0.0,0.0,0.0,0.0,0.0,1e-06,0.0,0.0,0.0,0.0,0.0,0.0,1e-06,14.6559085682,0.198617261495,-0.386271364018,-0.69255810976,-0.173235937953,-0.199360117316,0.0001,0.0,0.0,0.0,0.0,0.0,0.0,0.0001,0.0,0.0,0.0,0.0,0.0,0.0,0.0001,0.0,0.0,0.0,0.0,0.0,0.0,0.0001,0.0,0.0,0.0,0.0,0.0,0.0,0.0001,0.0,0.0,0.0,0.0,0.0,0.0,0.0001
1532986757826933318,908,1532986757826313352,map,base_link,29.1908969879,225.319778442,51.8805160522,-0.0326221428805,0.0254453829444,0.479735730726,-0.876437080996,1e-06,0.0,0.0,0.0,0.0,0.0,0.0,1e-06,0.0,0.0,0.0,0.0,0.0,0.0,1e-06,0.0,0.0,0.0,0.0,0.0,0.0,1e-06,0.0,0.0,0.0,0.0,0.0,0.0,1e-06,0.0,0.0,0.0,0.0,0.0,0.0,1e-06,14.3359779472,0.963526428675,-0.309381434773,-0.634608924389,-0.0523077137768,-0.123924762011,0.0001,0.0,0.0,0.0,0.0,0.0,0.0,0.0001,0.0,0.0,0.0,0.0,0.0,0.0,0.0001,0.0,0.0,0.0,0.0,0.0,0.0,0.0001,0.0,0.0,0.0,0.0,0.0,0.0,0.0001,0.0,0.0,0.0,0.0,0.0,0.0,0.0001
1532986758075572629,909,1532986758073829082,map,base_link,31.2530384064,222.41305542,52.0005989075,-0.0326221428805,0.0254453829444,0.479735730726,-0.876437080996,1e-06,0.0,0.0,0.0,0.0,0.0,0.0,1e-06,0.0,0.0,0.0,0.0,0.0,0.0,1e-06,0.0,0.0,0.0,0.0,0.0,0.0,1e-06,0.0,0.0,0.0,0.0,0.0,0.0,1e-06,0.0,0.0,0.0,0.0,0.0,0.0,1e-06,14.032319477,1.03692228687,-0.0428920164295,-0.634608924389,-0.0523077137768,-0.123924762011,0.0001,0.0,0.0,0.0,0.0,0.0,0.0,0.0001,0.0,0.0,0.0,0.0,0.0,0.0,0.0001,0.0,0.0,0.0,0.0,0.0,0.0,0.0001,0.0,0.0,0.0,0.0,0.0,0.0,0.0001,0.0,0.0,0.0,0.0,0.0,0.0,0.0001
1532986758385394026,910,1532986758384579629,map,base_link,33.6747055054,219.243377686,52.1969985962,0.0672014334557,-0.0241302961512,0.484372915841,-0.87194298813,1e-06,0.0,0.0,0.0,0.0,0.0,0.0,1e-06,0.0,0.0,0.0,0.0,0.0,0.0,1e-06,0.0,0.0,0.0,0.0,0.0,0.0,1e-06,0.0,0.0,0.0,0.0,0.0,0.0,1e-06,0.0,0.0,0.0,0.0,0.0,0.0,1e-06,13.6966628966,1.64208076405,0.409112914919,-0.532037615776,-0.0456191152334,0.0734113305807,0.0001,0.0,0.0,0.0,0.0,0.0,0.0,0.0001,0.0,0.0,0.0,0.0,0.0,0.0,0.0001,0.0,0.0,0.0,0.0,0.0,0.0,0.0001,0.0,0.0,0.0,0.0,0.0,0.0,0.0001,0.0,0.0,0.0,0.0,0.0,0.0,0.0001
1532986758558224991,911,1532986758556696676,map,base_link,35.2031440735,217.445526123,52.3364868164,0.0672014334557,-0.0241302961512,0.484372915841,-0.87194298813,1e-06,0.0,0.0,0.0,0.0,0.0,0.0,1e-06,0.0,0.0,0.0,0.0,0.0,0.0,1e-06,0.0,0.0,0.0,0.0,0.0,0.0,1e-06,0.0,0.0,0.0,0.0,0.0,0.0,1e-06,0.0,0.0,0.0,0.0,0.0,0.0,1e-06,13.5022803985,2.13167273818,0.482590835068,-0.532037615776,-0.0456191152334,0.0734113305807,0.0001,0.0,0.0,0.0,0.0,0.0,0.0,0.0001,0.0,0.0,0.0,0.0,0.0,0.0,0.0001,0.0,0.0,0.0,0.0,0.0,0.0,0.0001,0.0,0.0,0.0,0.0,0.0,0.0,0.0001,0.0,0.0,0.0,0.0,0.0,0.0,0.0001
1532986758797641162,912,1532986758796872172,map,base_link,37.347694397,215.207855225,52.4889907837,0.149655897353,-0.0727726959742,0.4499903988,-0.877391524974,1e-06,0.0,0.0,0.0,0.0,0.0,0.0,1e-06,0.0,0.0,0.0,0.0,0.0,0.0,1e-06,0.0,0.0,0.0,0.0,0.0,0.0,1e-06,0.0,0.0,0.0,0.0,0.0,0.0,1e-06,0.0,0.0,0.0,0.0,0.0,0.0,1e-06,13.4008576471,1.96372857337,0.779045917034,-0.356012165546,0.0204511284828,0.225704848766,0.0001,0.0,0.0,0.0,0.0,0.0,0.0,0.0001,0.0,0.0,0.0,0.0,0.0,0.0,0.0001,0.0,0.0,0.0,0.0,0.0,0.0,0.0001,0.0,0.0,0.0,0.0,0.0,0.0,0.0001,0.0,0.0,0.0,0.0,0.0,0.0,0.0001
1532986759064629889,913,1532986759061939593,map,base_link,39.830280304,212.998016357,52.51512146,0.149655897353,-0.0727726959742,0.4499903988,-0.877391524974,1e-06,0.0,0.0,0.0,0.0,0.0,0.0,1e-06,0.0,0.0,0.0,0.0,0.0,0.0,1e-06,0.0,0.0,0.0,0.0,0.0,0.0,1e-06,0.0,0.0,0.0,0.0,0.0,0.0,1e-06,0.0,0.0,0.0,0.0,0.0,0.0,1e-06,13.1591427281,3.02123891423,0.664264323906,-0.356012165546,0.0204511284828,0.225704848766,0.0001,0.0,0.0,0.0,0.0,0.0,0.0,0.0001,0.0,0.0,0.0,0.0,0.0,0.0,0.0001,0.0,0.0,0.0,0.0,0.0,0.0,0.0001,0.0,0.0,0.0,0.0,0.0,0.0,0.0001,0.0,0.0,0.0,0.0,0.0,0.0,0.0001
1532986759323648529,914,1532986759322871475,map,base_link,42.5032615662,210.989471436,52.4085731506,0.194584995813,-0.103650496723,0.396297193919,-0.891258541628,1e-06,0.0,0.0,0.0,0.0,0.0,0.0,1e-06,0.0,0.0,0.0,0.0,0.0,0.0,1e-06,0.0,0.0,0.0,0.0,0.0,0.0,1e-06,0.0,0.0,0.0,0.0,0.0,0.0,1e-06,0.0,0.0,0.0,0.0,0.0,0.0,1e-06,13.3082071333,2.59112302702,1.03080179473,-0.0700280293822,-0.0233748219907,0.221310734749,0.0001,0.0,0.0,0.0,0.0,0.0,0.0,0.0001,0.0,0.0,0.0,0.0,0.0,0.0,0.0001,0.0,0.0,0.0,0.0,0.0,0.0,0.0001,0.0,0.0,0.0,0.0,0.0,0.0,0.0001,0.0,0.0,0.0,0.0,0.0,0.0,0.0001
1532986759562929788,915,1532986759562305182,map,base_link,45.1267967224,209.333175659,52.2373352051,0.187166090625,-0.100019664655,0.343359078333,-0.914915003991,1e-06,0.0,0.0,0.0,0.0,0.0,0.0,1e-06,0.0,0.0,0.0,0.0,0.0,0.0,1e-06,0.0,0.0,0.0,0.0,0.0,0.0,1e-06,0.0,0.0,0.0,0.0,0.0,0.0,1e-06,0.0,0.0,0.0,0.0,0.0,0.0,1e-06,13.5445548375,2.10297229353,0.889745837322,0.100738443434,-0.0700665190816,0.300729185343,0.0001,0.0,0.0,0.0,0.0,0.0,0.0,0.0001,0.0,0.0,0.0,0.0,0.0,0.0,0.0001,0.0,0.0,0.0,0.0,0.0,0.0,0.0001,0.0,0.0,0.0,0.0,0.0,0.0,0.0001,0.0,0.0,0.0,0.0,0.0,0.0,0.0001
1532986759815137056,916,1532986759814301699,map,base_link,48.1361579895,207.767471313,51.9987030029,0.187166090625,-0.100019664655,0.343359078333,-0.914915003991,1e-06,0.0,0.0,0.0,0.0,0.0,0.0,1e-06,0.0,0.0,0.0,0.0,0.0,0.0,1e-06,0.0,0.0,0.0,0.0,0.0,0.0,1e-06,0.0,0.0,0.0,0.0,0.0,0.0,1e-06,0.0,0.0,0.0,0.0,0.0,0.0,1e-06,13.494701424,3.2007120308,1.23142982847,0.100738443434,-0.0700665190816,0.300729185343,0.0001,0.0,0.0,0.0,0.0,0.0,0.0,0.0001,0.0,0.0,0.0,0.0,0.0,0.0,0.0001,0.0,0.0,0.0,0.0,0.0,0.0,0.0001,0.0,0.0,0.0,0.0,0.0,0.0,0.0001,0.0,0.0,0.0,0.0,0.0,0.0,0.0001
1532986760093230134,917,1532986760092482424,map,base_link,51.0576782227,206.517990112,51.736328125,0.185456768466,-0.0947255509342,0.286837838362,-0.935070538256,1e-06,0.0,0.0,0.0,0.0,0.0,0.0,1e-06,0.0,0.0,0.0,0.0,0.0,0.0,1e-06,0.0,0.0,0.0,0.0,0.0,0.0,1e-06,0.0,0.0,0.0,0.0,0.0,0.0,1e-06,0.0,0.0,0.0,0.0,0.0,0.0,1e-06,13.8176260391,2.66078511311,0.878396618689,-0.00743955560029,-0.102357923985,0.308656275272,0.0001,0.0,0.0,0.0,0.0,0.0,0.0,0.0001,0.0,0.0,0.0,0.0,0.0,0.0,0.0001,0.0,0.0,0.0,0.0,0.0,0.0,0.0001,0.0,0.0,0.0,0.0,0.0,0.0,0.0001,0.0,0.0,0.0,0.0,0.0,0.0,0.0001
1532986760298347049,918,1532986760297897802,map,base_link,54.0914573669,205.461471558,51.3918495178,0.181264550433,-0.0863528263819,0.234999457848,-0.951031864316,1e-06,0.0,0.0,0.0,0.0,0.0,0.0,1e-06,0.0,0.0,0.0,0.0,0.0,0.0,1e-06,0.0,0.0,0.0,0.0,0.0,0.0,1e-06,0.0,0.0,0.0,0.0,0.0,0.0,1e-06,0.0,0.0,0.0,0.0,0.0,0.0,1e-06,14.0857496315,2.25258768359,0.432616142419,0.0911358818412,-0.0836679339409,0.183959260583,0.0001,0.0,0.0,0.0,0.0,0.0,0.0,0.0001,0.0,0.0,0.0,0.0,0.0,0.0,0.0001,0.0,0.0,0.0,0.0,0.0,0.0,0.0001,0.0,0.0,0.0,0.0,0.0,0.0,0.0001,0.0,0.0,0.0,0.0,0.0,0.0,0.0001
1532986760547998325,919,1532986760547180887,map,base_link,57.2167549133,204.596328735,50.9669189453,0.181264550433,-0.0863528263819,0.234999457848,-0.951031864316,1e-06,0.0,0.0,0.0,0.0,0.0,0.0,1e-06,0.0,0.0,0.0,0.0,0.0,0.0,1e-06,0.0,0.0,0.0,0.0,0.0,0.0,1e-06,0.0,0.0,0.0,0.0,0.0,0.0,1e-06,0.0,0.0,0.0,0.0,0.0,0.0,1e-06,14.090343733,3.19496609909,0.537329008054,0.0911358818412,-0.0836679339409,0.183959260583,0.0001,0.0,0.0,0.0,0.0,0.0,0.0,0.0001,0.0,0.0,0.0,0.0,0.0,0.0,0.0001,0.0,0.0,0.0,0.0,0.0,0.0,0.0001,0.0,0.0,0.0,0.0,0.0,0.0,0.0001,0.0,0.0,0.0,0.0,0.0,0.0,0.0001
1532986760792471824,920,1532986760791575891,map,base_link,60.6620407104,203.881973267,50.483341217,0.158836292918,-0.0638647396632,0.201157112625,-0.964483355543,1e-06,0.0,0.0,0.0,0.0,0.0,0.0,1e-06,0.0,0.0,0.0,0.0,0.0,0.0,1e-06,0.0,0.0,0.0,0.0,0.0,0.0,1e-06,0.0,0.0,0.0,0.0,0.0,0.0,1e-06,0.0,0.0,0.0,0.0,0.0,0.0,1e-06,14.2812276289,3.16099151153,0.121818846322,0.0757240578532,-0.133886635303,0.175438910723,0.0001,0.0,0.0,0.0,0.0,0.0,0.0,0.0001,0.0,0.0,0.0,0.0,0.0,0.0,0.0001,0.0,0.0,0.0,0.0,0.0,0.0,0.0001,0.0,0.0,0.0,0.0,0.0,0.0,0.0001,0.0,0.0,0.0,0.0,0.0,0.0,0.0001
1532986761025549454,921,1532986761024603025,map,base_link,63.6752548218,203.435958862,50.1061897278,0.158836292918,-0.0638647396632,0.201157112625,-0.964483355543,1e-06,0.0,0.0,0.0,0.0,0.0,0.0,1e-06,0.0,0.0,0.0,0.0,0.0,0.0,1e-06,0.0,0.0,0.0,0.0,0.0,0.0,1e-06,0.0,0.0,0.0,0.0,0.0,0.0,1e-06,0.0,0.0,0.0,0.0,0.0,0.0,1e-06,14.2451073993,3.87138393016,0.565296891753,0.0757240578532,-0.133886635303,0.175438910723,0.0001,0.0,0.0,0.0,0.0,0.0,0.0,0.0001,0.0,0.0,0.0,0.0,0.0,0.0,0.0001,0.0,0.0,0.0,0.0,0.0,0.0,0.0001,0.0,0.0,0.0,0.0,0.0,0.0,0.0001,0.0,0.0,0.0,0.0,0.0,0.0,0.0001
1532986761220853248,922,1532986761220388449,map,base_link,66.4724960327,203.166107178,49.8216056824,0.140847248551,-0.0386920691173,0.156053296281,-0.976889116063,1e-06,0.0,0.0,0.0,0.0,0.0,0.0,1e-06,0.0,0.0,0.0,0.0,0.0,0.0,1e-06,0.0,0.0,0.0,0.0,0.0,0.0,1e-06,0.0,0.0,0.0,0.0,0.0,0.0,1e-06,0.0,0.0,0.0,0.0,0.0,0.0,1e-06,14.5406820953,3.26667237605,0.190750629689,0.123904757202,-0.151562869549,0.220409035683,0.0001,0.0,0.0,0.0,0.0,0.0,0.0,0.0001,0.0,0.0,0.0,0.0,0.0,0.0,0.0001,0.0,0.0,0.0,0.0,0.0,0.0,0.0001,0.0,0.0,0.0,0.0,0.0,0.0,0.0001,0.0,0.0,0.0,0.0,0.0,0.0,0.0001
1532986761492777513,923,1532986761492447082,map,base_link,70.4470977783,203.01348877,49.5483818054,0.140847248551,-0.0386920691173,0.156053296281,-0.976889116063,1e-06,0.0,0.0,0.0,0.0,0.0,0.0,1e-06,0.0,0.0,0.0,0.0,0.0,0.0,1e-06,0.0,0.0,0.0,0.0,0.0,0.0,1e-06,0.0,0.0,0.0,0.0,0.0,0.0,1e-06,0.0,0.0,0.0,0.0,0.0,0.0,1e-06,14.4070424873,4.0201846681,0.882291797883,0.123904757202,-0.151562869549,0.220409035683,0.0001,0.0,0.0,0.0,0.0,0.0,0.0,0.0001,0.0,0.0,0.0,0.0,0.0,0.0,0.0001,0.0,0.0,0.0,0.0,0.0,0.0,0.0001,0.0,0.0,0.0,0.0,0.0,0.0,0.0001,0.0,0.0,0.0,0.0,0.0,0.0,0.0001
1532986761692710060,924,1532986761692482413,map,base_link,73.3084640503,203.035751343,49.4227256775,0.106565367635,-0.0106134857838,0.103276138842,-0.988870676826,1e-06,0.0,0.0,0.0,0.0,0.0,0.0,1e-06,0.0,0.0,0.0,0.0,0.0,0.0,1e-06,0.0,0.0,0.0,0.0,0.0,0.0,1e-06,0.0,0.0,0.0,0.0,0.0,0.0,1e-06,0.0,0.0,0.0,0.0,0.0,0.0,1e-06,14.6531430903,3.00788641733,0.103713441311,0.247602835298,-0.11330177635,0.163797840476,0.0001,0.0,0.0,0.0,0.0,0.0,0.0,0.0001,0.0,0.0,0.0,0.0,0.0,0.0,0.0001,0.0,0.0,0.0,0.0,0.0,0.0,0.0001,0.0,0.0,0.0,0.0,0.0,0.0,0.0001,0.0,0.0,0.0,0.0,0.0,0.0,0.0001
1532986761955846864,925,1532986761955250290,map,base_link,77.0135269165,203.160003662,49.3194541931,0.106565367635,-0.0106134857838,0.103276138842,-0.988870676826,1e-06,0.0,0.0,0.0,0.0,0.0,0.0,1e-06,0.0,0.0,0.0,0.0,0.0,0.0,1e-06,0.0,0.0,0.0,0.0,0.0,0.0,1e-06,0.0,0.0,0.0,0.0,0.0,0.0,1e-06,0.0,0.0,0.0,0.0,0.0,0.0,1e-06,14.458767534,3.33387561573,0.344098781495,0.247602835298,-0.11330177635,0.163797840476,0.0001,0.0,0.0,0.0,0.0,0.0,0.0,0.0001,0.0,0.0,0.0,0.0,0.0,0.0,0.0001,0.0,0.0,0.0,0.0,0.0,0.0,0.0001,0.0,0.0,0.0,0.0,0.0,0.0,0.0001,0.0,0.0,0.0,0.0,0.0,0.0,0.0001
1532986762205206302,926,1532986762204444416,map,base_link,80.1183700562,203.291397095,49.2942314148,0.0112646355771,0.0150215330748,0.0640754957602,-0.997768406181,1e-06,0.0,0.0,0.0,0.0,0.0,0.0,1e-06,0.0,0.0,0.0,0.0,0.0,0.0,1e-06,0.0,0.0,0.0,0.0,0.0,0.0,1e-06,0.0,0.0,0.0,0.0,0.0,0.0,1e-06,0.0,0.0,0.0,0.0,0.0,0.0,1e-06,14.533077227,2.30127758149,-0.344938202965,0.389964848757,-0.0636394619942,0.125057369471,0.0001,0.0,0.0,0.0,0.0,0.0,0.0,0.0001,0.0,0.0,0.0,0.0,0.0,0.0,0.0001,0.0,0.0,0.0,0.0,0.0,0.0,0.0001,0.0,0.0,0.0,0.0,0.0,0.0,0.0001,0.0,0.0,0.0,0.0,0.0,0.0,0.0001
1532986762457829026,927,1532986762455987687,map,base_link,84.0183029175,203.4425354,49.357509613,-0.0310135092424,0.0209995421225,0.0449773067625,-0.998285642164,1e-06,0.0,0.0,0.0,0.0,0.0,0.0,1e-06,0.0,0.0,0.0,0.0,0.0,0.0,1e-06,0.0,0.0,0.0,0.0,0.0,0.0,1e-06,0.0,0.0,0.0,0.0,0.0,0.0,1e-06,0.0,0.0,0.0,0.0,0.0,0.0,1e-06,14.4229835633,1.76238804321,-0.462644407364,0.257767170668,0.0259502716362,0.0311137456447,0.0001,0.0,0.0,0.0,0.0,0.0,0.0,0.0001,0.0,0.0,0.0,0.0,0.0,0.0,0.0001,0.0,0.0,0.0,0.0,0.0,0.0,0.0001,0.0,0.0,0.0,0.0,0.0,0.0,0.0001,0.0,0.0,0.0,0.0,0.0,0.0,0.0001
1532986762766919323,928,1532986762765643775,map,base_link,87.9100036621,203.549255371,49.3571281433,-0.0310135092424,0.0209995421225,0.0449773067625,-0.998285642164,1e-06,0.0,0.0,0.0,0.0,0.0,0.0,1e-06,0.0,0.0,0.0,0.0,0.0,0.0,1e-06,0.0,0.0,0.0,0.0,0.0,0.0,1e-06,0.0,0.0,0.0,0.0,0.0,0.0,1e-06,0.0,0.0,0.0,0.0,0.0,0.0,1e-06,14.2707149577,1.67904784538,-1.12742833895,0.257767170668,0.0259502716362,0.0311137456447,0.0001,0.0,0.0,0.0,0.0,0.0,0.0,0.0001,0.0,0.0,0.0,0.0,0.0,0.0,0.0001,0.0,0.0,0.0,0.0,0.0,0.0,0.0001,0.0,0.0,0.0,0.0,0.0,0.0,0.0001,0.0,0.0,0.0,0.0,0.0,0.0,0.0001
1532986762965251939,929,1532986762964160358,map,base_link,90.936920166,203.61050415,49.1772994995,-0.0324702646292,0.000419651486596,0.0554694219427,-0.997932186592,1e-06,0.0,0.0,0.0,0.0,0.0,0.0,1e-06,0.0,0.0,0.0,0.0,0.0,0.0,1e-06,0.0,0.0,0.0,0.0,0.0,0.0,1e-06,0.0,0.0,0.0,0.0,0.0,0.0,1e-06,0.0,0.0,0.0,0.0,0.0,0.0,1e-06,14.2429751874,1.93391393734,-1.16842325771,0.0110601233318,0.123759783804,-0.167118906975,0.0001,0.0,0.0,0.0,0.0,0.0,0.0,0.0001,0.0,0.0,0.0,0.0,0.0,0.0,0.0001,0.0,0.0,0.0,0.0,0.0,0.0,0.0001,0.0,0.0,0.0,0.0,0.0,0.0,0.0001,0.0,0.0,0.0,0.0,0.0,0.0,0.0001
1532986763149449750,930,1532986763147676795,map,base_link,93.4238586426,203.65536499,48.9203605652,-0.0324702646292,0.000419651486596,0.0554694219427,-0.997932186592,1e-06,0.0,0.0,0.0,0.0,0.0,0.0,1e-06,0.0,0.0,0.0,0.0,0.0,0.0,1e-06,0.0,0.0,0.0,0.0,0.0,0.0,1e-06,0.0,0.0,0.0,0.0,0.0,0.0,1e-06,0.0,0.0,0.0,0.0,0.0,0.0,1e-06,14.307679894,1.8441073125,-1.58827039933,0.0110601233318,0.123759783804,-0.167118906975,0.0001,0.0,0.0,0.0,0.0,0.0,0.0,0.0001,0.0,0.0,0.0,0.0,0.0,0.0,0.0001,0.0,0.0,0.0,0.0,0.0,0.0,0.0001,0.0,0.0,0.0,0.0,0.0,0.0,0.0001,0.0,0.0,0.0,0.0,0.0,0.0,0.0001
1532986763377457508,931,1532986763373595344,map,base_link,96.74949646,203.676086426,48.4942474365,-0.0192424857269,-0.017944132583,0.0798114833288,-0.996462674654,1e-06,0.0,0.0,0.0,0.0,0.0,0.0,1e-06,0.0,0.0,0.0,0.0,0.0,0.0,1e-06,0.0,0.0,0.0,0.0,0.0,0.0,1e-06,0.0,0.0,0.0,0.0,0.0,0.0,1e-06,0.0,0.0,0.0,0.0,0.0,0.0,1e-06,14.4595333956,2.45525270814,-1.10994179907,-0.198158025742,0.103222593665,-0.142731130123,0.0001,0.0,0.0,0.0,0.0,0.0,0.0,0.0001,0.0,0.0,0.0,0.0,0.0,0.0,0.0001,0.0,0.0,0.0,0.0,0.0,0.0,0.0001,0.0,0.0,0.0,0.0,0.0,0.0,0.0001,0.0,0.0,0.0,0.0,0.0,0.0,0.0001
1532986763615700627,932,1532986763612048446,map,base_link,99.880859375,203.639205933,48.1400375366,-0.0192424857269,-0.017944132583,0.0798114833288,-0.996462674654,1e-06,0.0,0.0,0.0,0.0,0.0,0.0,1e-06,0.0,0.0,0.0,0.0,0.0,0.0,1e-06,0.0,0.0,0.0,0.0,0.0,0.0,1e-06,0.0,0.0,0.0,0.0,0.0,0.0,1e-06,0.0,0.0,0.0,0.0,0.0,0.0,1e-06,14.6743538679,2.26591244151,-0.824411002064,-0.198158025742,0.103222593665,-0.142731130123,0.0001,0.0,0.0,0.0,0.0,0.0,0.0,0.0001,0.0,0.0,0.0,0.0,0.0,0.0,0.0001,0.0,0.0,0.0,0.0,0.0,0.0,0.0001,0.0,0.0,0.0,0.0,0.0,0.0,0.0001,0.0,0.0,0.0,0.0,0.0,0.0,0.0001
1532986763910338008,933,1532986763909658682,map,base_link,104.545051575,203.511047363,47.7267913818,-0.0447400233342,-0.00897504927755,0.0766697653736,-0.996011810111,1e-06,0.0,0.0,0.0,0.0,0.0,0.0,1e-06,0.0,0.0,0.0,0.0,0.0,0.0,1e-06,0.0,0.0,0.0,0.0,0.0,0.0,1e-06,0.0,0.0,0.0,0.0,0.0,0.0,1e-06,0.0,0.0,0.0,0.0,0.0,0.0,1e-06,14.9711344,2.00300859417,-0.688764346475,-0.140429705381,-0.0840156078339,0.105656862259,0.0001,0.0,0.0,0.0,0.0,0.0,0.0,0.0001,0.0,0.0,0.0,0.0,0.0,0.0,0.0001,0.0,0.0,0.0,0.0,0.0,0.0,0.0001,0.0,0.0,0.0,0.0,0.0,0.0,0.0001,0.0,0.0,0.0,0.0,0.0,0.0,0.0001
1532986764125953964,934,1532986764125340814,map,base_link,107.220779419,203.420593262,47.5702857971,-0.029607241742,0.00468300718504,0.0696213233842,-0.997123037549,1e-06,0.0,0.0,0.0,0.0,0.0,0.0,1e-06,0.0,0.0,0.0,0.0,0.0,0.0,1e-06,0.0,0.0,0.0,0.0,0.0,0.0,1e-06,0.0,0.0,0.0,0.0,0.0,0.0,1e-06,0.0,0.0,0.0,0.0,0.0,0.0,1e-06,15.0803332884,1.77781824867,-0.79421522414,-0.0677882730961,-0.0491791330278,-0.0466454476118,0.0001,0.0,0.0,0.0,0.0,0.0,0.0,0.0001,0.0,0.0,0.0,0.0,0.0,0.0,0.0001,0.0,0.0,0.0,0.0,0.0,0.0,0.0001,0.0,0.0,0.0,0.0,0.0,0.0,0.0001,0.0,0.0,0.0,0.0,0.0,0.0,0.0001
1532986764382178725,935,1532986764381778182,map,base_link,111.125801086,203.279663086,47.377166748,-0.029607241742,0.00468300718504,0.0696213233842,-0.997123037549,1e-06,0.0,0.0,0.0,0.0,0.0,0.0,1e-06,0.0,0.0,0.0,0.0,0.0,0.0,1e-06,0.0,0.0,0.0,0.0,0.0,0.0,1e-06,0.0,0.0,0.0,0.0,0.0,0.0,1e-06,0.0,0.0,0.0,0.0,0.0,0.0,1e-06,15.1567806526,1.71320165028,-0.824271154279,-0.0677882730961,-0.0491791330278,-0.0466454476118,0.0001,0.0,0.0,0.0,0.0,0.0,0.0,0.0001,0.0,0.0,0.0,0.0,0.0,0.0,0.0001,0.0,0.0,0.0,0.0,0.0,0.0,0.0001,0.0,0.0,0.0,0.0,0.0,0.0,0.0001,0.0,0.0,0.0,0.0,0.0,0.0,0.0001
1532986764642615473,936,1532986764642230194,map,base_link,115.344177246,203.112564087,47.1438941956,-0.0174596331636,0.0142182430836,0.0779365753353,-0.99670401474,1e-06,0.0,0.0,0.0,0.0,0.0,0.0,1e-06,0.0,0.0,0.0,0.0,0.0,0.0,1e-06,0.0,0.0,0.0,0.0,0.0,0.0,1e-06,0.0,0.0,0.0,0.0,0.0,0.0,1e-06,0.0,0.0,0.0,0.0,0.0,0.0,1e-06,15.166477655,1.88449077544,-1.12684747175,0.0603266954422,-0.0548338256776,0.0104354657233,0.0001,0.0,0.0,0.0,0.0,0.0,0.0,0.0001,0.0,0.0,0.0,0.0,0.0,0.0,0.0001,0.0,0.0,0.0,0.0,0.0,0.0,0.0001,0.0,0.0,0.0,0.0,0.0,0.0,0.0001,0.0,0.0,0.0,0.0,0.0,0.0,0.0001
1532986764855593997,937,1532986764855030510,map,base_link,118.655609131,202.974151611,46.9654388428,-0.0174596331636,0.0142182430836,0.0779365753353,-0.99670401474,1e-06,0.0,0.0,0.0,0.0,0.0,0.0,1e-06,0.0,0.0,0.0,0.0,0.0,0.0,1e-06,0.0,0.0,0.0,0.0,0.0,0.0,1e-06,0.0,0.0,0.0,0.0,0.0,0.0,1e-06,0.0,0.0,0.0,0.0,0.0,0.0,1e-06,15.2250312908,1.84495173866,-1.20701545873,0.0603266954422,-0.0548338256776,0.0104354657233,0.0001,0.0,0.0,0.0,0.0,0.0,0.0,0.0001,0.0,0.0,0.0,0.0,0.0,0.0,0.0001,0.0,0.0,0.0,0.0,0.0,0.0,0.0001,0.0,0.0,0.0,0.0,0.0,0.0,0.0001,0.0,0.0,0.0,0.0,0.0,0.0,0.0001
1532986765115657722,938,1532986765114663197,map,base_link,122.623786926,202.809524536,46.7166671753,-0.0332276839998,0.0203521602512,0.0665751962064,-0.997020287577,1e-06,0.0,0.0,0.0,0.0,0.0,0.0,1e-06,0.0,0.0,0.0,0.0,0.0,0.0,1e-06,0.0,0.0,0.0,0.0,0.0,0.0,1e-06,0.0,0.0,0.0,0.0,0.0,0.0,1e-06,0.0,0.0,0.0,0.0,0.0,0.0,1e-06,15.3530324879,1.38875516917,-1.51618225932,0.0609817169607,-0.000797130167484,0.0388500653207,0.0001,0.0,0.0,0.0,0.0,0.0,0.0,0.0001,0.0,0.0,0.0,0.0,0.0,0.0,0.0001,0.0,0.0,0.0,0.0,0.0,0.0,0.0001,0.0,0.0,0.0,0.0,0.0,0.0,0.0001,0.0,0.0,0.0,0.0,0.0,0.0,0.0001
1532986765366510915,939,1532986765365735014,map,base_link,126.31300354,202.630981445,46.478767395,-0.0690411439593,0.0245871685788,0.0762583208137,-0.994390999602,1e-06,0.0,0.0,0.0,0.0,0.0,0.0,1e-06,0.0,0.0,0.0,0.0,0.0,0.0,1e-06,0.0,0.0,0.0,0.0,0.0,0.0,1e-06,0.0,0.0,0.0,0.0,0.0,0.0,1e-06,0.0,0.0,0.0,0.0,0.0,0.0,1e-06,15.4584693515,1.44120655488,-1.63220146108,0.174159556627,-0.0165027249604,-0.0826161801815,0.0001,0.0,0.0,0.0,0.0,0.0,0.0,0.0001,0.0,0.0,0.0,0.0,0.0,0.0,0.0001,0.0,0.0,0.0,0.0,0.0,0.0,0.0001,0.0,0.0,0.0,0.0,0.0,0.0,0.0001,0.0,0.0,0.0,0.0,0.0,0.0,0.0001
1532986765614695604,940,1532986765614328278,map,base_link,130.026367188,202.402694702,46.2736091614,-0.0690411439593,0.0245871685788,0.0762583208137,-0.994390999602,1e-06,0.0,0.0,0.0,0.0,0.0,0.0,1e-06,0.0,0.0,0.0,0.0,0.0,0.0,1e-06,0.0,0.0,0.0,0.0,0.0,0.0,1e-06,0.0,0.0,0.0,0.0,0.0,0.0,1e-06,0.0,0.0,0.0,0.0,0.0,0.0,1e-06,15.5932002154,1.17929617581,-1.32391649679,0.174159556627,-0.0165027249604,-0.0826161801815,0.0001,0.0,0.0,0.0,0.0,0.0,0.0,0.0001,0.0,0.0,0.0,0.0,0.0,0.0,0.0001,0.0,0.0,0.0,0.0,0.0,0.0,0.0001,0.0,0.0,0.0,0.0,0.0,0.0,0.0001,0.0,0.0,0.0,0.0,0.0,0.0,0.0001
1532986765858097396,941,1532986765857594550,map,base_link,134.056777954,202.034103394,46.1140823364,-0.117627324686,0.033571188943,0.104777181371,-0.986944035913,1e-06,0.0,0.0,0.0,0.0,0.0,0.0,1e-06,0.0,0.0,0.0,0.0,0.0,0.0,1e-06,0.0,0.0,0.0,0.0,0.0,0.0,1e-06,0.0,0.0,0.0,0.0,0.0,0.0,1e-06,0.0,0.0,0.0,0.0,0.0,0.0,1e-06,15.6082817209,1.42337384101,-1.30057572143,0.347364962101,-0.0676754191518,-0.155840218067,0.0001,0.0,0.0,0.0,0.0,0.0,0.0,0.0001,0.0,0.0,0.0,0.0,0.0,0.0,0.0001,0.0,0.0,0.0,0.0,0.0,0.0,0.0001,0.0,0.0,0.0,0.0,0.0,0.0,0.0001,0.0,0.0,0.0,0.0,0.0,0.0,0.0001
1532986766125357388,942,1532986766124837390,map,base_link,137.786956787,201.527770996,46.010471344,-0.175190179646,0.048743041329,0.119758289179,-0.976007412395,1e-06,0.0,0.0,0.0,0.0,0.0,0.0,1e-06,0.0,0.0,0.0,0.0,0.0,0.0,1e-06,0.0,0.0,0.0,0.0,0.0,0.0,1e-06,0.0,0.0,0.0,0.0,0.0,0.0,1e-06,0.0,0.0,0.0,0.0,0.0,0.0,1e-06,15.617127605,1.16464915547,-1.40321308072,0.329697728157,-0.128586381674,-0.146855592728,0.0001,0.0,0.0,0.0,0.0,0.0,0.0,0.0001,0.0,0.0,0.0,0.0,0.0,0.0,0.0001,0.0,0.0,0.0,0.0,0.0,0.0,0.0001,0.0,0.0,0.0,0.0,0.0,0.0,0.0001,0.0,0.0,0.0,0.0,0.0,0.0,0.0001
1532986766383756479,943,1532986766378850862,map,base_link,141.774780273,200.746948242,46.0013160706,-0.175190179646,0.048743041329,0.119758289179,-0.976007412395,1e-06,0.0,0.0,0.0,0.0,0.0,0.0,1e-06,0.0,0.0,0.0,0.0,0.0,0.0,1e-06,0.0,0.0,0.0,0.0,0.0,0.0,1e-06,0.0,0.0,0.0,0.0,0.0,0.0,1e-06,0.0,0.0,0.0,0.0,0.0,0.0,1e-06,15.6309306349,0.299019800934,-0.68841284241,0.329697728157,-0.128586381674,-0.146855592728,0.0001,0.0,0.0,0.0,0.0,0.0,0.0,0.0001,0.0,0.0,0.0,0.0,0.0,0.0,0.0001,0.0,0.0,0.0,0.0,0.0,0.0,0.0001,0.0,0.0,0.0,0.0,0.0,0.0,0.0001,0.0,0.0,0.0,0.0,0.0,0.0,0.0001
1532986766600526897,944,1532986766599843027,map,base_link,145.089752197,199.849777222,46.0715866089,-0.223056543393,0.076646641055,0.166165880947,-0.957475833049,1e-06,0.0,0.0,0.0,0.0,0.0,0.0,1e-06,0.0,0.0,0.0,0.0,0.0,0.0,1e-06,0.0,0.0,0.0,0.0,0.0,0.0,1e-06,0.0,0.0,0.0,0.0,0.0,0.0,1e-06,0.0,0.0,0.0,0.0,0.0,0.0,1e-06,15.5359607425,0.696187796284,-0.987424875232,0.254536956549,-0.154792830348,-0.232307255268,0.0001,0.0,0.0,0.0,0.0,0.0,0.0,0.0001,0.0,0.0,0.0,0.0,0.0,0.0,0.0001,0.0,0.0,0.0,0.0,0.0,0.0,0.0001,0.0,0.0,0.0,0.0,0.0,0.0,0.0001,0.0,0.0,0.0,0.0,0.0,0.0,0.0001
1532986766828452480,945,1532986766824590540,map,base_link,148.599075317,198.598922729,46.1911392212,-0.223056543393,0.076646641055,0.166165880947,-0.957475833049,1e-06,0.0,0.0,0.0,0.0,0.0,0.0,1e-06,0.0,0.0,0.0,0.0,0.0,0.0,1e-06,0.0,0.0,0.0,0.0,0.0,0.0,1e-06,0.0,0.0,0.0,0.0,0.0,0.0,1e-06,0.0,0.0,0.0,0.0,0.0,0.0,1e-06,15.4157499657,-0.350110728554,-0.572216523219,0.254536956549,-0.154792830348,-0.232307255268,0.0001,0.0,0.0,0.0,0.0,0.0,0.0,0.0001,0.0,0.0,0.0,0.0,0.0,0.0,0.0001,0.0,0.0,0.0,0.0,0.0,0.0,0.0001,0.0,0.0,0.0,0.0,0.0,0.0,0.0001,0.0,0.0,0.0,0.0,0.0,0.0,0.0001
1532986767084194619,946,1532986767078093358,map,base_link,151.979415894,197.104751587,46.2665557861,-0.262057988847,0.11078370158,0.214969480339,-0.934259441734,1e-06,0.0,0.0,0.0,0.0,0.0,0.0,1e-06,0.0,0.0,0.0,0.0,0.0,0.0,1e-06,0.0,0.0,0.0,0.0,0.0,0.0,1e-06,0.0,0.0,0.0,0.0,0.0,0.0,1e-06,0.0,0.0,0.0,0.0,0.0,0.0,1e-06,15.2538770381,-0.0730120577809,-1.17588636814,0.178410574794,-0.195851773024,-0.206410139799,0.0001,0.0,0.0,0.0,0.0,0.0,0.0,0.0001,0.0,0.0,0.0,0.0,0.0,0.0,0.0001,0.0,0.0,0.0,0.0,0.0,0.0,0.0001,0.0,0.0,0.0,0.0,0.0,0.0,0.0001,0.0,0.0,0.0,0.0,0.0,0.0,0.0001
1532986767288127379,947,1532986767287567669,map,base_link,155.185684204,195.369400024,46.3764762878,-0.262057988847,0.11078370158,0.214969480339,-0.934259441734,1e-06,0.0,0.0,0.0,0.0,0.0,0.0,1e-06,0.0,0.0,0.0,0.0,0.0,0.0,1e-06,0.0,0.0,0.0,0.0,0.0,0.0,1e-06,0.0,0.0,0.0,0.0,0.0,0.0,1e-06,0.0,0.0,0.0,0.0,0.0,0.0,1e-06,15.1362510362,-1.06445622967,-0.354962383925,0.178410574794,-0.195851773024,-0.206410139799,0.0001,0.0,0.0,0.0,0.0,0.0,0.0,0.0001,0.0,0.0,0.0,0.0,0.0,0.0,0.0001,0.0,0.0,0.0,0.0,0.0,0.0,0.0001,0.0,0.0,0.0,0.0,0.0,0.0,0.0001,0.0,0.0,0.0,0.0,0.0,0.0,0.0001
1532986767585829104,948,1532986767585445009,map,base_link,158.495803833,193.239242554,46.4775238037,-0.243249232414,0.113488887989,0.28393061101,-0.920507192457,1e-06,0.0,0.0,0.0,0.0,0.0,0.0,1e-06,0.0,0.0,0.0,0.0,0.0,0.0,1e-06,0.0,0.0,0.0,0.0,0.0,0.0,1e-06,0.0,0.0,0.0,0.0,0.0,0.0,1e-06,0.0,0.0,0.0,0.0,0.0,0.0,1e-06,15.0502076436,-0.161774178329,-0.66974537562,-0.238891765475,-0.0886150225997,-0.374396145344,0.0001,0.0,0.0,0.0,0.0,0.0,0.0,0.0001,0.0,0.0,0.0,0.0,0.0,0.0,0.0001,0.0,0.0,0.0,0.0,0.0,0.0,0.0001,0.0,0.0,0.0,0.0,0.0,0.0,0.0001,0.0,0.0,0.0,0.0,0.0,0.0,0.0001
1532986767816021912,949,1532986767814447453,map,base_link,161.372909546,191.076553345,46.5496673584,-0.243249232414,0.113488887989,0.28393061101,-0.920507192457,1e-06,0.0,0.0,0.0,0.0,0.0,0.0,1e-06,0.0,0.0,0.0,0.0,0.0,0.0,1e-06,0.0,0.0,0.0,0.0,0.0,0.0,1e-06,0.0,0.0,0.0,0.0,0.0,0.0,1e-06,0.0,0.0,0.0,0.0,0.0,0.0,1e-06,14.893239057,-1.19390285724,-0.00671866880143,-0.238891765475,-0.0886150225997,-0.374396145344,0.0001,0.0,0.0,0.0,0.0,0.0,0.0,0.0001,0.0,0.0,0.0,0.0,0.0,0.0,0.0001,0.0,0.0,0.0,0.0,0.0,0.0,0.0001,0.0,0.0,0.0,0.0,0.0,0.0,0.0001,0.0,0.0,0.0,0.0,0.0,0.0,0.0001
1532986768068446558,950,1532986768064717769,map,base_link,164.219223022,188.46774292,46.7191390991,-0.229174681582,0.127314843055,0.36952759523,-0.891470275681,1e-06,0.0,0.0,0.0,0.0,0.0,0.0,1e-06,0.0,0.0,0.0,0.0,0.0,0.0,1e-06,0.0,0.0,0.0,0.0,0.0,0.0,1e-06,0.0,0.0,0.0,0.0,0.0,0.0,1e-06,0.0,0.0,0.0,0.0,0.0,0.0,1e-06,14.7887202255,0.123289414533,-0.209293383627,-0.0895020142198,-0.251488149166,-0.27016800642,0.0001,0.0,0.0,0.0,0.0,0.0,0.0,0.0001,0.0,0.0,0.0,0.0,0.0,0.0,0.0001,0.0,0.0,0.0,0.0,0.0,0.0,0.0001,0.0,0.0,0.0,0.0,0.0,0.0,0.0001,0.0,0.0,0.0,0.0,0.0,0.0,0.0001
1532986768309305350,951,1532986768305732465,map,base_link,166.576080322,185.879547119,46.9574050903,-0.212520063277,0.155000901285,0.416433808912,-0.870283187302,1e-06,0.0,0.0,0.0,0.0,0.0,0.0,1e-06,0.0,0.0,0.0,0.0,0.0,0.0,1e-06,0.0,0.0,0.0,0.0,0.0,0.0,1e-06,0.0,0.0,0.0,0.0,0.0,0.0,1e-06,0.0,0.0,0.0,0.0,0.0,0.0,1e-06,14.5913572807,0.374763117661,-0.604001055472,-0.0249071642756,-0.241318076849,-0.222459286451,0.0001,0.0,0.0,0.0,0.0,0.0,0.0,0.0001,0.0,0.0,0.0,0.0,0.0,0.0,0.0001,0.0,0.0,0.0,0.0,0.0,0.0,0.0001,0.0,0.0,0.0,0.0,0.0,0.0,0.0001,0.0,0.0,0.0,0.0,0.0,0.0,0.0001
1532986768592190639,952,1532986768591339922,map,base_link,169.025482178,182.680236816,47.3252944946,-0.212520063277,0.155000901285,0.416433808912,-0.870283187302,1e-06,0.0,0.0,0.0,0.0,0.0,0.0,1e-06,0.0,0.0,0.0,0.0,0.0,0.0,1e-06,0.0,0.0,0.0,0.0,0.0,0.0,1e-06,0.0,0.0,0.0,0.0,0.0,0.0,1e-06,0.0,0.0,0.0,0.0,0.0,0.0,1e-06,14.3781647293,-0.654266915045,0.0862997872172,-0.0249071642756,-0.241318076849,-0.222459286451,0.0001,0.0,0.0,0.0,0.0,0.0,0.0,0.0001,0.0,0.0,0.0,0.0,0.0,0.0,0.0001,0.0,0.0,0.0,0.0,0.0,0.0,0.0001,0.0,0.0,0.0,0.0,0.0,0.0,0.0001,0.0,0.0,0.0,0.0,0.0,0.0,0.0001
1532986768826386476,953,1532986768825553678,map,base_link,170.86630249,179.855255127,47.69972229,-0.178847564499,0.155857839122,0.461937065249,-0.854596998828,1e-06,0.0,0.0,0.0,0.0,0.0,0.0,1e-06,0.0,0.0,0.0,0.0,0.0,0.0,1e-06,0.0,0.0,0.0,0.0,0.0,0.0,1e-06,0.0,0.0,0.0,0.0,0.0,0.0,1e-06,0.0,0.0,0.0,0.0,0.0,0.0,1e-06,14.1812401245,-0.274255729881,-0.0255035989816,-0.250207424164,-0.165783405304,-0.230217248201,0.0001,0.0,0.0,0.0,0.0,0.0,0.0,0.0001,0.0,0.0,0.0,0.0,0.0,0.0,0.0001,0.0,0.0,0.0,0.0,0.0,0.0,0.0001,0.0,0.0,0.0,0.0,0.0,0.0,0.0001,0.0,0.0,0.0,0.0,0.0,0.0,0.0001
1532986769055892278,954,1532986769054978745,map,base_link,172.504669189,176.963012695,48.0922966003,-0.143803806309,0.148563931128,0.508669738167,-0.835765709474,1e-06,0.0,0.0,0.0,0.0,0.0,0.0,1e-06,0.0,0.0,0.0,0.0,0.0,0.0,1e-06,0.0,0.0,0.0,0.0,0.0,0.0,1e-06,0.0,0.0,0.0,0.0,0.0,0.0,1e-06,0.0,0.0,0.0,0.0,0.0,0.0,1e-06,13.9960720087,0.258149070446,-0.255030874361,-0.294546097517,-0.0330214649439,-0.197484463453,0.0001,0.0,0.0,0.0,0.0,0.0,0.0,0.0001,0.0,0.0,0.0,0.0,0.0,0.0,0.0001,0.0,0.0,0.0,0.0,0.0,0.0,0.0001,0.0,0.0,0.0,0.0,0.0,0.0,0.0001,0.0,0.0,0.0,0.0,0.0,0.0,0.0001
1532986769317806367,955,1532986769314443561,map,base_link,174.115524292,173.806793213,48.4497489929,-0.143803806309,0.148563931128,0.508669738167,-0.835765709474,1e-06,0.0,0.0,0.0,0.0,0.0,0.0,1e-06,0.0,0.0,0.0,0.0,0.0,0.0,1e-06,0.0,0.0,0.0,0.0,0.0,0.0,1e-06,0.0,0.0,0.0,0.0,0.0,0.0,1e-06,0.0,0.0,0.0,0.0,0.0,0.0,1e-06,13.8204116633,-0.42925635316,-0.42957328761,-0.294546097517,-0.0330214649439,-0.197484463453,0.0001,0.0,0.0,0.0,0.0,0.0,0.0,0.0001,0.0,0.0,0.0,0.0,0.0,0.0,0.0001,0.0,0.0,0.0,0.0,0.0,0.0,0.0001,0.0,0.0,0.0,0.0,0.0,0.0,0.0001,0.0,0.0,0.0,0.0,0.0,0.0,0.0001
1532986769568247594,956,1532986769567470893,map,base_link,175.469100952,170.882568359,48.7153739929,-0.124273807226,0.124869434611,0.554887437086,-0.813058163542,1e-06,0.0,0.0,0.0,0.0,0.0,0.0,1e-06,0.0,0.0,0.0,0.0,0.0,0.0,1e-06,0.0,0.0,0.0,0.0,0.0,0.0,1e-06,0.0,0.0,0.0,0.0,0.0,0.0,1e-06,0.0,0.0,0.0,0.0,0.0,0.0,1e-06,13.7626510645,0.332189556929,-0.289444711992,-0.0608161985874,-0.0141289811581,-0.24476402998,0.0001,0.0,0.0,0.0,0.0,0.0,0.0,0.0001,0.0,0.0,0.0,0.0,0.0,0.0,0.0001,0.0,0.0,0.0,0.0,0.0,0.0,0.0001,0.0,0.0,0.0,0.0,0.0,0.0,0.0001,0.0,0.0,0.0,0.0,0.0,0.0,0.0001
1532986769798382259,957,1532986769796578713,map,base_link,176.653884888,167.890472412,48.9721832275,-0.124273807226,0.124869434611,0.554887437086,-0.813058163542,1e-06,0.0,0.0,0.0,0.0,0.0,0.0,1e-06,0.0,0.0,0.0,0.0,0.0,0.0,1e-06,0.0,0.0,0.0,0.0,0.0,0.0,1e-06,0.0,0.0,0.0,0.0,0.0,0.0,1e-06,0.0,0.0,0.0,0.0,0.0,0.0,1e-06,13.7257274159,-0.419541396591,0.0701139317769,-0.0608161985874,-0.0141289811581,-0.24476402998,0.0001,0.0,0.0,0.0,0.0,0.0,0.0,0.0001,0.0,0.0,0.0,0.0,0.0,0.0,0.0001,0.0,0.0,0.0,0.0,0.0,0.0,0.0001,0.0,0.0,0.0,0.0,0.0,0.0,0.0001,0.0,0.0,0.0,0.0,0.0,0.0,0.0001
1532986770088959557,958,1532986770087756489,map,base_link,177.784088135,164.321533203,49.2827301025,-0.131826429054,0.135663714877,0.578217803853,-0.793650628662,1e-06,0.0,0.0,0.0,0.0,0.0,0.0,1e-06,0.0,0.0,0.0,0.0,0.0,0.0,1e-06,0.0,0.0,0.0,0.0,0.0,0.0,1e-06,0.0,0.0,0.0,0.0,0.0,0.0,1e-06,0.0,0.0,0.0,0.0,0.0,0.0,1e-06,13.6217401687,-0.493161347461,0.0347077639667,0.0574056915939,-0.0725990086794,0.0492523573339,0.0001,0.0,0.0,0.0,0.0,0.0,0.0,0.0001,0.0,0.0,0.0,0.0,0.0,0.0,0.0001,0.0,0.0,0.0,0.0,0.0,0.0,0.0001,0.0,0.0,0.0,0.0,0.0,0.0,0.0001,0.0,0.0,0.0,0.0,0.0,0.0,0.0001
1532986770287856876,959,1532986770287202286,map,base_link,178.452789307,161.745040894,49.449508667,-0.131826429054,0.135663714877,0.578217803853,-0.793650628662,1e-06,0.0,0.0,0.0,0.0,0.0,0.0,1e-06,0.0,0.0,0.0,0.0,0.0,0.0,1e-06,0.0,0.0,0.0,0.0,0.0,0.0,1e-06,0.0,0.0,0.0,0.0,0.0,0.0,1e-06,0.0,0.0,0.0,0.0,0.0,0.0,1e-06,13.5085252216,-1.05331659488,-0.0972106598663,0.0574056915939,-0.0725990086794,0.0492523573339,0.0001,0.0,0.0,0.0,0.0,0.0,0.0,0.0001,0.0,0.0,0.0,0.0,0.0,0.0,0.0001,0.0,0.0,0.0,0.0,0.0,0.0,0.0001,0.0,0.0,0.0,0.0,0.0,0.0,0.0001,0.0,0.0,0.0,0.0,0.0,0.0,0.0001
1532986770524226690,960,1532986770522473000,map,base_link,179.143280029,158.655990601,49.5889434814,-0.0996445478785,0.12837292248,0.578964132225,-0.798994299384,1e-06,0.0,0.0,0.0,0.0,0.0,0.0,1e-06,0.0,0.0,0.0,0.0,0.0,0.0,1e-06,0.0,0.0,0.0,0.0,0.0,0.0,1e-06,0.0,0.0,0.0,0.0,0.0,0.0,1e-06,0.0,0.0,0.0,0.0,0.0,0.0,1e-06,13.3285594452,-1.62101402784,-0.326285126823,-0.264195472002,0.00422058999538,-0.06329639256,0.0001,0.0,0.0,0.0,0.0,0.0,0.0,0.0001,0.0,0.0,0.0,0.0,0.0,0.0,0.0001,0.0,0.0,0.0,0.0,0.0,0.0,0.0001,0.0,0.0,0.0,0.0,0.0,0.0,0.0001,0.0,0.0,0.0,0.0,0.0,0.0,0.0001
1532986770768013954,961,1532986770765451017,map,base_link,179.737762451,155.559249878,49.7351875305,-0.0996445478785,0.12837292248,0.578964132225,-0.798994299384,1e-06,0.0,0.0,0.0,0.0,0.0,0.0,1e-06,0.0,0.0,0.0,0.0,0.0,0.0,1e-06,0.0,0.0,0.0,0.0,0.0,0.0,1e-06,0.0,0.0,0.0,0.0,0.0,0.0,1e-06,0.0,0.0,0.0,0.0,0.0,0.0,1e-06,13.1853654731,-1.99116176904,-0.19323313246,-0.264195472002,0.00422058999538,-0.06329639256,0.0001,0.0,0.0,0.0,0.0,0.0,0.0,0.0001,0.0,0.0,0.0,0.0,0.0,0.0,0.0001,0.0,0.0,0.0,0.0,0.0,0.0,0.0001,0.0,0.0,0.0,0.0,0.0,0.0,0.0001,0.0,0.0,0.0,0.0,0.0,0.0,0.0001
1532986771001308513,962,1532986771000241636,map,base_link,180.198348999,152.721084595,49.8588638306,-0.0811958405591,0.0972532903712,0.619754932891,-0.774501682468,1e-06,0.0,0.0,0.0,0.0,0.0,0.0,1e-06,0.0,0.0,0.0,0.0,0.0,0.0,1e-06,0.0,0.0,0.0,0.0,0.0,0.0,1e-06,0.0,0.0,0.0,0.0,0.0,0.0,1e-06,0.0,0.0,0.0,0.0,0.0,0.0,1e-06,13.2346923867,-1.0942263118,-0.133727236559,-0.196304067969,0.0307815745473,-0.223780855536,0.0001,0.0,0.0,0.0,0.0,0.0,0.0,0.0001,0.0,0.0,0.0,0.0,0.0,0.0,0.0001,0.0,0.0,0.0,0.0,0.0,0.0,0.0001,0.0,0.0,0.0,0.0,0.0,0.0,0.0001,0.0,0.0,0.0,0.0,0.0,0.0,0.0001
1532986771259010326,963,1532986771257851194,map,base_link,180.674240112,149.128494263,50.001411438,-0.067897017124,0.080676257882,0.643630883405,-0.758037348953,1e-06,0.0,0.0,0.0,0.0,0.0,0.0,1e-06,0.0,0.0,0.0,0.0,0.0,0.0,1e-06,0.0,0.0,0.0,0.0,0.0,0.0,1e-06,0.0,0.0,0.0,0.0,0.0,0.0,1e-06,0.0,0.0,0.0,0.0,0.0,0.0,1e-06,13.2189217906,-0.768592062165,-0.078097815061,-0.0775285661221,-0.00929681397974,-0.13569997251,0.0001,0.0,0.0,0.0,0.0,0.0,0.0,0.0001,0.0,0.0,0.0,0.0,0.0,0.0,0.0001,0.0,0.0,0.0,0.0,0.0,0.0,0.0001,0.0,0.0,0.0,0.0,0.0,0.0,0.0001,0.0,0.0,0.0,0.0,0.0,0.0,0.0001
1532986771491869047,964,1532986771490108060,map,base_link,180.958587646,146.300445557,50.1102142334,-0.067897017124,0.080676257882,0.643630883405,-0.758037348953,1e-06,0.0,0.0,0.0,0.0,0.0,0.0,1e-06,0.0,0.0,0.0,0.0,0.0,0.0,1e-06,0.0,0.0,0.0,0.0,0.0,0.0,1e-06,0.0,0.0,0.0,0.0,0.0,0.0,1e-06,0.0,0.0,0.0,0.0,0.0,0.0,1e-06,13.1640708425,-1.09716195254,0.000988168071725,-0.0775285661221,-0.00929681397974,-0.13569997251,0.0001,0.0,0.0,0.0,0.0,0.0,0.0,0.0001,0.0,0.0,0.0,0.0,0.0,0.0,0.0001,0.0,0.0,0.0,0.0,0.0,0.0,0.0001,0.0,0.0,0.0,0.0,0.0,0.0,0.0001,0.0,0.0,0.0,0.0,0.0,0.0,0.0001
1532986771774157826,965,1532986771773768515,map,base_link,181.218521118,142.707305908,50.2487640381,-0.0613137819019,0.0744555220788,0.653765546202,-0.750524886982,1e-06,0.0,0.0,0.0,0.0,0.0,0.0,1e-06,0.0,0.0,0.0,0.0,0.0,0.0,1e-06,0.0,0.0,0.0,0.0,0.0,0.0,1e-06,0.0,0.0,0.0,0.0,0.0,0.0,1e-06,0.0,0.0,0.0,0.0,0.0,0.0,1e-06,13.113786623,-1.12096093081,-0.0605791664139,-0.0511200465262,-0.00203316565603,-0.0277205146849,0.0001,0.0,0.0,0.0,0.0,0.0,0.0,0.0001,0.0,0.0,0.0,0.0,0.0,0.0,0.0001,0.0,0.0,0.0,0.0,0.0,0.0,0.0001,0.0,0.0,0.0,0.0,0.0,0.0,0.0001,0.0,0.0,0.0,0.0,0.0,0.0,0.0001
1532986772003689548,966,1532986771996764353,map,base_link,181.354934692,139.65725708,50.3886871338,-0.0632560741513,0.0774585095678,0.661988998598,-0.742811829546,1e-06,0.0,0.0,0.0,0.0,0.0,0.0,1e-06,0.0,0.0,0.0,0.0,0.0,0.0,1e-06,0.0,0.0,0.0,0.0,0.0,0.0,1e-06,0.0,0.0,0.0,0.0,0.0,0.0,1e-06,0.0,0.0,0.0,0.0,0.0,0.0,1e-06,13.1016735607,-1.15062220903,0.232167116085,0.0197541099042,-0.0173756293952,-0.100384101272,0.0001,0.0,0.0,0.0,0.0,0.0,0.0,0.0001,0.0,0.0,0.0,0.0,0.0,0.0,0.0001,0.0,0.0,0.0,0.0,0.0,0.0,0.0001,0.0,0.0,0.0,0.0,0.0,0.0,0.0001,0.0,0.0,0.0,0.0,0.0,0.0,0.0001
1532986772266955442,967,1532986772266417204,map,base_link,181.375610352,136.330291748,50.5525550842,-0.0632560741513,0.0774585095678,0.661988998598,-0.742811829546,1e-06,0.0,0.0,0.0,0.0,0.0,0.0,1e-06,0.0,0.0,0.0,0.0,0.0,0.0,1e-06,0.0,0.0,0.0,0.0,0.0,0.0,1e-06,0.0,0.0,0.0,0.0,0.0,0.0,1e-06,0.0,0.0,0.0,0.0,0.0,0.0,1e-06,13.0513512143,-1.6165973077,0.171226343535,0.0197541099042,-0.0173756293952,-0.100384101272,0.0001,0.0,0.0,0.0,0.0,0.0,0.0,0.0001,0.0,0.0,0.0,0.0,0.0,0.0,0.0001,0.0,0.0,0.0,0.0,0.0,0.0,0.0001,0.0,0.0,0.0,0.0,0.0,0.0,0.0001,0.0,0.0,0.0,0.0,0.0,0.0,0.0001
1532986772486660027,968,1532986772485759134,map,base_link,181.32611084,133.518707275,50.6577758789,-0.0551181304641,0.0747394459755,0.66068696589,-0.744895120143,1e-06,0.0,0.0,0.0,0.0,0.0,0.0,1e-06,0.0,0.0,0.0,0.0,0.0,0.0,1e-06,0.0,0.0,0.0,0.0,0.0,0.0,1e-06,0.0,0.0,0.0,0.0,0.0,0.0,1e-06,0.0,0.0,0.0,0.0,0.0,0.0,1e-06,12.9995633278,-1.8401829542,0.20947097756,-0.146841496229,-0.0494774393737,0.0700275301933,0.0001,0.0,0.0,0.0,0.0,0.0,0.0,0.0001,0.0,0.0,0.0,0.0,0.0,0.0,0.0001,0.0,0.0,0.0,0.0,0.0,0.0,0.0001,0.0,0.0,0.0,0.0,0.0,0.0,0.0001,0.0,0.0,0.0,0.0,0.0,0.0,0.0001
1532986772714723403,969,1532986772714169965,map,base_link,181.259735107,130.464874268,50.7332992554,-0.0551181304641,0.0747394459755,0.66068696589,-0.744895120143,1e-06,0.0,0.0,0.0,0.0,0.0,0.0,1e-06,0.0,0.0,0.0,0.0,0.0,0.0,1e-06,0.0,0.0,0.0,0.0,0.0,0.0,1e-06,0.0,0.0,0.0,0.0,0.0,0.0,1e-06,0.0,0.0,0.0,0.0,0.0,0.0,1e-06,12.9158176315,-1.91285297796,-0.347053855708,-0.146841496229,-0.0494774393737,0.0700275301933,0.0001,0.0,0.0,0.0,0.0,0.0,0.0,0.0001,0.0,0.0,0.0,0.0,0.0,0.0,0.0001,0.0,0.0,0.0,0.0,0.0,0.0,0.0001,0.0,0.0,0.0,0.0,0.0,0.0,0.0001,0.0,0.0,0.0,0.0,0.0,0.0,0.0001
1532986772942721819,970,1532986772942331452,map,base_link,181.215408325,127.684089661,50.693321228,-0.0192386518246,0.0153177336999,0.68071777446,-0.732132879227,1e-06,0.0,0.0,0.0,0.0,0.0,0.0,1e-06,0.0,0.0,0.0,0.0,0.0,0.0,1e-06,0.0,0.0,0.0,0.0,0.0,0.0,1e-06,0.0,0.0,0.0,0.0,0.0,0.0,1e-06,0.0,0.0,0.0,0.0,0.0,0.0,1e-06,12.9952411597,-1.27228179297,-0.323038272011,-0.285657346249,0.120267003775,-0.241705387831,0.0001,0.0,0.0,0.0,0.0,0.0,0.0,0.0001,0.0,0.0,0.0,0.0,0.0,0.0,0.0001,0.0,0.0,0.0,0.0,0.0,0.0,0.0001,0.0,0.0,0.0,0.0,0.0,0.0,0.0001,0.0,0.0,0.0,0.0,0.0,0.0,0.0001
1532986773204934820,971,1532986773203353352,map,base_link,181.194625854,124.374687195,50.6263389587,0.00732154939726,-0.0155102162279,0.697690386573,-0.716194074669,1e-06,0.0,0.0,0.0,0.0,0.0,0.0,1e-06,0.0,0.0,0.0,0.0,0.0,0.0,1e-06,0.0,0.0,0.0,0.0,0.0,0.0,1e-06,0.0,0.0,0.0,0.0,0.0,0.0,1e-06,0.0,0.0,0.0,0.0,0.0,0.0,1e-06,13.0775121853,-0.449118045153,-0.249334146764,-0.115125246346,0.0360715463758,-0.025408660993,0.0001,0.0,0.0,0.0,0.0,0.0,0.0,0.0001,0.0,0.0,0.0,0.0,0.0,0.0,0.0001,0.0,0.0,0.0,0.0,0.0,0.0,0.0001,0.0,0.0,0.0,0.0,0.0,0.0,0.0001,0.0,0.0,0.0,0.0,0.0,0.0,0.0001
1532986773411974451,972,1532986773410877238,map,base_link,181.220397949,121.82421875,50.577255249,0.00732154939726,-0.0155102162279,0.697690386573,-0.716194074669,1e-06,0.0,0.0,0.0,0.0,0.0,0.0,1e-06,0.0,0.0,0.0,0.0,0.0,0.0,1e-06,0.0,0.0,0.0,0.0,0.0,0.0,1e-06,0.0,0.0,0.0,0.0,0.0,0.0,1e-06,0.0,0.0,0.0,0.0,0.0,0.0,1e-06,13.1230828385,-0.272263554663,-0.0681308073966,-0.115125246346,0.0360715463758,-0.025408660993,0.0001,0.0,0.0,0.0,0.0,0.0,0.0,0.0001,0.0,0.0,0.0,0.0,0.0,0.0,0.0001,0.0,0.0,0.0,0.0,0.0,0.0,0.0001,0.0,0.0,0.0,0.0,0.0,0.0,0.0001,0.0,0.0,0.0,0.0,0.0,0.0,0.0001
1532986773720954767,973,1532986773720040529,map,base_link,181.337188721,117.741348267,50.5064849854,0.00812415661675,-0.0144665790278,0.702102256306,-0.711882811887,1e-06,0.0,0.0,0.0,0.0,0.0,0.0,1e-06,0.0,0.0,0.0,0.0,0.0,0.0,1e-06,0.0,0.0,0.0,0.0,0.0,0.0,1e-06,0.0,0.0,0.0,0.0,0.0,0.0,1e-06,0.0,0.0,0.0,0.0,0.0,0.0,1e-06,13.1183496591,0.131890821541,-0.478521224096,0.240243792534,0.00781367439777,0.0343249961734,0.0001,0.0,0.0,0.0,0.0,0.0,0.0,0.0001,0.0,0.0,0.0,0.0,0.0,0.0,0.0001,0.0,0.0,0.0,0.0,0.0,0.0,0.0001,0.0,0.0,0.0,0.0,0.0,0.0,0.0001,0.0,0.0,0.0,0.0,0.0,0.0,0.0001
1532986773936016582,974,1532986773932828079,map,base_link,181.43963623,115.187080383,50.3996086121,0.00812415661675,-0.0144665790278,0.702102256306,-0.711882811887,1e-06,0.0,0.0,0.0,0.0,0.0,0.0,1e-06,0.0,0.0,0.0,0.0,0.0,0.0,1e-06,0.0,0.0,0.0,0.0,0.0,0.0,1e-06,0.0,0.0,0.0,0.0,0.0,0.0,1e-06,0.0,0.0,0.0,0.0,0.0,0.0,1e-06,13.1413685474,0.222364452876,-0.410945419809,0.240243792534,0.00781367439777,0.0343249961734,0.0001,0.0,0.0,0.0,0.0,0.0,0.0,0.0001,0.0,0.0,0.0,0.0,0.0,0.0,0.0001,0.0,0.0,0.0,0.0,0.0,0.0,0.0001,0.0,0.0,0.0,0.0,0.0,0.0,0.0001,0.0,0.0,0.0,0.0,0.0,0.0,0.0001
1532986774184187321,975,1532986774183396699,map,base_link,181.568771362,112.11530304,50.2959785461,-0.0170161370457,0.0155964807068,0.701258983403,-0.712532833676,1e-06,0.0,0.0,0.0,0.0,0.0,0.0,1e-06,0.0,0.0,0.0,0.0,0.0,0.0,1e-06,0.0,0.0,0.0,0.0,0.0,0.0,1e-06,0.0,0.0,0.0,0.0,0.0,0.0,1e-06,0.0,0.0,0.0,0.0,0.0,0.0,1e-06,13.1389072904,0.179310140869,-0.538079780988,0.148861989379,0.0304857417941,-0.00512396125123,0.0001,0.0,0.0,0.0,0.0,0.0,0.0,0.0001,0.0,0.0,0.0,0.0,0.0,0.0,0.0001,0.0,0.0,0.0,0.0,0.0,0.0,0.0001,0.0,0.0,0.0,0.0,0.0,0.0,0.0001,0.0,0.0,0.0,0.0,0.0,0.0,0.0001
1532986774399375503,976,1532986774397821684,map,base_link,181.674911499,109.313865662,50.1761207581,-0.0170161370457,0.0155964807068,0.701258983403,-0.712532833676,1e-06,0.0,0.0,0.0,0.0,0.0,0.0,1e-06,0.0,0.0,0.0,0.0,0.0,0.0,1e-06,0.0,0.0,0.0,0.0,0.0,0.0,1e-06,0.0,0.0,0.0,0.0,0.0,0.0,1e-06,0.0,0.0,0.0,0.0,0.0,0.0,1e-06,13.1260703596,0.180012651591,-0.723425207956,0.148861989379,0.0304857417941,-0.00512396125123,0.0001,0.0,0.0,0.0,0.0,0.0,0.0,0.0001,0.0,0.0,0.0,0.0,0.0,0.0,0.0001,0.0,0.0,0.0,0.0,0.0,0.0,0.0001,0.0,0.0,0.0,0.0,0.0,0.0,0.0001,0.0,0.0,0.0,0.0,0.0,0.0,0.0001
1532986774661849527,977,1532986774660643355,map,base_link,181.800048828,105.731147766,50.0250930786,-0.0189214046196,0.018377865104,0.705262661835,-0.708455229596,1e-06,0.0,0.0,0.0,0.0,0.0,0.0,1e-06,0.0,0.0,0.0,0.0,0.0,0.0,1e-06,0.0,0.0,0.0,0.0,0.0,0.0,1e-06,0.0,0.0,0.0,0.0,0.0,0.0,1e-06,0.0,0.0,0.0,0.0,0.0,0.0,1e-06,13.1051340507,0.369673015669,-0.41290682386,-0.0484787710011,-0.0526054762304,-0.0453036390245,0.0001,0.0,0.0,0.0,0.0,0.0,0.0,0.0001,0.0,0.0,0.0,0.0,0.0,0.0,0.0001,0.0,0.0,0.0,0.0,0.0,0.0,0.0001,0.0,0.0,0.0,0.0,0.0,0.0,0.0001,0.0,0.0,0.0,0.0,0.0,0.0,0.0001
1532986774915225979,978,1532986774914734588,map,base_link,181.907318115,102.642570496,49.9905586243,0.00487738502784,-0.0174295954153,-0.713680460321,0.700237546034,1e-06,0.0,0.0,0.0,0.0,0.0,0.0,1e-06,0.0,0.0,0.0,0.0,0.0,0.0,1e-06,0.0,0.0,0.0,0.0,0.0,0.0,1e-06,0.0,0.0,0.0,0.0,0.0,0.0,1e-06,0.0,0.0,0.0,0.0,0.0,0.0,1e-06,13.0645597631,0.71489366993,-0.338184985188,-0.0792671516538,-0.0195214562118,-0.0642967224121,0.0001,0.0,0.0,0.0,0.0,0.0,0.0,0.0001,0.0,0.0,0.0,0.0,0.0,0.0,0.0001,0.0,0.0,0.0,0.0,0.0,0.0,0.0001,0.0,0.0,0.0,0.0,0.0,0.0,0.0001,0.0,0.0,0.0,0.0,0.0,0.0,0.0001
1532986775154891432,979,1532986775151732465,map,base_link,182.014221191,99.5688476562,49.9742126465,0.00487738502784,-0.0174295954153,-0.713680460321,0.700237546034,1e-06,0.0,0.0,0.0,0.0,0.0,0.0,1e-06,0.0,0.0,0.0,0.0,0.0,0.0,1e-06,0.0,0.0,0.0,0.0,0.0,0.0,1e-06,0.0,0.0,0.0,0.0,0.0,0.0,1e-06,0.0,0.0,0.0,0.0,0.0,0.0,1e-06,12.9656305456,0.65344023046,-0.492825208928,-0.0792671516538,-0.0195214562118,-0.0642967224121,0.0001,0.0,0.0,0.0,0.0,0.0,0.0,0.0001,0.0,0.0,0.0,0.0,0.0,0.0,0.0001,0.0,0.0,0.0,0.0,0.0,0.0,0.0001,0.0,0.0,0.0,0.0,0.0,0.0,0.0001,0.0,0.0,0.0,0.0,0.0,0.0,0.0001
1532986775418742028,980,1532986775418309261,map,base_link,182.091522217,96.0595855713,49.8733139038,0.0162638309576,-0.0376097165153,-0.720992567569,0.691730232487,1e-06,0.0,0.0,0.0,0.0,0.0,0.0,1e-06,0.0,0.0,0.0,0.0,0.0,0.0,1e-06,0.0,0.0,0.0,0.0,0.0,0.0,1e-06,0.0,0.0,0.0,0.0,0.0,0.0,1e-06,0.0,0.0,0.0,0.0,0.0,0.0,1e-06,12.7909608254,0.725909049736,-0.871268137503,0.0931941196322,-0.0331195034087,0.00506084272638,0.0001,0.0,0.0,0.0,0.0,0.0,0.0,0.0001,0.0,0.0,0.0,0.0,0.0,0.0,0.0001,0.0,0.0,0.0,0.0,0.0,0.0,0.0001,0.0,0.0,0.0,0.0,0.0,0.0,0.0001,0.0,0.0,0.0,0.0,0.0,0.0,0.0001
1532986775676641313,981,1532986775675466469,map,base_link,182.106231689,93.0739212036,49.7640151978,0.0169815806962,-0.0480469281275,-0.714907799712,0.697359273636,1e-06,0.0,0.0,0.0,0.0,0.0,0.0,1e-06,0.0,0.0,0.0,0.0,0.0,0.0,1e-06,0.0,0.0,0.0,0.0,0.0,0.0,1e-06,0.0,0.0,0.0,0.0,0.0,0.0,1e-06,0.0,0.0,0.0,0.0,0.0,0.0,1e-06,12.6730785898,0.340563062454,-1.00163951343,0.0373563431203,-0.0422960110009,0.0742537900805,0.0001,0.0,0.0,0.0,0.0,0.0,0.0,0.0001,0.0,0.0,0.0,0.0,0.0,0.0,0.0001,0.0,0.0,0.0,0.0,0.0,0.0,0.0001,0.0,0.0,0.0,0.0,0.0,0.0,0.0001,0.0,0.0,0.0,0.0,0.0,0.0,0.0001
1532986775902439160,982,1532986775902012665,map,base_link,182.079696655,90.1165618896,49.714881897,0.0169815806962,-0.0480469281275,-0.714907799712,0.697359273636,1e-06,0.0,0.0,0.0,0.0,0.0,0.0,1e-06,0.0,0.0,0.0,0.0,0.0,0.0,1e-06,0.0,0.0,0.0,0.0,0.0,0.0,1e-06,0.0,0.0,0.0,0.0,0.0,0.0,1e-06,0.0,0.0,0.0,0.0,0.0,0.0,1e-06,12.6206134366,0.236384863014,-0.507771499186,0.0373563431203,-0.0422960110009,0.0742537900805,0.0001,0.0,0.0,0.0,0.0,0.0,0.0,0.0001,0.0,0.0,0.0,0.0,0.0,0.0,0.0001,0.0,0.0,0.0,0.0,0.0,0.0,0.0001,0.0,0.0,0.0,0.0,0.0,0.0,0.0001,0.0,0.0,0.0,0.0,0.0,0.0,0.0001
1532986776178674614,983,1532986776176761884,map,base_link,182.005569458,86.932472229,49.7941398621,0.0113210104314,-0.0495183830985,-0.712652410525,0.699675857974,1e-06,0.0,0.0,0.0,0.0,0.0,0.0,1e-06,0.0,0.0,0.0,0.0,0.0,0.0,1e-06,0.0,0.0,0.0,0.0,0.0,0.0,1e-06,0.0,0.0,0.0,0.0,0.0,0.0,1e-06,0.0,0.0,0.0,0.0,0.0,0.0,1e-06,12.5460831698,0.0542308895155,-0.234825632664,-0.0691828504205,-0.00216810125858,-0.00820658449084,0.0001,0.0,0.0,0.0,0.0,0.0,0.0,0.0001,0.0,0.0,0.0,0.0,0.0,0.0,0.0001,0.0,0.0,0.0,0.0,0.0,0.0,0.0001,0.0,0.0,0.0,0.0,0.0,0.0,0.0001,0.0,0.0,0.0,0.0,0.0,0.0,0.0001
1532986776405815081,984,1532986776399452412,map,base_link,181.917572021,83.9930877686,49.9382705688,0.0113210104314,-0.0495183830985,-0.712652410525,0.699675857974,1e-06,0.0,0.0,0.0,0.0,0.0,0.0,1e-06,0.0,0.0,0.0,0.0,0.0,0.0,1e-06,0.0,0.0,0.0,0.0,0.0,0.0,1e-06,0.0,0.0,0.0,0.0,0.0,0.0,1e-06,0.0,0.0,0.0,0.0,0.0,0.0,1e-06,12.4491249088,-0.0867250438444,-0.0683142067446,-0.0691828504205,-0.00216810125858,-0.00820658449084,0.0001,0.0,0.0,0.0,0.0,0.0,0.0,0.0001,0.0,0.0,0.0,0.0,0.0,0.0,0.0001,0.0,0.0,0.0,0.0,0.0,0.0,0.0001,0.0,0.0,0.0,0.0,0.0,0.0,0.0001,0.0,0.0,0.0,0.0,0.0,0.0,0.0001
1532986776640178662,985,1532986776638873578,map,base_link,181.79385376,81.0939407349,50.0820655823,0.0110640737455,-0.0474379678069,-0.719242676712,0.693049202783,1e-06,0.0,0.0,0.0,0.0,0.0,0.0,1e-06,0.0,0.0,0.0,0.0,0.0,0.0,1e-06,0.0,0.0,0.0,0.0,0.0,0.0,1e-06,0.0,0.0,0.0,0.0,0.0,0.0,1e-06,0.0,0.0,0.0,0.0,0.0,0.0,1e-06,12.323030121,-0.0186755419787,-0.172908785102,0.0512473732233,0.0251016020775,0.0386645048857,0.0001,0.0,0.0,0.0,0.0,0.0,0.0,0.0001,0.0,0.0,0.0,0.0,0.0,0.0,0.0001,0.0,0.0,0.0,0.0,0.0,0.0,0.0001,0.0,0.0,0.0,0.0,0.0,0.0,0.0001,0.0,0.0,0.0,0.0,0.0,0.0,0.0001
1532986776929447261,986,1532986776929005022,map,base_link,181.610443115,77.7296218872,50.1615447998,0.0110640737455,-0.0474379678069,-0.719242676712,0.693049202783,1e-06,0.0,0.0,0.0,0.0,0.0,0.0,1e-06,0.0,0.0,0.0,0.0,0.0,0.0,1e-06,0.0,0.0,0.0,0.0,0.0,0.0,1e-06,0.0,0.0,0.0,0.0,0.0,0.0,1e-06,0.0,0.0,0.0,0.0,0.0,0.0,1e-06,12.1858560267,-0.16196935251,-0.599498044937,0.0512473732233,0.0251016020775,0.0386645048857,0.0001,0.0,0.0,0.0,0.0,0.0,0.0,0.0001,0.0,0.0,0.0,0.0,0.0,0.0,0.0001,0.0,0.0,0.0,0.0,0.0,0.0,0.0001,0.0,0.0,0.0,0.0,0.0,0.0,0.0001,0.0,0.0,0.0,0.0,0.0,0.0,0.0001
1532986777165377077,987,1532986777164811479,map,base_link,181.444900513,74.8794708252,50.1220588684,0.00841664354156,-0.0318481482235,-0.714525759353,0.698833166634,1e-06,0.0,0.0,0.0,0.0,0.0,0.0,1e-06,0.0,0.0,0.0,0.0,0.0,0.0,1e-06,0.0,0.0,0.0,0.0,0.0,0.0,1e-06,0.0,0.0,0.0,0.0,0.0,0.0,1e-06,0.0,0.0,0.0,0.0,0.0,0.0,1e-06,12.1261879176,-0.374394415552,-0.770577372251,-0.133288487792,0.0523399710655,0.00656426604837,0.0001,0.0,0.0,0.0,0.0,0.0,0.0,0.0001,0.0,0.0,0.0,0.0,0.0,0.0,0.0001,0.0,0.0,0.0,0.0,0.0,0.0,0.0001,0.0,0.0,0.0,0.0,0.0,0.0,0.0001,0.0,0.0,0.0,0.0,0.0,0.0,0.0001
1532986777402850824,988,1532986777401617836,map,base_link,181.285125732,72.0362319946,49.9614486694,0.00450221983895,-0.0109649567092,-0.718835981807,0.695078650946,1e-06,0.0,0.0,0.0,0.0,0.0,0.0,1e-06,0.0,0.0,0.0,0.0,0.0,0.0,1e-06,0.0,0.0,0.0,0.0,0.0,0.0,1e-06,0.0,0.0,0.0,0.0,0.0,0.0,1e-06,0.0,0.0,0.0,0.0,0.0,0.0,1e-06,12.1639075332,-0.215730164169,-0.980352076689,0.00611291266978,0.0496150329709,-0.0204812288284,0.0001,0.0,0.0,0.0,0.0,0.0,0.0,0.0001,0.0,0.0,0.0,0.0,0.0,0.0,0.0001,0.0,0.0,0.0,0.0,0.0,0.0,0.0001,0.0,0.0,0.0,0.0,0.0,0.0,0.0001,0.0,0.0,0.0,0.0,0.0,0.0,0.0001
1532986777657284585,989,1532986777655500846,map,base_link,181.127227783,68.9526443481,49.6576423645,0.00450221983895,-0.0109649567092,-0.718835981807,0.695078650946,1e-06,0.0,0.0,0.0,0.0,0.0,0.0,1e-06,0.0,0.0,0.0,0.0,0.0,0.0,1e-06,0.0,0.0,0.0,0.0,0.0,0.0,1e-06,0.0,0.0,0.0,0.0,0.0,0.0,1e-06,0.0,0.0,0.0,0.0,0.0,0.0,1e-06,12.2523973351,-0.175004528423,-1.39058538749,0.00611291266978,0.0496150329709,-0.0204812288284,0.0001,0.0,0.0,0.0,0.0,0.0,0.0,0.0001,0.0,0.0,0.0,0.0,0.0,0.0,0.0001,0.0,0.0,0.0,0.0,0.0,0.0,0.0001,0.0,0.0,0.0,0.0,0.0,0.0,0.0001,0.0,0.0,0.0,0.0,0.0,0.0,0.0001
1532986777902184966,990,1532986777901324712,map,base_link,181.007324219,66.0518112183,49.3400993347,-0.00835535111571,0.0150747109815,-0.718145050466,0.695679975052,1e-06,0.0,0.0,0.0,0.0,0.0,0.0,1e-06,0.0,0.0,0.0,0.0,0.0,0.0,1e-06,0.0,0.0,0.0,0.0,0.0,0.0,1e-06,0.0,0.0,0.0,0.0,0.0,0.0,1e-06,0.0,0.0,0.0,0.0,0.0,0.0,1e-06,12.4416237542,0.00180279071836,-0.947909099351,-0.298316627741,-0.0307766776532,0.0180358234793,0.0001,0.0,0.0,0.0,0.0,0.0,0.0,0.0001,0.0,0.0,0.0,0.0,0.0,0.0,0.0001,0.0,0.0,0.0,0.0,0.0,0.0,0.0001,0.0,0.0,0.0,0.0,0.0,0.0,0.0001,0.0,0.0,0.0,0.0,0.0,0.0,0.0001
1532986778175483277,991,1532986778174517104,map,base_link,180.93888855,62.851726532,49.1620521545,-0.0179992247337,0.0137292993673,-0.70890693204,0.704938646942,1e-06,0.0,0.0,0.0,0.0,0.0,0.0,1e-06,0.0,0.0,0.0,0.0,0.0,0.0,1e-06,0.0,0.0,0.0,0.0,0.0,0.0,1e-06,0.0,0.0,0.0,0.0,0.0,0.0,1e-06,0.0,0.0,0.0,0.0,0.0,0.0,1e-06,12.6342017472,-0.104855259873,-0.346903767777,0.272022336721,-0.0131909204647,0.139028251171,0.0001,0.0,0.0,0.0,0.0,0.0,0.0,0.0001,0.0,0.0,0.0,0.0,0.0,0.0,0.0001,0.0,0.0,0.0,0.0,0.0,0.0,0.0001,0.0,0.0,0.0,0.0,0.0,0.0,0.0001,0.0,0.0,0.0,0.0,0.0,0.0,0.0001
1532986778427717044,992,1532986778427081430,map,base_link,180.960754395,59.6275177002,49.1816596985,-0.0179992247337,0.0137292993673,-0.70890693204,0.704938646942,1e-06,0.0,0.0,0.0,0.0,0.0,0.0,1e-06,0.0,0.0,0.0,0.0,0.0,0.0,1e-06,0.0,0.0,0.0,0.0,0.0,0.0,1e-06,0.0,0.0,0.0,0.0,0.0,0.0,1e-06,0.0,0.0,0.0,0.0,0.0,0.0,1e-06,12.7061223018,0.129184573873,0.112698492397,0.272022336721,-0.0131909204647,0.139028251171,0.0001,0.0,0.0,0.0,0.0,0.0,0.0,0.0001,0.0,0.0,0.0,0.0,0.0,0.0,0.0001,0.0,0.0,0.0,0.0,0.0,0.0,0.0001,0.0,0.0,0.0,0.0,0.0,0.0,0.0001,0.0,0.0,0.0,0.0,0.0,0.0,0.0001
1532986778629587315,993,1532986778629032053,map,base_link,181.018203735,57.1306190491,49.2062339783,0.0104500342882,-0.000409163475911,0.689282640374,-0.724417056017,1e-06,0.0,0.0,0.0,0.0,0.0,0.0,1e-06,0.0,0.0,0.0,0.0,0.0,0.0,1e-06,0.0,0.0,0.0,0.0,0.0,0.0,1e-06,0.0,0.0,0.0,0.0,0.0,0.0,1e-06,0.0,0.0,0.0,0.0,0.0,0.0,1e-06,12.7077274167,-0.422920871182,-0.101075550757,0.0790674835443,-0.00585603434592,0.0588182918727,0.0001,0.0,0.0,0.0,0.0,0.0,0.0,0.0001,0.0,0.0,0.0,0.0,0.0,0.0,0.0001,0.0,0.0,0.0,0.0,0.0,0.0,0.0001,0.0,0.0,0.0,0.0,0.0,0.0,0.0001,0.0,0.0,0.0,0.0,0.0,0.0,0.0001
1532986778908872040,994,1532986778907983627,map,base_link,181.131500244,53.6487731934,49.2009391785,0.0104500342882,-0.000409163475911,0.689282640374,-0.724417056017,1e-06,0.0,0.0,0.0,0.0,0.0,0.0,1e-06,0.0,0.0,0.0,0.0,0.0,0.0,1e-06,0.0,0.0,0.0,0.0,0.0,0.0,1e-06,0.0,0.0,0.0,0.0,0.0,0.0,1e-06,0.0,0.0,0.0,0.0,0.0,0.0,1e-06,12.7086487408,-0.218083052744,-0.0832932231821,0.0790674835443,-0.00585603434592,0.0588182918727,0.0001,0.0,0.0,0.0,0.0,0.0,0.0,0.0001,0.0,0.0,0.0,0.0,0.0,0.0,0.0001,0.0,0.0,0.0,0.0,0.0,0.0,0.0001,0.0,0.0,0.0,0.0,0.0,0.0,0.0001,0.0,0.0,0.0,0.0,0.0,0.0,0.0001
1532986779123855903,995,1532986779119369581,map,base_link,181.246810913,50.9310455322,49.2280349731,-0.000388585674419,0.00684412225361,0.69191680519,-0.721944694341,1e-06,0.0,0.0,0.0,0.0,0.0,0.0,1e-06,0.0,0.0,0.0,0.0,0.0,0.0,1e-06,0.0,0.0,0.0,0.0,0.0,0.0,1e-06,0.0,0.0,0.0,0.0,0.0,0.0,1e-06,0.0,0.0,0.0,0.0,0.0,0.0,1e-06,12.7556528803,-0.0500665589885,0.0304222907474,0.186332881451,0.025946483016,-0.0876769199967,0.0001,0.0,0.0,0.0,0.0,0.0,0.0,0.0001,0.0,0.0,0.0,0.0,0.0,0.0,0.0001,0.0,0.0,0.0,0.0,0.0,0.0,0.0001,0.0,0.0,0.0,0.0,0.0,0.0,0.0001,0.0,0.0,0.0,0.0,0.0,0.0,0.0001
1532986779394939917,996,1532986779392518613,map,base_link,181.381072998,47.4372520447,49.2000694275,-0.000388585674419,0.00684412225361,0.69191680519,-0.721944694341,1e-06,0.0,0.0,0.0,0.0,0.0,0.0,1e-06,0.0,0.0,0.0,0.0,0.0,0.0,1e-06,0.0,0.0,0.0,0.0,0.0,0.0,1e-06,0.0,0.0,0.0,0.0,0.0,0.0,1e-06,0.0,0.0,0.0,0.0,0.0,0.0,1e-06,12.8168794284,-0.169399865042,-0.545375496236,0.186332881451,0.025946483016,-0.0876769199967,0.0001,0.0,0.0,0.0,0.0,0.0,0.0,0.0001,0.0,0.0,0.0,0.0,0.0,0.0,0.0001,0.0,0.0,0.0,0.0,0.0,0.0,0.0001,0.0,0.0,0.0,0.0,0.0,0.0,0.0001,0.0,0.0,0.0,0.0,0.0,0.0,0.0001
1532986779590481183,997,1532986779589842113,map,base_link,181.449447632,44.9222068787,49.0547409058,-0.0475643769853,0.0456476239742,0.701244755179,-0.709865985804,1e-06,0.0,0.0,0.0,0.0,0.0,0.0,1e-06,0.0,0.0,0.0,0.0,0.0,0.0,1e-06,0.0,0.0,0.0,0.0,0.0,0.0,1e-06,0.0,0.0,0.0,0.0,0.0,0.0,1e-06,0.0,0.0,0.0,0.0,0.0,0.0,1e-06,12.9197898597,0.0235676810309,-0.942068339827,0.0505857989192,0.016903264448,-0.0300512630492,0.0001,0.0,0.0,0.0,0.0,0.0,0.0,0.0001,0.0,0.0,0.0,0.0,0.0,0.0,0.0001,0.0,0.0,0.0,0.0,0.0,0.0,0.0001,0.0,0.0,0.0,0.0,0.0,0.0,0.0001,0.0,0.0,0.0,0.0,0.0,0.0,0.0001
1532986779859365844,998,1532986779858655510,map,base_link,181.526184082,41.6140213013,48.7439842224,-0.0475643769853,0.0456476239742,0.701244755179,-0.709865985804,1e-06,0.0,0.0,0.0,0.0,0.0,0.0,1e-06,0.0,0.0,0.0,0.0,0.0,0.0,1e-06,0.0,0.0,0.0,0.0,0.0,0.0,1e-06,0.0,0.0,0.0,0.0,0.0,0.0,1e-06,0.0,0.0,0.0,0.0,0.0,0.0,1e-06,13.1261283545,-0.0273063555447,-1.1921948988,0.0505857989192,0.016903264448,-0.0300512630492,0.0001,0.0,0.0,0.0,0.0,0.0,0.0,0.0001,0.0,0.0,0.0,0.0,0.0,0.0,0.0001,0.0,0.0,0.0,0.0,0.0,0.0,0.0001,0.0,0.0,0.0,0.0,0.0,0.0,0.0001,0.0,0.0,0.0,0.0,0.0,0.0,0.0001
1532986780113916116,999,1532986780112892599,map,base_link,181.593017578,38.2021141052,48.3807945251,0.0289402852743,-0.0157831022424,-0.715061023393,0.698284387908,1e-06,0.0,0.0,0.0,0.0,0.0,0.0,1e-06,0.0,0.0,0.0,0.0,0.0,0.0,1e-06,0.0,0.0,0.0,0.0,0.0,0.0,1e-06,0.0,0.0,0.0,0.0,0.0,0.0,1e-06,0.0,0.0,0.0,0.0,0.0,0.0,1e-06,13.3940434056,0.415196964591,-1.13211911982,0.0861329957843,0.0192860402167,-0.130550280213,0.0001,0.0,0.0,0.0,0.0,0.0,0.0,0.0001,0.0,0.0,0.0,0.0,0.0,0.0,0.0001,0.0,0.0,0.0,0.0,0.0,0.0,0.0001,0.0,0.0,0.0,0.0,0.0,0.0,0.0001,0.0,0.0,0.0,0.0,0.0,0.0,0.0001
1532986780357895061,1000,1532986780356372730,map,base_link,181.60774231,34.9854278564,48.0477981567,0.0376313953089,-0.0318053139203,-0.721213422837,0.690958391521,1e-06,0.0,0.0,0.0,0.0,0.0,0.0,1e-06,0.0,0.0,0.0,0.0,0.0,0.0,1e-06,0.0,0.0,0.0,0.0,0.0,0.0,1e-06,0.0,0.0,0.0,0.0,0.0,0.0,1e-06,0.0,0.0,0.0,0.0,0.0,0.0,1e-06,13.6421342859,0.437396649419,-1.07625820986,0.225477576256,-0.052572235465,-0.0420327670872,0.0001,0.0,0.0,0.0,0.0,0.0,0.0,0.0001,0.0,0.0,0.0,0.0,0.0,0.0,0.0001,0.0,0.0,0.0,0.0,0.0,0.0,0.0001,0.0,0.0,0.0,0.0,0.0,0.0,0.0001,0.0,0.0,0.0,0.0,0.0,0.0,0.0001
1532986780574751847,1001,1532986780574376009,map,base_link,181.572097778,31.9879341125,47.8389053345,0.0376313953089,-0.0318053139203,-0.721213422837,0.690958391521,1e-06,0.0,0.0,0.0,0.0,0.0,0.0,1e-06,0.0,0.0,0.0,0.0,0.0,0.0,1e-06,0.0,0.0,0.0,0.0,0.0,0.0,1e-06,0.0,0.0,0.0,0.0,0.0,0.0,1e-06,0.0,0.0,0.0,0.0,0.0,0.0,1e-06,13.8293624681,0.373618051219,-0.15820577784,0.225477576256,-0.052572235465,-0.0420327670872,0.0001,0.0,0.0,0.0,0.0,0.0,0.0,0.0001,0.0,0.0,0.0,0.0,0.0,0.0,0.0001,0.0,0.0,0.0,0.0,0.0,0.0,0.0001,0.0,0.0,0.0,0.0,0.0,0.0,0.0001,0.0,0.0,0.0,0.0,0.0,0.0,0.0001
1532986780814646452,1002,1532986780813269593,map,base_link,181.524871826,28.6689853668,47.9096412659,-0.00224910725882,-0.0243786374354,-0.71248255197,0.701262601806,1e-06,0.0,0.0,0.0,0.0,0.0,0.0,1e-06,0.0,0.0,0.0,0.0,0.0,0.0,1e-06,0.0,0.0,0.0,0.0,0.0,0.0,1e-06,0.0,0.0,0.0,0.0,0.0,0.0,1e-06,0.0,0.0,0.0,0.0,0.0,0.0,1e-06,13.8800845064,0.0920723599902,0.206178329993,-0.111968576908,-0.193831443787,0.118410438299,0.0001,0.0,0.0,0.0,0.0,0.0,0.0,0.0001,0.0,0.0,0.0,0.0,0.0,0.0,0.0001,0.0,0.0,0.0,0.0,0.0,0.0,0.0001,0.0,0.0,0.0,0.0,0.0,0.0,0.0001,0.0,0.0,0.0,0.0,0.0,0.0,0.0001
1532986781051173292,1003,1532986781045531869,map,base_link,181.527633667,25.6390399933,48.1200294495,0.0326420118109,0.017636794224,0.699527350276,-0.71364201724,1e-06,0.0,0.0,0.0,0.0,0.0,0.0,1e-06,0.0,0.0,0.0,0.0,0.0,0.0,1e-06,0.0,0.0,0.0,0.0,0.0,0.0,1e-06,0.0,0.0,0.0,0.0,0.0,0.0,1e-06,0.0,0.0,0.0,0.0,0.0,0.0,1e-06,13.7733033062,-0.163894683919,-0.099234412595,-0.0598649829626,-0.0326885804534,-0.0172291062772,0.0001,0.0,0.0,0.0,0.0,0.0,0.0,0.0001,0.0,0.0,0.0,0.0,0.0,0.0,0.0001,0.0,0.0,0.0,0.0,0.0,0.0,0.0001,0.0,0.0,0.0,0.0,0.0,0.0,0.0001,0.0,0.0,0.0,0.0,0.0,0.0,0.0001
1532986781301409337,1004,1532986781300486140,map,base_link,181.605926514,22.3536968231,48.3467788696,0.0326420118109,0.017636794224,0.699527350276,-0.71364201724,1e-06,0.0,0.0,0.0,0.0,0.0,0.0,1e-06,0.0,0.0,0.0,0.0,0.0,0.0,1e-06,0.0,0.0,0.0,0.0,0.0,0.0,1e-06,0.0,0.0,0.0,0.0,0.0,0.0,1e-06,0.0,0.0,0.0,0.0,0.0,0.0,1e-06,13.5935413085,0.0983262374082,-0.089078045798,-0.0598649829626,-0.0326885804534,-0.0172291062772,0.0001,0.0,0.0,0.0,0.0,0.0,0.0,0.0001,0.0,0.0,0.0,0.0,0.0,0.0,0.0001,0.0,0.0,0.0,0.0,0.0,0.0,0.0001,0.0,0.0,0.0,0.0,0.0,0.0,0.0001,0.0,0.0,0.0,0.0,0.0,0.0,0.0001
1532986781527554320,1005,1532986781526263124,map,base_link,181.731246948,19.1361541748,48.5977172852,-0.0257956475973,-0.0315100797794,-0.720563520056,0.692192107006,1e-06,0.0,0.0,0.0,0.0,0.0,0.0,1e-06,0.0,0.0,0.0,0.0,0.0,0.0,1e-06,0.0,0.0,0.0,0.0,0.0,0.0,1e-06,0.0,0.0,0.0,0.0,0.0,0.0,1e-06,0.0,0.0,0.0,0.0,0.0,0.0,1e-06,13.3925048146,0.979520935902,-0.0864134437419,0.184548541903,-0.0214604251087,-0.209585532546,0.0001,0.0,0.0,0.0,0.0,0.0,0.0,0.0001,0.0,0.0,0.0,0.0,0.0,0.0,0.0001,0.0,0.0,0.0,0.0,0.0,0.0,0.0001,0.0,0.0,0.0,0.0,0.0,0.0,0.0001,0.0,0.0,0.0,0.0,0.0,0.0,0.0001
1532986781792055187,1006,1532986781790398456,map,base_link,181.845611572,15.697807312,48.9028587341,-0.0142014402003,-0.0474103246081,-0.734041522035,0.677298770223,1e-06,0.0,0.0,0.0,0.0,0.0,0.0,1e-06,0.0,0.0,0.0,0.0,0.0,0.0,1e-06,0.0,0.0,0.0,0.0,0.0,0.0,1e-06,0.0,0.0,0.0,0.0,0.0,0.0,1e-06,0.0,0.0,0.0,0.0,0.0,0.0,1e-06,13.140158102,1.42303894791,-0.224135188183,-0.0164358243346,-0.0260554067791,-0.0466456413269,0.0001,0.0,0.0,0.0,0.0,0.0,0.0,0.0001,0.0,0.0,0.0,0.0,0.0,0.0,0.0001,0.0,0.0,0.0,0.0,0.0,0.0,0.0001,0.0,0.0,0.0,0.0,0.0,0.0,0.0001,0.0,0.0,0.0,0.0,0.0,0.0,0.0001
1532986782037274032,1007,1532986782032506526,map,base_link,181.90725708,12.5703582764,49.1639175415,-0.0142014402003,-0.0474103246081,-0.734041522035,0.677298770223,1e-06,0.0,0.0,0.0,0.0,0.0,0.0,1e-06,0.0,0.0,0.0,0.0,0.0,0.0,1e-06,0.0,0.0,0.0,0.0,0.0,0.0,1e-06,0.0,0.0,0.0,0.0,0.0,0.0,1e-06,0.0,0.0,0.0,0.0,0.0,0.0,1e-06,12.986648371,1.29336293006,-0.29016974396,-0.0164358243346,-0.0260554067791,-0.0466456413269,0.0001,0.0,0.0,0.0,0.0,0.0,0.0,0.0001,0.0,0.0,0.0,0.0,0.0,0.0,0.0001,0.0,0.0,0.0,0.0,0.0,0.0,0.0001,0.0,0.0,0.0,0.0,0.0,0.0,0.0001,0.0,0.0,0.0,0.0,0.0,0.0,0.0001
1532986782259620402,1008,1532986782258872692,map,base_link,181.932678223,9.47604560852,49.3922805786,0.000542872136958,-0.0619487356094,-0.729616461715,0.681044696213,1e-06,0.0,0.0,0.0,0.0,0.0,0.0,1e-06,0.0,0.0,0.0,0.0,0.0,0.0,1e-06,0.0,0.0,0.0,0.0,0.0,0.0,1e-06,0.0,0.0,0.0,0.0,0.0,0.0,1e-06,0.0,0.0,0.0,0.0,0.0,0.0,1e-06,12.9017266515,1.01084878574,-0.363057990708,0.181260466576,0.00572435744107,0.0469461902976,0.0001,0.0,0.0,0.0,0.0,0.0,0.0,0.0001,0.0,0.0,0.0,0.0,0.0,0.0,0.0001,0.0,0.0,0.0,0.0,0.0,0.0,0.0001,0.0,0.0,0.0,0.0,0.0,0.0,0.0001,0.0,0.0,0.0,0.0,0.0,0.0,0.0001
1532986782544194744,1009,1532986782539312935,map,base_link,181.922927856,6.14780378342,49.5755119324,0.0176571451342,-0.0746125410386,-0.726803381376,0.682552590476,1e-06,0.0,0.0,0.0,0.0,0.0,0.0,1e-06,0.0,0.0,0.0,0.0,0.0,0.0,1e-06,0.0,0.0,0.0,0.0,0.0,0.0,1e-06,0.0,0.0,0.0,0.0,0.0,0.0,1e-06,0.0,0.0,0.0,0.0,0.0,0.0,1e-06,12.8313465709,0.735316855073,-0.668911910057,0.0688929706812,0.0292033217847,-0.0302601754665,0.0001,0.0,0.0,0.0,0.0,0.0,0.0,0.0001,0.0,0.0,0.0,0.0,0.0,0.0,0.0001,0.0,0.0,0.0,0.0,0.0,0.0,0.0001,0.0,0.0,0.0,0.0,0.0,0.0,0.0001,0.0,0.0,0.0,0.0,0.0,0.0,0.0001
1532986782761533129,1010,1532986782760774699,map,base_link,181.877929688,3.05663347244,49.5901832581,0.0176571451342,-0.0746125410386,-0.726803381376,0.682552590476,1e-06,0.0,0.0,0.0,0.0,0.0,0.0,1e-06,0.0,0.0,0.0,0.0,0.0,0.0,1e-06,0.0,0.0,0.0,0.0,0.0,0.0,1e-06,0.0,0.0,0.0,0.0,0.0,0.0,1e-06,0.0,0.0,0.0,0.0,0.0,0.0,1e-06,12.8142282785,0.480548684409,-1.54443633553,0.0688929706812,0.0292033217847,-0.0302601754665,0.0001,0.0,0.0,0.0,0.0,0.0,0.0,0.0001,0.0,0.0,0.0,0.0,0.0,0.0,0.0001,0.0,0.0,0.0,0.0,0.0,0.0,0.0001,0.0,0.0,0.0,0.0,0.0,0.0,0.0001,0.0,0.0,0.0,0.0,0.0,0.0,0.0001
1532986782998710750,1011,1532986782998153888,map,base_link,181.767196655,-0.0492472648621,49.3877601624,0.0626218824753,-0.0842003155934,-0.745809206925,0.65784301589,1e-06,0.0,0.0,0.0,0.0,0.0,0.0,1e-06,0.0,0.0,0.0,0.0,0.0,0.0,1e-06,0.0,0.0,0.0,0.0,0.0,0.0,1e-06,0.0,0.0,0.0,0.0,0.0,0.0,1e-06,0.0,0.0,0.0,0.0,0.0,0.0,1e-06,12.9169288755,0.784467077506,-1.32170655063,0.0221396870911,0.0966523513198,-0.201793149114,0.0001,0.0,0.0,0.0,0.0,0.0,0.0,0.0001,0.0,0.0,0.0,0.0,0.0,0.0,0.0001,0.0,0.0,0.0,0.0,0.0,0.0,0.0001,0.0,0.0,0.0,0.0,0.0,0.0,0.0001,0.0,0.0,0.0,0.0,0.0,0.0,0.0001
1532986783214408948,1012,1532986783212878201,map,base_link,181.582901001,-2.65311574936,49.2201957703,0.0626218824753,-0.0842003155934,-0.745809206925,0.65784301589,1e-06,0.0,0.0,0.0,0.0,0.0,0.0,1e-06,0.0,0.0,0.0,0.0,0.0,0.0,1e-06,0.0,0.0,0.0,0.0,0.0,0.0,1e-06,0.0,0.0,0.0,0.0,0.0,0.0,1e-06,0.0,0.0,0.0,0.0,0.0,0.0,1e-06,13.1225524408,0.499717166412,-0.825576923034,0.0221396870911,0.0966523513198,-0.201793149114,0.0001,0.0,0.0,0.0,0.0,0.0,0.0,0.0001,0.0,0.0,0.0,0.0,0.0,0.0,0.0001,0.0,0.0,0.0,0.0,0.0,0.0,0.0001,0.0,0.0,0.0,0.0,0.0,0.0,0.0001,0.0,0.0,0.0,0.0,0.0,0.0,0.0001
1532986783460371599,1013,1532986783457313560,map,base_link,181.213928223,-6.08992624283,49.1694564819,0.0528009383727,-0.0732813187433,-0.754892213178,0.649599611849,1e-06,0.0,0.0,0.0,0.0,0.0,0.0,1e-06,0.0,0.0,0.0,0.0,0.0,0.0,1e-06,0.0,0.0,0.0,0.0,0.0,0.0,1e-06,0.0,0.0,0.0,0.0,0.0,0.0,1e-06,0.0,0.0,0.0,0.0,0.0,0.0,1e-06,13.3228785548,0.415369860849,-0.157076195567,-0.00698221847415,-0.0208959318697,-0.0559172071517,0.0001,0.0,0.0,0.0,0.0,0.0,0.0,0.0001,0.0,0.0,0.0,0.0,0.0,0.0,0.0001,0.0,0.0,0.0,0.0,0.0,0.0,0.0001,0.0,0.0,0.0,0.0,0.0,0.0,0.0001,0.0,0.0,0.0,0.0,0.0,0.0,0.0001
1532986783688403648,1014,1532986783688159936,map,base_link,180.764648438,-9.04883956909,49.2754974365,0.0728861619051,-0.112646867041,-0.753774578247,0.643290118016,1e-06,0.0,0.0,0.0,0.0,0.0,0.0,1e-06,0.0,0.0,0.0,0.0,0.0,0.0,1e-06,0.0,0.0,0.0,0.0,0.0,0.0,1e-06,0.0,0.0,0.0,0.0,0.0,0.0,1e-06,0.0,0.0,0.0,0.0,0.0,0.0,1e-06,13.3928219515,0.0791185624529,0.237603015534,0.403323680162,-0.115981437266,0.0120127573609,0.0001,0.0,0.0,0.0,0.0,0.0,0.0,0.0001,0.0,0.0,0.0,0.0,0.0,0.0,0.0001,0.0,0.0,0.0,0.0,0.0,0.0,0.0001,0.0,0.0,0.0,0.0,0.0,0.0,0.0001,0.0,0.0,0.0,0.0,0.0,0.0,0.0001
1532986783949198126,1015,1532986783948535408,map,base_link,180.088119507,-12.5038890839,49.4632072449,0.0728861619051,-0.112646867041,-0.753774578247,0.643290118016,1e-06,0.0,0.0,0.0,0.0,0.0,0.0,1e-06,0.0,0.0,0.0,0.0,0.0,0.0,1e-06,0.0,0.0,0.0,0.0,0.0,0.0,1e-06,0.0,0.0,0.0,0.0,0.0,0.0,1e-06,0.0,0.0,0.0,0.0,0.0,0.0,1e-06,13.355349273,-0.534364583884,-0.0345299143095,0.403323680162,-0.115981437266,0.0120127573609,0.0001,0.0,0.0,0.0,0.0,0.0,0.0,0.0001,0.0,0.0,0.0,0.0,0.0,0.0,0.0001,0.0,0.0,0.0,0.0,0.0,0.0,0.0001,0.0,0.0,0.0,0.0,0.0,0.0,0.0001,0.0,0.0,0.0,0.0,0.0,0.0,0.0001
1532986784195219880,1016,1532986784193850284,map,base_link,179.270019531,-15.9173088074,49.4652442932,0.113833201574,-0.162566956553,-0.76194136547,0.616489531494,1e-06,0.0,0.0,0.0,0.0,0.0,0.0,1e-06,0.0,0.0,0.0,0.0,0.0,0.0,1e-06,0.0,0.0,0.0,0.0,0.0,0.0,1e-06,0.0,0.0,0.0,0.0,0.0,0.0,1e-06,0.0,0.0,0.0,0.0,0.0,0.0,1e-06,13.3233486819,-0.700909946685,-0.398781277264,0.40696361661,-0.03703995049,-0.276951640844,0.0001,0.0,0.0,0.0,0.0,0.0,0.0,0.0001,0.0,0.0,0.0,0.0,0.0,0.0,0.0001,0.0,0.0,0.0,0.0,0.0,0.0,0.0001,0.0,0.0,0.0,0.0,0.0,0.0,0.0001,0.0,0.0,0.0,0.0,0.0,0.0,0.0001
1532986784470430507,1017,1532986784468053810,map,base_link,178.224853516,-19.2825336456,49.4281463623,0.111096845312,-0.158645218832,-0.801254724541,0.566109575882,1e-06,0.0,0.0,0.0,0.0,0.0,0.0,1e-06,0.0,0.0,0.0,0.0,0.0,0.0,1e-06,0.0,0.0,0.0,0.0,0.0,0.0,1e-06,0.0,0.0,0.0,0.0,0.0,0.0,1e-06,0.0,0.0,0.0,0.0,0.0,0.0,1e-06,13.4148176829,0.120167645577,-0.104244555682,-0.131769478321,-0.115216031671,-0.285125821829,0.0001,0.0,0.0,0.0,0.0,0.0,0.0,0.0001,0.0,0.0,0.0,0.0,0.0,0.0,0.0001,0.0,0.0,0.0,0.0,0.0,0.0,0.0001,0.0,0.0,0.0,0.0,0.0,0.0,0.0001,0.0,0.0,0.0,0.0,0.0,0.0,0.0001
1532986784686149089,1018,1532986784685386339,map,base_link,177.128158569,-22.0896015167,49.4201087952,0.111096845312,-0.158645218832,-0.801254724541,0.566109575882,1e-06,0.0,0.0,0.0,0.0,0.0,0.0,1e-06,0.0,0.0,0.0,0.0,0.0,0.0,1e-06,0.0,0.0,0.0,0.0,0.0,0.0,1e-06,0.0,0.0,0.0,0.0,0.0,0.0,1e-06,0.0,0.0,0.0,0.0,0.0,0.0,1e-06,13.4633770047,-0.692772162645,0.15116036237,-0.131769478321,-0.115216031671,-0.285125821829,0.0001,0.0,0.0,0.0,0.0,0.0,0.0,0.0001,0.0,0.0,0.0,0.0,0.0,0.0,0.0001,0.0,0.0,0.0,0.0,0.0,0.0,0.0001,0.0,0.0,0.0,0.0,0.0,0.0,0.0001,0.0,0.0,0.0,0.0,0.0,0.0,0.0001
1532986784901318424,1019,1532986784900723706,map,base_link,175.981445312,-24.5723686218,49.4022941589,0.0930895269866,-0.1622507816,-0.831708490128,0.522752342209,1e-06,0.0,0.0,0.0,0.0,0.0,0.0,1e-06,0.0,0.0,0.0,0.0,0.0,0.0,1e-06,0.0,0.0,0.0,0.0,0.0,0.0,1e-06,0.0,0.0,0.0,0.0,0.0,0.0,1e-06,0.0,0.0,0.0,0.0,0.0,0.0,1e-06,13.5426028448,-0.0735299267676,-0.264920032892,0.0957159474492,-0.141530409455,-0.0917958468199,0.0001,0.0,0.0,0.0,0.0,0.0,0.0,0.0001,0.0,0.0,0.0,0.0,0.0,0.0,0.0001,0.0,0.0,0.0,0.0,0.0,0.0,0.0001,0.0,0.0,0.0,0.0,0.0,0.0,0.0001,0.0,0.0,0.0,0.0,0.0,0.0,0.0001
1532986785126772049,1020,1532986785125969011,map,base_link,174.405151367,-27.4985427856,49.3923606873,0.0930895269866,-0.1622507816,-0.831708490128,0.522752342209,1e-06,0.0,0.0,0.0,0.0,0.0,0.0,1e-06,0.0,0.0,0.0,0.0,0.0,0.0,1e-06,0.0,0.0,0.0,0.0,0.0,0.0,1e-06,0.0,0.0,0.0,0.0,0.0,0.0,1e-06,0.0,0.0,0.0,0.0,0.0,0.0,1e-06,13.5666006001,-0.947525602809,-0.0632204529975,0.0957159474492,-0.141530409455,-0.0917958468199,0.0001,0.0,0.0,0.0,0.0,0.0,0.0,0.0001,0.0,0.0,0.0,0.0,0.0,0.0,0.0001,0.0,0.0,0.0,0.0,0.0,0.0,0.0001,0.0,0.0,0.0,0.0,0.0,0.0,0.0001,0.0,0.0,0.0,0.0,0.0,0.0,0.0001
1532986785373425289,1021,1532986785372721995,map,base_link,172.497207642,-30.5522937775,49.2865905762,0.11928069215,-0.234849843986,-0.83651596073,0.480477590221,1e-06,0.0,0.0,0.0,0.0,0.0,0.0,1e-06,0.0,0.0,0.0,0.0,0.0,0.0,1e-06,0.0,0.0,0.0,0.0,0.0,0.0,1e-06,0.0,0.0,0.0,0.0,0.0,0.0,1e-06,0.0,0.0,0.0,0.0,0.0,0.0,1e-06,13.5973598197,-1.10126943398,-0.394283776989,-0.128323435783,-0.132656440139,-0.264000087976,0.0001,0.0,0.0,0.0,0.0,0.0,0.0,0.0001,0.0,0.0,0.0,0.0,0.0,0.0,0.0001,0.0,0.0,0.0,0.0,0.0,0.0,0.0001,0.0,0.0,0.0,0.0,0.0,0.0,0.0001,0.0,0.0,0.0,0.0,0.0,0.0,0.0001
1532986785623386456,1022,1532986785619296996,map,base_link,170.518920898,-33.2359390259,49.1877937317,0.11928069215,-0.234849843986,-0.83651596073,0.480477590221,1e-06,0.0,0.0,0.0,0.0,0.0,0.0,1e-06,0.0,0.0,0.0,0.0,0.0,0.0,1e-06,0.0,0.0,0.0,0.0,0.0,0.0,1e-06,0.0,0.0,0.0,0.0,0.0,0.0,1e-06,0.0,0.0,0.0,0.0,0.0,0.0,1e-06,13.5981651522,-1.93986065152,0.361446003024,-0.128323435783,-0.132656440139,-0.264000087976,0.0001,0.0,0.0,0.0,0.0,0.0,0.0,0.0001,0.0,0.0,0.0,0.0,0.0,0.0,0.0001,0.0,0.0,0.0,0.0,0.0,0.0,0.0001,0.0,0.0,0.0,0.0,0.0,0.0,0.0001,0.0,0.0,0.0,0.0,0.0,0.0,0.0001
1532986785891269873,1023,1532986785890675890,map,base_link,168.117584229,-35.9989585876,49.1255187988,0.093421967996,-0.209060421752,-0.876336974222,0.423791910687,1e-06,0.0,0.0,0.0,0.0,0.0,0.0,1e-06,0.0,0.0,0.0,0.0,0.0,0.0,1e-06,0.0,0.0,0.0,0.0,0.0,0.0,1e-06,0.0,0.0,0.0,0.0,0.0,0.0,1e-06,0.0,0.0,0.0,0.0,0.0,0.0,1e-06,13.7939511722,-1.19628896301,0.0997727760479,0.00463469140232,-0.114477545023,-0.297154784203,0.0001,0.0,0.0,0.0,0.0,0.0,0.0,0.0001,0.0,0.0,0.0,0.0,0.0,0.0,0.0001,0.0,0.0,0.0,0.0,0.0,0.0,0.0001,0.0,0.0,0.0,0.0,0.0,0.0,0.0001,0.0,0.0,0.0,0.0,0.0,0.0,0.0001
1532986786125894606,1024,1532986786125325263,map,base_link,165.668106079,-38.3786888123,49.1076393127,0.0853155071221,-0.227615536757,-0.892207818957,0.380627954127,1e-06,0.0,0.0,0.0,0.0,0.0,0.0,1e-06,0.0,0.0,0.0,0.0,0.0,0.0,1e-06,0.0,0.0,0.0,0.0,0.0,0.0,1e-06,0.0,0.0,0.0,0.0,0.0,0.0,1e-06,0.0,0.0,0.0,0.0,0.0,0.0,1e-06,13.8911758076,-1.06015654563,0.281249992489,-0.17165350914,-0.262372255325,-0.240792930126,0.0001,0.0,0.0,0.0,0.0,0.0,0.0,0.0001,0.0,0.0,0.0,0.0,0.0,0.0,0.0001,0.0,0.0,0.0,0.0,0.0,0.0,0.0001,0.0,0.0,0.0,0.0,0.0,0.0,0.0001,0.0,0.0,0.0,0.0,0.0,0.0,0.0001
1532986786349481452,1025,1532986786348628782,map,base_link,163.01159668,-40.5252876282,49.2017974854,0.0625965703303,-0.237090711188,-0.904556256564,0.348780221288,1e-06,0.0,0.0,0.0,0.0,0.0,0.0,1e-06,0.0,0.0,0.0,0.0,0.0,0.0,1e-06,0.0,0.0,0.0,0.0,0.0,0.0,1e-06,0.0,0.0,0.0,0.0,0.0,0.0,1e-06,0.0,0.0,0.0,0.0,0.0,0.0,1e-06,13.9072048019,-1.28483173021,0.308428304623,0.0552103295922,-0.22249545157,-0.12136720866,0.0001,0.0,0.0,0.0,0.0,0.0,0.0,0.0001,0.0,0.0,0.0,0.0,0.0,0.0,0.0001,0.0,0.0,0.0,0.0,0.0,0.0,0.0001,0.0,0.0,0.0,0.0,0.0,0.0,0.0001,0.0,0.0,0.0,0.0,0.0,0.0,0.0001
1532986786606002471,1026,1532986786605549640,map,base_link,160.170196533,-42.4232978821,49.3786239624,0.0625965703303,-0.237090711188,-0.904556256564,0.348780221288,1e-06,0.0,0.0,0.0,0.0,0.0,0.0,1e-06,0.0,0.0,0.0,0.0,0.0,0.0,1e-06,0.0,0.0,0.0,0.0,0.0,0.0,1e-06,0.0,0.0,0.0,0.0,0.0,0.0,1e-06,0.0,0.0,0.0,0.0,0.0,0.0,1e-06,13.7744371665,-2.19150810585,1.25467493736,0.0552103295922,-0.22249545157,-0.12136720866,0.0001,0.0,0.0,0.0,0.0,0.0,0.0,0.0001,0.0,0.0,0.0,0.0,0.0,0.0,0.0001,0.0,0.0,0.0,0.0,0.0,0.0,0.0001,0.0,0.0,0.0,0.0,0.0,0.0,0.0001,0.0,0.0,0.0,0.0,0.0,0.0,0.0001
1532986786863050560,1027,1532986786862118883,map,base_link,156.913085938,-44.1815338135,49.7634658813,0.0263159126174,-0.232673746535,-0.921761933677,0.309071736076,1e-06,0.0,0.0,0.0,0.0,0.0,0.0,1e-06,0.0,0.0,0.0,0.0,0.0,0.0,1e-06,0.0,0.0,0.0,0.0,0.0,0.0,1e-06,0.0,0.0,0.0,0.0,0.0,0.0,1e-06,0.0,0.0,0.0,0.0,0.0,0.0,1e-06,13.8324093221,-2.13052631361,1.22241691346,-0.0190132446587,-0.119900375605,-0.219366937876,0.0001,0.0,0.0,0.0,0.0,0.0,0.0,0.0001,0.0,0.0,0.0,0.0,0.0,0.0,0.0001,0.0,0.0,0.0,0.0,0.0,0.0,0.0001,0.0,0.0,0.0,0.0,0.0,0.0,0.0001,0.0,0.0,0.0,0.0,0.0,0.0,0.0001
1532986787125966248,1028,1532986787125361257,map,base_link,153.546340942,-45.6663246155,50.2215805054,0.0263159126174,-0.232673746535,-0.921761933677,0.309071736076,1e-06,0.0,0.0,0.0,0.0,0.0,0.0,1e-06,0.0,0.0,0.0,0.0,0.0,0.0,1e-06,0.0,0.0,0.0,0.0,0.0,0.0,1e-06,0.0,0.0,0.0,0.0,0.0,0.0,1e-06,0.0,0.0,0.0,0.0,0.0,0.0,1e-06,13.5755806922,-3.02318293547,1.3911646078,-0.0190132446587,-0.119900375605,-0.219366937876,0.0001,0.0,0.0,0.0,0.0,0.0,0.0,0.0001,0.0,0.0,0.0,0.0,0.0,0.0,0.0001,0.0,0.0,0.0,0.0,0.0,0.0,0.0001,0.0,0.0,0.0,0.0,0.0,0.0,0.0001,0.0,0.0,0.0,0.0,0.0,0.0,0.0001
1532986787323165557,1029,1532986787321621242,map,base_link,150.953918457,-46.6626091003,50.478225708,0.0282874089198,-0.216199818432,-0.946233379758,0.238955753309,1e-06,0.0,0.0,0.0,0.0,0.0,0.0,1e-06,0.0,0.0,0.0,0.0,0.0,0.0,1e-06,0.0,0.0,0.0,0.0,0.0,0.0,1e-06,0.0,0.0,0.0,0.0,0.0,0.0,1e-06,0.0,0.0,0.0,0.0,0.0,0.0,1e-06,13.7738562486,-1.73215108558,0.930693554382,-0.120379708707,-0.0284540597349,-0.333108067513,0.0001,0.0,0.0,0.0,0.0,0.0,0.0,0.0001,0.0,0.0,0.0,0.0,0.0,0.0,0.0001,0.0,0.0,0.0,0.0,0.0,0.0,0.0001,0.0,0.0,0.0,0.0,0.0,0.0,0.0001,0.0,0.0,0.0,0.0,0.0,0.0,0.0001
1532986787599186293,1030,1532986787597842713,map,base_link,147.283966064,-47.8695144653,50.7126274109,0.0282874089198,-0.216199818432,-0.946233379758,0.238955753309,1e-06,0.0,0.0,0.0,0.0,0.0,0.0,1e-06,0.0,0.0,0.0,0.0,0.0,0.0,1e-06,0.0,0.0,0.0,0.0,0.0,0.0,1e-06,0.0,0.0,0.0,0.0,0.0,0.0,1e-06,0.0,0.0,0.0,0.0,0.0,0.0,1e-06,13.6328451277,-2.72060904834,1.00918206408,-0.120379708707,-0.0284540597349,-0.333108067513,0.0001,0.0,0.0,0.0,0.0,0.0,0.0,0.0001,0.0,0.0,0.0,0.0,0.0,0.0,0.0001,0.0,0.0,0.0,0.0,0.0,0.0,0.0001,0.0,0.0,0.0,0.0,0.0,0.0,0.0001,0.0,0.0,0.0,0.0,0.0,0.0,0.0001
1532986787797311968,1031,1532986787795554054,map,base_link,144.627288818,-48.5724258423,50.8050117493,0.0323309993664,-0.206222138909,-0.962936721637,0.170821561948,1e-06,0.0,0.0,0.0,0.0,0.0,0.0,1e-06,0.0,0.0,0.0,0.0,0.0,0.0,1e-06,0.0,0.0,0.0,0.0,0.0,0.0,1e-06,0.0,0.0,0.0,0.0,0.0,0.0,1e-06,0.0,0.0,0.0,0.0,0.0,0.0,1e-06,13.8922258765,-1.56882488672,0.722965411041,-0.0977353006601,-0.0863987952471,-0.245374798775,0.0001,0.0,0.0,0.0,0.0,0.0,0.0,0.0001,0.0,0.0,0.0,0.0,0.0,0.0,0.0001,0.0,0.0,0.0,0.0,0.0,0.0,0.0001,0.0,0.0,0.0,0.0,0.0,0.0,0.0001,0.0,0.0,0.0,0.0,0.0,0.0,0.0001
1532986788086480409,1032,1532986788085795227,map,base_link,140.873336792,-49.3356170654,50.8432922363,0.0323309993664,-0.206222138909,-0.962936721637,0.170821561948,1e-06,0.0,0.0,0.0,0.0,0.0,0.0,1e-06,0.0,0.0,0.0,0.0,0.0,0.0,1e-06,0.0,0.0,0.0,0.0,0.0,0.0,1e-06,0.0,0.0,0.0,0.0,0.0,0.0,1e-06,0.0,0.0,0.0,0.0,0.0,0.0,1e-06,13.8880586303,-2.42634249058,0.76629747153,-0.0977353006601,-0.0863987952471,-0.245374798775,0.0001,0.0,0.0,0.0,0.0,0.0,0.0,0.0001,0.0,0.0,0.0,0.0,0.0,0.0,0.0001,0.0,0.0,0.0,0.0,0.0,0.0,0.0001,0.0,0.0,0.0,0.0,0.0,0.0,0.0001,0.0,0.0,0.0,0.0,0.0,0.0,0.0001
1532986788293388745,1033,1532986788292706667,map,base_link,137.870635986,-49.8038787842,50.7984542847,0.0156157172038,-0.166001338825,-0.975576143856,0.14300661671,1e-06,0.0,0.0,0.0,0.0,0.0,0.0,1e-06,0.0,0.0,0.0,0.0,0.0,0.0,1e-06,0.0,0.0,0.0,0.0,0.0,0.0,1e-06,0.0,0.0,0.0,0.0,0.0,0.0,1e-06,0.0,0.0,0.0,0.0,0.0,0.0,1e-06,14.04559167,-2.28436617738,0.152829843474,-0.0359410941601,-0.019619833678,-0.0939095467329,0.0001,0.0,0.0,0.0,0.0,0.0,0.0,0.0001,0.0,0.0,0.0,0.0,0.0,0.0,0.0001,0.0,0.0,0.0,0.0,0.0,0.0,0.0001,0.0,0.0,0.0,0.0,0.0,0.0,0.0001,0.0,0.0,0.0,0.0,0.0,0.0,0.0001
1532986788541037919,1034,1532986788538276455,map,base_link,134.550338745,-50.1965484619,50.7266654968,0.00890663189248,-0.146787198327,-0.980764277105,0.128357403643,1e-06,0.0,0.0,0.0,0.0,0.0,0.0,1e-06,0.0,0.0,0.0,0.0,0.0,0.0,1e-06,0.0,0.0,0.0,0.0,0.0,0.0,1e-06,0.0,0.0,0.0,0.0,0.0,0.0,1e-06,0.0,0.0,0.0,0.0,0.0,0.0,1e-06,14.1915998779,-2.42153255168,0.125452137454,-0.12960010767,-0.0141710247844,-0.0944564864039,0.0001,0.0,0.0,0.0,0.0,0.0,0.0,0.0001,0.0,0.0,0.0,0.0,0.0,0.0,0.0001,0.0,0.0,0.0,0.0,0.0,0.0,0.0001,0.0,0.0,0.0,0.0,0.0,0.0,0.0001,0.0,0.0,0.0,0.0,0.0,0.0,0.0001
1532986788778251188,1035,1532986788777712054,map,base_link,131.479263306,-50.4619140625,50.6976127625,0.00890663189248,-0.146787198327,-0.980764277105,0.128357403643,1e-06,0.0,0.0,0.0,0.0,0.0,0.0,1e-06,0.0,0.0,0.0,0.0,0.0,0.0,1e-06,0.0,0.0,0.0,0.0,0.0,0.0,1e-06,0.0,0.0,0.0,0.0,0.0,0.0,1e-06,0.0,0.0,0.0,0.0,0.0,0.0,1e-06,14.2643486537,-2.82796265822,0.254221783934,-0.12960010767,-0.0141710247844,-0.0944564864039,0.0001,0.0,0.0,0.0,0.0,0.0,0.0,0.0001,0.0,0.0,0.0,0.0,0.0,0.0,0.0001,0.0,0.0,0.0,0.0,0.0,0.0,0.0001,0.0,0.0,0.0,0.0,0.0,0.0,0.0001,0.0,0.0,0.0,0.0,0.0,0.0,0.0001
1532986789010589336,1036,1532986789009229596,map,base_link,128.065948486,-50.6774559021,50.6445159912,0.00845189024079,-0.125287935038,-0.985857496229,0.110979709919,1e-06,0.0,0.0,0.0,0.0,0.0,0.0,1e-06,0.0,0.0,0.0,0.0,0.0,0.0,1e-06,0.0,0.0,0.0,0.0,0.0,0.0,1e-06,0.0,0.0,0.0,0.0,0.0,0.0,1e-06,0.0,0.0,0.0,0.0,0.0,0.0,1e-06,14.4306951815,-2.68487868062,0.0675115331629,-0.190976411104,0.00078134611249,-0.113307014108,0.0001,0.0,0.0,0.0,0.0,0.0,0.0,0.0001,0.0,0.0,0.0,0.0,0.0,0.0,0.0001,0.0,0.0,0.0,0.0,0.0,0.0,0.0001,0.0,0.0,0.0,0.0,0.0,0.0,0.0001,0.0,0.0,0.0,0.0,0.0,0.0,0.0001
1532986789216793002,1037,1532986789215924557,map,base_link,124.912063599,-50.8264312744,50.539894104,0.00845189024079,-0.125287935038,-0.985857496229,0.110979709919,1e-06,0.0,0.0,0.0,0.0,0.0,0.0,1e-06,0.0,0.0,0.0,0.0,0.0,0.0,1e-06,0.0,0.0,0.0,0.0,0.0,0.0,1e-06,0.0,0.0,0.0,0.0,0.0,0.0,1e-06,0.0,0.0,0.0,0.0,0.0,0.0,1e-06,14.4860357245,-2.93775432919,-0.0764126923893,-0.190976411104,0.00078134611249,-0.113307014108,0.0001,0.0,0.0,0.0,0.0,0.0,0.0,0.0001,0.0,0.0,0.0,0.0,0.0,0.0,0.0001,0.0,0.0,0.0,0.0,0.0,0.0,0.0001,0.0,0.0,0.0,0.0,0.0,0.0,0.0001,0.0,0.0,0.0,0.0,0.0,0.0,0.0001
1532986789424400089,1038,1532986789420989379,map,base_link,122.021690369,-50.9257316589,50.4189224243,0.0119847882336,-0.0760975830322,-0.993660786917,0.0818765122107,1e-06,0.0,0.0,0.0,0.0,0.0,0.0,1e-06,0.0,0.0,0.0,0.0,0.0,0.0,1e-06,0.0,0.0,0.0,0.0,0.0,0.0,1e-06,0.0,0.0,0.0,0.0,0.0,0.0,1e-06,0.0,0.0,0.0,0.0,0.0,0.0,1e-06,14.7224130283,-2.2153006485,-0.123154233244,-0.166798770428,-0.0176565367728,-0.142131343484,0.0001,0.0,0.0,0.0,0.0,0.0,0.0,0.0001,0.0,0.0,0.0,0.0,0.0,0.0,0.0001,0.0,0.0,0.0,0.0,0.0,0.0,0.0001,0.0,0.0,0.0,0.0,0.0,0.0,0.0001,0.0,0.0,0.0,0.0,0.0,0.0,0.0001
1532986789662054444,1039,1532986789661267023,map,base_link,118.528862,-51.0014152527,50.2812347412,0.0119847882336,-0.0760975830322,-0.993660786917,0.0818765122107,1e-06,0.0,0.0,0.0,0.0,0.0,0.0,1e-06,0.0,0.0,0.0,0.0,0.0,0.0,1e-06,0.0,0.0,0.0,0.0,0.0,0.0,1e-06,0.0,0.0,0.0,0.0,0.0,0.0,1e-06,0.0,0.0,0.0,0.0,0.0,0.0,1e-06,14.8368545597,-2.38441099922,0.0330385384126,-0.166798770428,-0.0176565367728,-0.142131343484,0.0001,0.0,0.0,0.0,0.0,0.0,0.0,0.0001,0.0,0.0,0.0,0.0,0.0,0.0,0.0001,0.0,0.0,0.0,0.0,0.0,0.0,0.0001,0.0,0.0,0.0,0.0,0.0,0.0,0.0001,0.0,0.0,0.0,0.0,0.0,0.0,0.0001
1532986789915298193,1040,1532986789914736403,map,base_link,114.710739136,-51.054271698,50.1945381165,0.0050255366903,-0.0480329324914,-0.99659607013,0.0668120825795,1e-06,0.0,0.0,0.0,0.0,0.0,0.0,1e-06,0.0,0.0,0.0,0.0,0.0,0.0,1e-06,0.0,0.0,0.0,0.0,0.0,0.0,1e-06,0.0,0.0,0.0,0.0,0.0,0.0,1e-06,0.0,0.0,0.0,0.0,0.0,0.0,1e-06,14.9874313362,-1.97334983734,-0.0429318044074,-0.190356686711,-0.0401839464903,0.00193526688963,0.0001,0.0,0.0,0.0,0.0,0.0,0.0,0.0001,0.0,0.0,0.0,0.0,0.0,0.0,0.0001,0.0,0.0,0.0,0.0,0.0,0.0,0.0001,0.0,0.0,0.0,0.0,0.0,0.0,0.0001,0.0,0.0,0.0,0.0,0.0,0.0,0.0001
1532986790182774411,1041,1532986790182426284,map,base_link,110.90171051,-51.1268997192,50.1386108398,-0.00488092332622,-0.0042385634014,-0.997520408424,0.0700802821423,1e-06,0.0,0.0,0.0,0.0,0.0,0.0,1e-06,0.0,0.0,0.0,0.0,0.0,0.0,1e-06,0.0,0.0,0.0,0.0,0.0,0.0,1e-06,0.0,0.0,0.0,0.0,0.0,0.0,1e-06,0.0,0.0,0.0,0.0,0.0,0.0,1e-06,15.0091812796,-1.9056167943,-0.408833735221,-0.107466027141,-0.0158844199032,-0.0128608122468,0.0001,0.0,0.0,0.0,0.0,0.0,0.0,0.0001,0.0,0.0,0.0,0.0,0.0,0.0,0.0001,0.0,0.0,0.0,0.0,0.0,0.0,0.0001,0.0,0.0,0.0,0.0,0.0,0.0,0.0001,0.0,0.0,0.0,0.0,0.0,0.0,0.0001
1532986790402052150,1042,1532986790392455955,map,base_link,107.99016571,-51.2169380188,50.0782279968,-0.00488092332622,-0.0042385634014,-0.997520408424,0.0700802821423,1e-06,0.0,0.0,0.0,0.0,0.0,0.0,1e-06,0.0,0.0,0.0,0.0,0.0,0.0,1e-06,0.0,0.0,0.0,0.0,0.0,0.0,1e-06,0.0,0.0,0.0,0.0,0.0,0.0,1e-06,0.0,0.0,0.0,0.0,0.0,0.0,1e-06,15.0382790775,-1.80358394569,-0.473479722777,-0.107466027141,-0.0158844199032,-0.0128608122468,0.0001,0.0,0.0,0.0,0.0,0.0,0.0,0.0001,0.0,0.0,0.0,0.0,0.0,0.0,0.0001,0.0,0.0,0.0,0.0,0.0,0.0,0.0001,0.0,0.0,0.0,0.0,0.0,0.0,0.0001,0.0,0.0,0.0,0.0,0.0,0.0,0.0001
1532986790655705626,1043,1532986790654872668,map,base_link,103.898345947,-51.3546562195,49.9652252197,-0.00515550113877,-0.00817758216524,-0.998083374681,0.0611238508544,1e-06,0.0,0.0,0.0,0.0,0.0,0.0,1e-06,0.0,0.0,0.0,0.0,0.0,0.0,1e-06,0.0,0.0,0.0,0.0,0.0,0.0,1e-06,0.0,0.0,0.0,0.0,0.0,0.0,1e-06,0.0,0.0,0.0,0.0,0.0,0.0,1e-06,15.126373318,-1.53957147594,-0.538980615453,0.0911946520209,-0.00695306435227,-0.0439778715372,0.0001,0.0,0.0,0.0,0.0,0.0,0.0,0.0001,0.0,0.0,0.0,0.0,0.0,0.0,0.0001,0.0,0.0,0.0,0.0,0.0,0.0,0.0001,0.0,0.0,0.0,0.0,0.0,0.0,0.0001,0.0,0.0,0.0,0.0,0.0,0.0,0.0001
1532986790913680816,1044,1532986790912640531,map,base_link,100.080375671,-51.4571342468,49.8509941101,-0.00851491780398,-0.0287939950576,-0.996955965514,0.0719527959763,1e-06,0.0,0.0,0.0,0.0,0.0,0.0,1e-06,0.0,0.0,0.0,0.0,0.0,0.0,1e-06,0.0,0.0,0.0,0.0,0.0,0.0,1e-06,0.0,0.0,0.0,0.0,0.0,0.0,1e-06,0.0,0.0,0.0,0.0,0.0,0.0,1e-06,15.1518070712,-1.92700478409,-0.570501834346,0.0754663571715,-0.0225635878742,0.117915667593,0.0001,0.0,0.0,0.0,0.0,0.0,0.0,0.0001,0.0,0.0,0.0,0.0,0.0,0.0,0.0001,0.0,0.0,0.0,0.0,0.0,0.0,0.0001,0.0,0.0,0.0,0.0,0.0,0.0,0.0001,0.0,0.0,0.0,0.0,0.0,0.0,0.0001
1532986791179593840,1045,1532986791178021652,map,base_link,96.563911438,-51.5463027954,49.750793457,-0.00851491780398,-0.0287939950576,-0.996955965514,0.0719527959763,1e-06,0.0,0.0,0.0,0.0,0.0,0.0,1e-06,0.0,0.0,0.0,0.0,0.0,0.0,1e-06,0.0,0.0,0.0,0.0,0.0,0.0,1e-06,0.0,0.0,0.0,0.0,0.0,0.0,1e-06,0.0,0.0,0.0,0.0,0.0,0.0,1e-06,15.1910670778,-1.91978893279,-0.579445957068,0.0754663571715,-0.0225635878742,0.117915667593,0.0001,0.0,0.0,0.0,0.0,0.0,0.0,0.0001,0.0,0.0,0.0,0.0,0.0,0.0,0.0001,0.0,0.0,0.0,0.0,0.0,0.0,0.0001,0.0,0.0,0.0,0.0,0.0,0.0,0.0001,0.0,0.0,0.0,0.0,0.0,0.0,0.0001
1532986791424498894,1046,1532986791423659569,map,base_link,92.7236022949,-51.6515159607,49.6302337646,-0.0131223577074,-0.0250077683369,-0.996018641552,0.0845534205814,1e-06,0.0,0.0,0.0,0.0,0.0,0.0,1e-06,0.0,0.0,0.0,0.0,0.0,0.0,1e-06,0.0,0.0,0.0,0.0,0.0,0.0,1e-06,0.0,0.0,0.0,0.0,0.0,0.0,1e-06,0.0,0.0,0.0,0.0,0.0,0.0,1e-06,15.1837856253,-2.25795876733,-0.658839710869,-0.0681440159678,-0.0168163888156,0.00528845191002,0.0001,0.0,0.0,0.0,0.0,0.0,0.0,0.0001,0.0,0.0,0.0,0.0,0.0,0.0,0.0001,0.0,0.0,0.0,0.0,0.0,0.0,0.0001,0.0,0.0,0.0,0.0,0.0,0.0,0.0001,0.0,0.0,0.0,0.0,0.0,0.0,0.0001
1532986791682586502,1047,1532986791677973011,map,base_link,88.8587417603,-51.766746521,49.5465736389,-0.0131223577074,-0.0250077683369,-0.996018641552,0.0845534205814,1e-06,0.0,0.0,0.0,0.0,0.0,0.0,1e-06,0.0,0.0,0.0,0.0,0.0,0.0,1e-06,0.0,0.0,0.0,0.0,0.0,0.0,1e-06,0.0,0.0,0.0,0.0,0.0,0.0,1e-06,0.0,0.0,0.0,0.0,0.0,0.0,1e-06,15.1924273107,-2.21126401388,-0.497989537838,-0.0681440159678,-0.0168163888156,0.00528845191002,0.0001,0.0,0.0,0.0,0.0,0.0,0.0,0.0001,0.0,0.0,0.0,0.0,0.0,0.0,0.0001,0.0,0.0,0.0,0.0,0.0,0.0,0.0001,0.0,0.0,0.0,0.0,0.0,0.0,0.0001,0.0,0.0,0.0,0.0,0.0,0.0,0.0001
1532986791932666773,1048,1532986791931786519,map,base_link,85.2925338745,-51.8879013062,49.5245552063,-0.0195756233002,-0.0191482542348,-0.996379650042,0.0804843606855,1e-06,0.0,0.0,0.0,0.0,0.0,0.0,1e-06,0.0,0.0,0.0,0.0,0.0,0.0,1e-06,0.0,0.0,0.0,0.0,0.0,0.0,1e-06,0.0,0.0,0.0,0.0,0.0,0.0,1e-06,0.0,0.0,0.0,0.0,0.0,0.0,1e-06,15.2198898996,-2.02493088421,-0.409230439026,-0.0488415881991,-0.0207913480699,-0.00586632452905,0.0001,0.0,0.0,0.0,0.0,0.0,0.0,0.0001,0.0,0.0,0.0,0.0,0.0,0.0,0.0001,0.0,0.0,0.0,0.0,0.0,0.0,0.0001,0.0,0.0,0.0,0.0,0.0,0.0,0.0001,0.0,0.0,0.0,0.0,0.0,0.0,0.0001
1532986792178930736,1049,1532986792177079189,map,base_link,81.7272949219,-52.0135955811,49.5978775024,-0.0261142646268,-0.0275360367066,-0.996207513083,0.0782968884553,1e-06,0.0,0.0,0.0,0.0,0.0,0.0,1e-06,0.0,0.0,0.0,0.0,0.0,0.0,1e-06,0.0,0.0,0.0,0.0,0.0,0.0,1e-06,0.0,0.0,0.0,0.0,0.0,0.0,1e-06,0.0,0.0,0.0,0.0,0.0,0.0,1e-06,15.1880063849,-1.95254458998,-0.154085288304,0.0483375824988,-0.0367861948907,0.00871785730124,0.0001,0.0,0.0,0.0,0.0,0.0,0.0,0.0001,0.0,0.0,0.0,0.0,0.0,0.0,0.0001,0.0,0.0,0.0,0.0,0.0,0.0,0.0001,0.0,0.0,0.0,0.0,0.0,0.0,0.0001,0.0,0.0,0.0,0.0,0.0,0.0,0.0001
1532986792402948813,1050,1532986792401672273,map,base_link,78.1637954712,-52.1105461121,49.711566925,-0.0261142646268,-0.0275360367066,-0.996207513083,0.0782968884553,1e-06,0.0,0.0,0.0,0.0,0.0,0.0,1e-06,0.0,0.0,0.0,0.0,0.0,0.0,1e-06,0.0,0.0,0.0,0.0,0.0,0.0,1e-06,0.0,0.0,0.0,0.0,0.0,0.0,1e-06,0.0,0.0,0.0,0.0,0.0,0.0,1e-06,15.0937117723,-2.07801727168,-0.311593815008,0.0483375824988,-0.0367861948907,0.00871785730124,0.0001,0.0,0.0,0.0,0.0,0.0,0.0,0.0001,0.0,0.0,0.0,0.0,0.0,0.0,0.0001,0.0,0.0,0.0,0.0,0.0,0.0,0.0001,0.0,0.0,0.0,0.0,0.0,0.0,0.0001,0.0,0.0,0.0,0.0,0.0,0.0,0.0001
1532986792658743275,1051,1532986792656134131,map,base_link,74.3095321655,-52.1688423157,49.7822914124,-0.0254492419599,-0.0573968010205,-0.995543046505,0.0703703479595,1e-06,0.0,0.0,0.0,0.0,0.0,0.0,1e-06,0.0,0.0,0.0,0.0,0.0,0.0,1e-06,0.0,0.0,0.0,0.0,0.0,0.0,1e-06,0.0,0.0,0.0,0.0,0.0,0.0,1e-06,0.0,0.0,0.0,0.0,0.0,0.0,1e-06,15.0112133149,-1.97506136206,-0.32505965253,-0.0703702941537,-0.0106504186988,-0.0694039687514,0.0001,0.0,0.0,0.0,0.0,0.0,0.0,0.0001,0.0,0.0,0.0,0.0,0.0,0.0,0.0001,0.0,0.0,0.0,0.0,0.0,0.0,0.0001,0.0,0.0,0.0,0.0,0.0,0.0,0.0001,0.0,0.0,0.0,0.0,0.0,0.0,0.0001
1532986792888947158,1052,1532986792888196121,map,base_link,71.0738677979,-52.1773605347,49.855091095,-0.0254492419599,-0.0573968010205,-0.995543046505,0.0703703479595,1e-06,0.0,0.0,0.0,0.0,0.0,0.0,1e-06,0.0,0.0,0.0,0.0,0.0,0.0,1e-06,0.0,0.0,0.0,0.0,0.0,0.0,1e-06,0.0,0.0,0.0,0.0,0.0,0.0,1e-06,0.0,0.0,0.0,0.0,0.0,0.0,1e-06,14.9646068704,-2.12820273665,-0.162429113431,-0.0703702941537,-0.0106504186988,-0.0694039687514,0.0001,0.0,0.0,0.0,0.0,0.0,0.0,0.0001,0.0,0.0,0.0,0.0,0.0,0.0,0.0001,0.0,0.0,0.0,0.0,0.0,0.0,0.0001,0.0,0.0,0.0,0.0,0.0,0.0,0.0001,0.0,0.0,0.0,0.0,0.0,0.0,0.0001
1532986793152208542,1053,1532986793151354400,map,base_link,66.9259719849,-52.1296310425,49.9618644714,-0.0226517446121,-0.0515164605777,-0.996757239191,0.0575148578644,1e-06,0.0,0.0,0.0,0.0,0.0,0.0,1e-06,0.0,0.0,0.0,0.0,0.0,0.0,1e-06,0.0,0.0,0.0,0.0,0.0,0.0,1e-06,0.0,0.0,0.0,0.0,0.0,0.0,1e-06,0.0,0.0,0.0,0.0,0.0,0.0,1e-06,14.9916143917,-1.97114771695,-0.168447369497,0.0453924760222,0.0514596253633,-0.0538097992539,0.0001,0.0,0.0,0.0,0.0,0.0,0.0,0.0001,0.0,0.0,0.0,0.0,0.0,0.0,0.0001,0.0,0.0,0.0,0.0,0.0,0.0,0.0001,0.0,0.0,0.0,0.0,0.0,0.0,0.0001,0.0,0.0,0.0,0.0,0.0,0.0,0.0001
1532986793439740508,1054,1532986793439342206,map,base_link,63.0661087036,-52.0395126343,50.0288581848,-0.0168830736883,-0.0463232401918,-0.997088319161,0.0581721843644,1e-06,0.0,0.0,0.0,0.0,0.0,0.0,1e-06,0.0,0.0,0.0,0.0,0.0,0.0,1e-06,0.0,0.0,0.0,0.0,0.0,0.0,1e-06,0.0,0.0,0.0,0.0,0.0,0.0,1e-06,0.0,0.0,0.0,0.0,0.0,0.0,1e-06,14.9738116718,-2.12133493331,-0.269494326415,0.00682658096775,0.0660767033696,0.0238147657365,0.0001,0.0,0.0,0.0,0.0,0.0,0.0,0.0001,0.0,0.0,0.0,0.0,0.0,0.0,0.0001,0.0,0.0,0.0,0.0,0.0,0.0,0.0001,0.0,0.0,0.0,0.0,0.0,0.0,0.0001,0.0,0.0,0.0,0.0,0.0,0.0,0.0001
1532986793657174958,1055,1532986793655636467,map,base_link,59.498752594,-51.9441490173,49.9940109253,-0.0168830736883,-0.0463232401918,-0.997088319161,0.0581721843644,1e-06,0.0,0.0,0.0,0.0,0.0,0.0,1e-06,0.0,0.0,0.0,0.0,0.0,0.0,1e-06,0.0,0.0,0.0,0.0,0.0,0.0,1e-06,0.0,0.0,0.0,0.0,0.0,0.0,1e-06,0.0,0.0,0.0,0.0,0.0,0.0,1e-06,15.0152217415,-2.19621959804,-0.622528523728,0.00682658096775,0.0660767033696,0.0238147657365,0.0001,0.0,0.0,0.0,0.0,0.0,0.0,0.0001,0.0,0.0,0.0,0.0,0.0,0.0,0.0001,0.0,0.0,0.0,0.0,0.0,0.0,0.0001,0.0,0.0,0.0,0.0,0.0,0.0,0.0001,0.0,0.0,0.0,0.0,0.0,0.0,0.0001
1532986793893624134,1056,1532986793890554351,map,base_link,55.8907089233,-51.8571586609,49.874080658,-0.00484896306089,-0.029207850706,-0.998190634794,0.0523339815466,1e-06,0.0,0.0,0.0,0.0,0.0,0.0,1e-06,0.0,0.0,0.0,0.0,0.0,0.0,1e-06,0.0,0.0,0.0,0.0,0.0,0.0,1e-06,0.0,0.0,0.0,0.0,0.0,0.0,1e-06,0.0,0.0,0.0,0.0,0.0,0.0,1e-06,15.1646816967,-2.03216717239,-0.628644996562,-0.134721487761,0.071670986712,-0.0455621629953,0.0001,0.0,0.0,0.0,0.0,0.0,0.0,0.0001,0.0,0.0,0.0,0.0,0.0,0.0,0.0001,0.0,0.0,0.0,0.0,0.0,0.0,0.0001,0.0,0.0,0.0,0.0,0.0,0.0,0.0001,0.0,0.0,0.0,0.0,0.0,0.0,0.0001
1532986794166547313,1057,1532986794165438068,map,base_link,51.9429702759,-51.7749176025,49.6813964844,0.00229597260384,-0.00954899853058,-0.998785300784,0.0482852780254,1e-06,0.0,0.0,0.0,0.0,0.0,0.0,1e-06,0.0,0.0,0.0,0.0,0.0,0.0,1e-06,0.0,0.0,0.0,0.0,0.0,0.0,1e-06,0.0,0.0,0.0,0.0,0.0,0.0,1e-06,0.0,0.0,0.0,0.0,0.0,0.0,1e-06,15.3628982403,-1.8877847509,-0.551509656847,-0.0558887422085,-0.00552097614855,0.00730558577925,0.0001,0.0,0.0,0.0,0.0,0.0,0.0,0.0001,0.0,0.0,0.0,0.0,0.0,0.0,0.0001,0.0,0.0,0.0,0.0,0.0,0.0,0.0001,0.0,0.0,0.0,0.0,0.0,0.0,0.0001,0.0,0.0,0.0,0.0,0.0,0.0,0.0001
1532986794416037826,1058,1532986794412366573,map,base_link,48.251499176,-51.718120575,49.5116729736,0.00229597260384,-0.00954899853058,-0.998785300784,0.0482852780254,1e-06,0.0,0.0,0.0,0.0,0.0,0.0,1e-06,0.0,0.0,0.0,0.0,0.0,0.0,1e-06,0.0,0.0,0.0,0.0,0.0,0.0,1e-06,0.0,0.0,0.0,0.0,0.0,0.0,1e-06,0.0,0.0,0.0,0.0,0.0,0.0,1e-06,15.5409069034,-1.86848649267,-0.557460034548,-0.0558887422085,-0.00552097614855,0.00730558577925,0.0001,0.0,0.0,0.0,0.0,0.0,0.0,0.0001,0.0,0.0,0.0,0.0,0.0,0.0,0.0001,0.0,0.0,0.0,0.0,0.0,0.0,0.0001,0.0,0.0,0.0,0.0,0.0,0.0,0.0001,0.0,0.0,0.0,0.0,0.0,0.0,0.0001
1532986794666185425,1059,1532986794664989204,map,base_link,44.2162857056,-51.6682395935,49.2946929932,0.00115067122972,-0.0325089681383,-0.997908722909,0.0558571722265,1e-06,0.0,0.0,0.0,0.0,0.0,0.0,1e-06,0.0,0.0,0.0,0.0,0.0,0.0,1e-06,0.0,0.0,0.0,0.0,0.0,0.0,1e-06,0.0,0.0,0.0,0.0,0.0,0.0,1e-06,0.0,0.0,0.0,0.0,0.0,0.0,1e-06,15.6553271372,-2.1234209967,-0.746807902748,0.0739116966724,0.00249698525295,0.0261073317379,0.0001,0.0,0.0,0.0,0.0,0.0,0.0,0.0001,0.0,0.0,0.0,0.0,0.0,0.0,0.0001,0.0,0.0,0.0,0.0,0.0,0.0,0.0001,0.0,0.0,0.0,0.0,0.0,0.0,0.0001,0.0,0.0,0.0,0.0,0.0,0.0,0.0001
1532986794888160117,1060,1532986794887640758,map,base_link,40.7544822693,-51.6399536133,49.0895996094,-0.000422359814349,-0.0220412245744,-0.998237307008,0.0551024947556,1e-06,0.0,0.0,0.0,0.0,0.0,0.0,1e-06,0.0,0.0,0.0,0.0,0.0,0.0,1e-06,0.0,0.0,0.0,0.0,0.0,0.0,1e-06,0.0,0.0,0.0,0.0,0.0,0.0,1e-06,0.0,0.0,0.0,0.0,0.0,0.0,1e-06,15.8132718303,-2.06349960867,-0.800476851705,-0.0488638430834,0.000608908943832,-0.0214619096369,0.0001,0.0,0.0,0.0,0.0,0.0,0.0,0.0001,0.0,0.0,0.0,0.0,0.0,0.0,0.0001,0.0,0.0,0.0,0.0,0.0,0.0,0.0001,0.0,0.0,0.0,0.0,0.0,0.0,0.0001,0.0,0.0,0.0,0.0,0.0,0.0,0.0001
1532986795122848338,1061,1532986795122384916,map,base_link,36.9413757324,-51.6245727539,48.87134552,-0.000422359814349,-0.0220412245744,-0.998237307008,0.0551024947556,1e-06,0.0,0.0,0.0,0.0,0.0,0.0,1e-06,0.0,0.0,0.0,0.0,0.0,0.0,1e-06,0.0,0.0,0.0,0.0,0.0,0.0,1e-06,0.0,0.0,0.0,0.0,0.0,0.0,1e-06,0.0,0.0,0.0,0.0,0.0,0.0,1e-06,15.984382259,-2.03482768747,-0.879661303017,-0.0488638430834,0.000608908943832,-0.0214619096369,0.0001,0.0,0.0,0.0,0.0,0.0,0.0,0.0001,0.0,0.0,0.0,0.0,0.0,0.0,0.0001,0.0,0.0,0.0,0.0,0.0,0.0,0.0001,0.0,0.0,0.0,0.0,0.0,0.0,0.0001,0.0,0.0,0.0,0.0,0.0,0.0,0.0001
1532986795379142191,1062,1532986795378390033,map,base_link,32.784778595,-51.6342697144,48.6499481201,-0.00817864385675,-0.00705839678496,-0.998581168564,0.0521434426182,1e-06,0.0,0.0,0.0,0.0,0.0,0.0,1e-06,0.0,0.0,0.0,0.0,0.0,0.0,1e-06,0.0,0.0,0.0,0.0,0.0,0.0,1e-06,0.0,0.0,0.0,0.0,0.0,0.0,1e-06,0.0,0.0,0.0,0.0,0.0,0.0,1e-06,16.1499754454,-1.82788803195,-0.942561658094,-0.0787995681167,-0.063987955451,-0.000215769512579,0.0001,0.0,0.0,0.0,0.0,0.0,0.0,0.0001,0.0,0.0,0.0,0.0,0.0,0.0,0.0001,0.0,0.0,0.0,0.0,0.0,0.0,0.0001,0.0,0.0,0.0,0.0,0.0,0.0,0.0001,0.0,0.0,0.0,0.0,0.0,0.0,0.0001
1532986795637636549,1063,1532986795635974090,map,base_link,28.8957557678,-51.6713790894,48.5079345703,-0.00817864385675,-0.00705839678496,-0.998581168564,0.0521434426182,1e-06,0.0,0.0,0.0,0.0,0.0,0.0,1e-06,0.0,0.0,0.0,0.0,0.0,0.0,1e-06,0.0,0.0,0.0,0.0,0.0,0.0,1e-06,0.0,0.0,0.0,0.0,0.0,0.0,1e-06,0.0,0.0,0.0,0.0,0.0,0.0,1e-06,16.2636289237,-1.71221034546,-0.657242588494,-0.0787995681167,-0.063987955451,-0.000215769512579,0.0001,0.0,0.0,0.0,0.0,0.0,0.0,0.0001,0.0,0.0,0.0,0.0,0.0,0.0,0.0001,0.0,0.0,0.0,0.0,0.0,0.0,0.0001,0.0,0.0,0.0,0.0,0.0,0.0,0.0001,0.0,0.0,0.0,0.0,0.0,0.0,0.0001
1532986795843842808,1064,1532986795843372793,map,base_link,25.3125209808,-51.7416534424,48.4823913574,-0.021809243971,-0.00962290313257,-0.998012956764,0.0583257639883,1e-06,0.0,0.0,0.0,0.0,0.0,0.0,1e-06,0.0,0.0,0.0,0.0,0.0,0.0,1e-06,0.0,0.0,0.0,0.0,0.0,0.0,1e-06,0.0,0.0,0.0,0.0,0.0,0.0,1e-06,0.0,0.0,0.0,0.0,0.0,0.0,1e-06,16.3270559627,-1.76669429276,-0.527159041423,0.137833118439,-0.0445585660636,-0.00184188503772,0.0001,0.0,0.0,0.0,0.0,0.0,0.0,0.0001,0.0,0.0,0.0,0.0,0.0,0.0,0.0001,0.0,0.0,0.0,0.0,0.0,0.0,0.0001,0.0,0.0,0.0,0.0,0.0,0.0,0.0001,0.0,0.0,0.0,0.0,0.0,0.0,0.0001
1532986796099607190,1065,1532986796098650905,map,base_link,21.0777397156,-51.8519706726,48.6192893982,-0.021809243971,-0.00962290313257,-0.998012956764,0.0583257639883,1e-06,0.0,0.0,0.0,0.0,0.0,0.0,1e-06,0.0,0.0,0.0,0.0,0.0,0.0,1e-06,0.0,0.0,0.0,0.0,0.0,0.0,1e-06,0.0,0.0,0.0,0.0,0.0,0.0,1e-06,0.0,0.0,0.0,0.0,0.0,0.0,1e-06,16.3767259037,-1.75547325805,-0.00441585186132,0.137833118439,-0.0445585660636,-0.00184188503772,0.0001,0.0,0.0,0.0,0.0,0.0,0.0,0.0001,0.0,0.0,0.0,0.0,0.0,0.0,0.0001,0.0,0.0,0.0,0.0,0.0,0.0,0.0001,0.0,0.0,0.0,0.0,0.0,0.0,0.0001,0.0,0.0,0.0,0.0,0.0,0.0,0.0001
1532986796385818297,1066,1532986796384670236,map,base_link,16.8218307495,-51.9511566162,48.8328285217,-0.0290158277719,-0.0347693658937,-0.997824573477,0.0479092214469,1e-06,0.0,0.0,0.0,0.0,0.0,0.0,1e-06,0.0,0.0,0.0,0.0,0.0,0.0,1e-06,0.0,0.0,0.0,0.0,0.0,0.0,1e-06,0.0,0.0,0.0,0.0,0.0,0.0,1e-06,0.0,0.0,0.0,0.0,0.0,0.0,1e-06,16.3706313144,-1.45479539326,-0.257181834788,-0.0301383640617,0.0241993553936,-0.0242868736386,0.0001,0.0,0.0,0.0,0.0,0.0,0.0,0.0001,0.0,0.0,0.0,0.0,0.0,0.0,0.0001,0.0,0.0,0.0,0.0,0.0,0.0,0.0001,0.0,0.0,0.0,0.0,0.0,0.0,0.0001,0.0,0.0,0.0,0.0,0.0,0.0,0.0001
1532986796597121789,1067,1532986796595671937,map,base_link,12.9104785919,-52.0281867981,49.0065536499,-0.0290158277719,-0.0347693658937,-0.997824573477,0.0479092214469,1e-06,0.0,0.0,0.0,0.0,0.0,0.0,1e-06,0.0,0.0,0.0,0.0,0.0,0.0,1e-06,0.0,0.0,0.0,0.0,0.0,0.0,1e-06,0.0,0.0,0.0,0.0,0.0,0.0,1e-06,0.0,0.0,0.0,0.0,0.0,0.0,1e-06,16.3108161145,-1.42362868295,-0.260568215141,-0.0301383640617,0.0241993553936,-0.0242868736386,0.0001,0.0,0.0,0.0,0.0,0.0,0.0,0.0001,0.0,0.0,0.0,0.0,0.0,0.0,0.0001,0.0,0.0,0.0,0.0,0.0,0.0,0.0001,0.0,0.0,0.0,0.0,0.0,0.0,0.0001,0.0,0.0,0.0,0.0,0.0,0.0,0.0001
1532986796909856143,1068,1532986796906703801,map,base_link,8.04556655884,-52.1222648621,49.1992416382,-0.0306907632242,-0.0226414102981,-0.998342693496,0.0430965188368,1e-06,0.0,0.0,0.0,0.0,0.0,0.0,1e-06,0.0,0.0,0.0,0.0,0.0,0.0,1e-06,0.0,0.0,0.0,0.0,0.0,0.0,1e-06,0.0,0.0,0.0,0.0,0.0,0.0,1e-06,0.0,0.0,0.0,0.0,0.0,0.0,1e-06,16.289040761,-1.26207466763,-0.260501713294,-0.023819539696,0.00127170979977,-0.0678629651666,0.0001,0.0,0.0,0.0,0.0,0.0,0.0,0.0001,0.0,0.0,0.0,0.0,0.0,0.0,0.0001,0.0,0.0,0.0,0.0,0.0,0.0,0.0001,0.0,0.0,0.0,0.0,0.0,0.0,0.0001,0.0,0.0,0.0,0.0,0.0,0.0,0.0001
1532986797099612148,1069,1532986797098954390,map,base_link,4.78966379166,-52.173625946,49.350479126,-0.0302940029124,-0.0230309202849,-0.998594981447,0.0368769999873,1e-06,0.0,0.0,0.0,0.0,0.0,0.0,1e-06,0.0,0.0,0.0,0.0,0.0,0.0,1e-06,0.0,0.0,0.0,0.0,0.0,0.0,1e-06,0.0,0.0,0.0,0.0,0.0,0.0,1e-06,0.0,0.0,0.0,0.0,0.0,0.0,1e-06,16.3130235192,-1.11479249986,-0.221515026036,-0.0940842032433,0.000791356898844,0.000316945835948,0.0001,0.0,0.0,0.0,0.0,0.0,0.0,0.0001,0.0,0.0,0.0,0.0,0.0,0.0,0.0001,0.0,0.0,0.0,0.0,0.0,0.0,0.0001,0.0,0.0,0.0,0.0,0.0,0.0,0.0001,0.0,0.0,0.0,0.0,0.0,0.0,0.0001
1532986797386998131,1070,1532986797386140246,map,base_link,0.233612895012,-52.2398986816,49.5666122437,-0.0302940029124,-0.0230309202849,-0.998594981447,0.0368769999873,1e-06,0.0,0.0,0.0,0.0,0.0,0.0,1e-06,0.0,0.0,0.0,0.0,0.0,0.0,1e-06,0.0,0.0,0.0,0.0,0.0,0.0,1e-06,0.0,0.0,0.0,0.0,0.0,0.0,1e-06,0.0,0.0,0.0,0.0,0.0,0.0,1e-06,16.2686665205,-1.10817042928,-0.174984749971,-0.0940842032433,0.000791356898844,0.000316945835948,0.0001,0.0,0.0,0.0,0.0,0.0,0.0,0.0001,0.0,0.0,0.0,0.0,0.0,0.0,0.0001,0.0,0.0,0.0,0.0,0.0,0.0,0.0001,0.0,0.0,0.0,0.0,0.0,0.0,0.0001,0.0,0.0,0.0,0.0,0.0,0.0,0.0001
1532986797640823063,1071,1532986797639357819,map,base_link,-4.00195598602,-52.2974510193,49.7581253052,-0.0288571502954,-0.0380519081773,-0.997597128164,0.0501924998379,1e-06,0.0,0.0,0.0,0.0,0.0,0.0,1e-06,0.0,0.0,0.0,0.0,0.0,0.0,1e-06,0.0,0.0,0.0,0.0,0.0,0.0,1e-06,0.0,0.0,0.0,0.0,0.0,0.0,1e-06,0.0,0.0,0.0,0.0,0.0,0.0,1e-06,16.2292357633,-1.5394903103,-0.16362404742,0.124075129628,0.0370179377496,0.0509556718171,0.0001,0.0,0.0,0.0,0.0,0.0,0.0,0.0001,0.0,0.0,0.0,0.0,0.0,0.0,0.0001,0.0,0.0,0.0,0.0,0.0,0.0,0.0001,0.0,0.0,0.0,0.0,0.0,0.0,0.0001,0.0,0.0,0.0,0.0,0.0,0.0,0.0001
1532986797904529213,1072,1532986797903989887,map,base_link,-8.20165538788,-52.3433189392,49.9225769043,-0.0226988300423,-0.036191843573,-0.998074016477,0.0449796754913,1e-06,0.0,0.0,0.0,0.0,0.0,0.0,1e-06,0.0,0.0,0.0,0.0,0.0,0.0,1e-06,0.0,0.0,0.0,0.0,0.0,0.0,1e-06,0.0,0.0,0.0,0.0,0.0,0.0,1e-06,0.0,0.0,0.0,0.0,0.0,0.0,1e-06,16.2531592587,-1.44477115138,-0.156813341977,0.0285957604647,0.0685666501522,-0.0675253495574,0.0001,0.0,0.0,0.0,0.0,0.0,0.0,0.0001,0.0,0.0,0.0,0.0,0.0,0.0,0.0001,0.0,0.0,0.0,0.0,0.0,0.0,0.0001,0.0,0.0,0.0,0.0,0.0,0.0,0.0001,0.0,0.0,0.0,0.0,0.0,0.0,0.0001
1532986798141448980,1073,1532986798139908089,map,base_link,-12.1339063644,-52.3548660278,50.0012130737,-0.0226988300423,-0.036191843573,-0.998074016477,0.0449796754913,1e-06,0.0,0.0,0.0,0.0,0.0,0.0,1e-06,0.0,0.0,0.0,0.0,0.0,0.0,1e-06,0.0,0.0,0.0,0.0,0.0,0.0,1e-06,0.0,0.0,0.0,0.0,0.0,0.0,1e-06,0.0,0.0,0.0,0.0,0.0,0.0,1e-06,16.2748352615,-1.63972857592,-0.469436181066,0.0285957604647,0.0685666501522,-0.0675253495574,0.0001,0.0,0.0,0.0,0.0,0.0,0.0,0.0001,0.0,0.0,0.0,0.0,0.0,0.0,0.0001,0.0,0.0,0.0,0.0,0.0,0.0,0.0001,0.0,0.0,0.0,0.0,0.0,0.0,0.0001,0.0,0.0,0.0,0.0,0.0,0.0,0.0001
1532986798362044924,1074,1532986798360414337,map,base_link,-15.7570581436,-52.3284492493,49.982334137,-0.0125443500111,-0.0683385832763,-0.996967101335,0.0350581827076,1e-06,0.0,0.0,0.0,0.0,0.0,0.0,1e-06,0.0,0.0,0.0,0.0,0.0,0.0,1e-06,0.0,0.0,0.0,0.0,0.0,0.0,1e-06,0.0,0.0,0.0,0.0,0.0,0.0,1e-06,0.0,0.0,0.0,0.0,0.0,0.0,1e-06,16.3484536722,-1.46946082777,-0.56462011678,0.0107912821695,0.0406484529376,0.00195961096324,0.0001,0.0,0.0,0.0,0.0,0.0,0.0,0.0001,0.0,0.0,0.0,0.0,0.0,0.0,0.0001,0.0,0.0,0.0,0.0,0.0,0.0,0.0001,0.0,0.0,0.0,0.0,0.0,0.0,0.0001,0.0,0.0,0.0,0.0,0.0,0.0,0.0001
1532986798598868563,1075,1532986798597295768,map,base_link,-19.7143421173,-52.2872505188,49.8722648621,-0.00492109578521,-0.0420995854377,-0.998586323488,0.0320743240657,1e-06,0.0,0.0,0.0,0.0,0.0,0.0,1e-06,0.0,0.0,0.0,0.0,0.0,0.0,1e-06,0.0,0.0,0.0,0.0,0.0,0.0,1e-06,0.0,0.0,0.0,0.0,0.0,0.0,1e-06,0.0,0.0,0.0,0.0,0.0,0.0,1e-06,16.4876614188,-1.43055702903,-0.516384813978,0.0214934423566,0.03013689816,-0.050488922745,0.0001,0.0,0.0,0.0,0.0,0.0,0.0,0.0001,0.0,0.0,0.0,0.0,0.0,0.0,0.0001,0.0,0.0,0.0,0.0,0.0,0.0,0.0001,0.0,0.0,0.0,0.0,0.0,0.0,0.0001,0.0,0.0,0.0,0.0,0.0,0.0,0.0001
1532986798864599763,1076,1532986798864028309,map,base_link,-24.0691204071,-52.2236099243,49.7678642273,-0.00492109578521,-0.0420995854377,-0.998586323488,0.0320743240657,1e-06,0.0,0.0,0.0,0.0,0.0,0.0,1e-06,0.0,0.0,0.0,0.0,0.0,0.0,1e-06,0.0,0.0,0.0,0.0,0.0,0.0,1e-06,0.0,0.0,0.0,0.0,0.0,0.0,1e-06,0.0,0.0,0.0,0.0,0.0,0.0,1e-06,16.6681891134,-1.52299925724,-0.41338183793,0.0214934423566,0.03013689816,-0.050488922745,0.0001,0.0,0.0,0.0,0.0,0.0,0.0,0.0001,0.0,0.0,0.0,0.0,0.0,0.0,0.0001,0.0,0.0,0.0,0.0,0.0,0.0,0.0001,0.0,0.0,0.0,0.0,0.0,0.0,0.0001,0.0,0.0,0.0,0.0,0.0,0.0,0.0001
1532986799115406496,1077,1532986799114612771,map,base_link,-28.1438503265,-52.1552314758,49.7096061707,-0.00509054814164,-0.0329140741493,-0.998915699175,0.0325296170281,1e-06,0.0,0.0,0.0,0.0,0.0,0.0,1e-06,0.0,0.0,0.0,0.0,0.0,0.0,1e-06,0.0,0.0,0.0,0.0,0.0,0.0,1e-06,0.0,0.0,0.0,0.0,0.0,0.0,1e-06,0.0,0.0,0.0,0.0,0.0,0.0,1e-06,16.8068707687,-1.53516577935,-0.24171466795,-0.0887525379658,-0.026161622256,0.0247761569917,0.0001,0.0,0.0,0.0,0.0,0.0,0.0,0.0001,0.0,0.0,0.0,0.0,0.0,0.0,0.0001,0.0,0.0,0.0,0.0,0.0,0.0,0.0001,0.0,0.0,0.0,0.0,0.0,0.0,0.0001,0.0,0.0,0.0,0.0,0.0,0.0,0.0001
1532986799400350919,1078,1532986799396374259,map,base_link,-33.278263092,-52.1215362549,49.7845458984,-0.00509054814164,-0.0329140741493,-0.998915699175,0.0325296170281,1e-06,0.0,0.0,0.0,0.0,0.0,0.0,1e-06,0.0,0.0,0.0,0.0,0.0,0.0,1e-06,0.0,0.0,0.0,0.0,0.0,0.0,1e-06,0.0,0.0,0.0,0.0,0.0,0.0,1e-06,0.0,0.0,0.0,0.0,0.0,0.0,1e-06,16.9282530294,-1.26220386845,0.273507935354,-0.0887525379658,-0.026161622256,0.0247761569917,0.0001,0.0,0.0,0.0,0.0,0.0,0.0,0.0001,0.0,0.0,0.0,0.0,0.0,0.0,0.0001,0.0,0.0,0.0,0.0,0.0,0.0,0.0001,0.0,0.0,0.0,0.0,0.0,0.0,0.0001,0.0,0.0,0.0,0.0,0.0,0.0,0.0001
1532986799592265701,1079,1532986799591181992,map,base_link,-36.3844947815,-52.1445999146,49.8741531372,-0.00698499812988,0.00370773450906,-0.999752348617,0.0208015369773,1e-06,0.0,0.0,0.0,0.0,0.0,0.0,1e-06,0.0,0.0,0.0,0.0,0.0,0.0,1e-06,0.0,0.0,0.0,0.0,0.0,0.0,1e-06,0.0,0.0,0.0,0.0,0.0,0.0,1e-06,0.0,0.0,0.0,0.0,0.0,0.0,1e-06,16.9839386995,-0.778176490482,0.15109235589,-0.0431515052915,0.00302076339722,-0.125758886337,0.0001,0.0,0.0,0.0,0.0,0.0,0.0,0.0001,0.0,0.0,0.0,0.0,0.0,0.0,0.0001,0.0,0.0,0.0,0.0,0.0,0.0,0.0001,0.0,0.0,0.0,0.0,0.0,0.0,0.0001,0.0,0.0,0.0,0.0,0.0,0.0,0.0001
1532986799843126386,1080,1532986799842253333,map,base_link,-40.8674621582,-52.2092475891,49.9557762146,-0.00729408032183,-0.0104519139994,-0.999873857556,0.00947749240246,1e-06,0.0,0.0,0.0,0.0,0.0,0.0,1e-06,0.0,0.0,0.0,0.0,0.0,0.0,1e-06,0.0,0.0,0.0,0.0,0.0,0.0,1e-06,0.0,0.0,0.0,0.0,0.0,0.0,1e-06,0.0,0.0,0.0,0.0,0.0,0.0,1e-06,16.9854121094,-0.333361626879,-0.0434134742395,0.200470343232,-0.0297564063221,-0.0801255702972,0.0001,0.0,0.0,0.0,0.0,0.0,0.0,0.0001,0.0,0.0,0.0,0.0,0.0,0.0,0.0001,0.0,0.0,0.0,0.0,0.0,0.0,0.0001,0.0,0.0,0.0,0.0,0.0,0.0,0.0001,0.0,0.0,0.0,0.0,0.0,0.0,0.0001
1532986800102396262,1081,1532986800102012455,map,base_link,-45.3156776428,-52.2624931335,50.001537323,-0.00729408032183,-0.0104519139994,-0.999873857556,0.00947749240246,1e-06,0.0,0.0,0.0,0.0,0.0,0.0,1e-06,0.0,0.0,0.0,0.0,0.0,0.0,1e-06,0.0,0.0,0.0,0.0,0.0,0.0,1e-06,0.0,0.0,0.0,0.0,0.0,0.0,1e-06,0.0,0.0,0.0,0.0,0.0,0.0,1e-06,16.9615228323,-0.383991849179,-0.313198186052,0.200470343232,-0.0297564063221,-0.0801255702972,0.0001,0.0,0.0,0.0,0.0,0.0,0.0,0.0001,0.0,0.0,0.0,0.0,0.0,0.0,0.0001,0.0,0.0,0.0,0.0,0.0,0.0,0.0001,0.0,0.0,0.0,0.0,0.0,0.0,0.0001,0.0,0.0,0.0,0.0,0.0,0.0,0.0001
1532986800304391174,1082,1532986800298644951,map,base_link,-48.6958808899,-52.2951545715,49.9829177856,-0.0119769137185,-0.0266195438389,-0.999502957656,0.011907605142,1e-06,0.0,0.0,0.0,0.0,0.0,0.0,1e-06,0.0,0.0,0.0,0.0,0.0,0.0,1e-06,0.0,0.0,0.0,0.0,0.0,0.0,1e-06,0.0,0.0,0.0,0.0,0.0,0.0,1e-06,0.0,0.0,0.0,0.0,0.0,0.0,1e-06,16.9168267587,-0.530888786077,-0.607815725483,0.0971023887396,-0.0103428922594,0.0383014678955,0.0001,0.0,0.0,0.0,0.0,0.0,0.0,0.0001,0.0,0.0,0.0,0.0,0.0,0.0,0.0001,0.0,0.0,0.0,0.0,0.0,0.0,0.0001,0.0,0.0,0.0,0.0,0.0,0.0,0.0001,0.0,0.0,0.0,0.0,0.0,0.0,0.0001
1532986800545780943,1083,1532986800545230001,map,base_link,-52.781627655,-52.3041801453,49.9583511353,-0.0181933211467,-0.0500485961449,-0.998443444444,0.0165779774451,1e-06,0.0,0.0,0.0,0.0,0.0,0.0,1e-06,0.0,0.0,0.0,0.0,0.0,0.0,1e-06,0.0,0.0,0.0,0.0,0.0,0.0,1e-06,0.0,0.0,0.0,0.0,0.0,0.0,1e-06,0.0,0.0,0.0,0.0,0.0,0.0,1e-06,16.8751775132,-0.831883895145,-0.568913284725,0.148733615875,-0.0622609630227,0.0366783887148,0.0001,0.0,0.0,0.0,0.0,0.0,0.0,0.0001,0.0,0.0,0.0,0.0,0.0,0.0,0.0001,0.0,0.0,0.0,0.0,0.0,0.0,0.0001,0.0,0.0,0.0,0.0,0.0,0.0,0.0001,0.0,0.0,0.0,0.0,0.0,0.0,0.0001
1532986800807631163,1084,1532986800806168703,map,base_link,-57.2159767151,-52.256980896,50.0529937744,-0.0278544380475,-0.0492727676209,-0.99817291797,0.0211459330133,1e-06,0.0,0.0,0.0,0.0,0.0,0.0,1e-06,0.0,0.0,0.0,0.0,0.0,0.0,1e-06,0.0,0.0,0.0,0.0,0.0,0.0,1e-06,0.0,0.0,0.0,0.0,0.0,0.0,1e-06,0.0,0.0,0.0,0.0,0.0,0.0,1e-06,16.8639585278,-1.16240504005,-0.369395982278,-0.144695609808,-0.0711450576782,0.0463412329555,0.0001,0.0,0.0,0.0,0.0,0.0,0.0,0.0001,0.0,0.0,0.0,0.0,0.0,0.0,0.0001,0.0,0.0,0.0,0.0,0.0,0.0,0.0001,0.0,0.0,0.0,0.0,0.0,0.0,0.0001,0.0,0.0,0.0,0.0,0.0,0.0,0.0001
1532986801060581537,1085,1532986801059658020,map,base_link,-61.6351509094,-52.1693611145,50.2416152954,-0.0278544380475,-0.0492727676209,-0.99817291797,0.0211459330133,1e-06,0.0,0.0,0.0,0.0,0.0,0.0,1e-06,0.0,0.0,0.0,0.0,0.0,0.0,1e-06,0.0,0.0,0.0,0.0,0.0,0.0,1e-06,0.0,0.0,0.0,0.0,0.0,0.0,1e-06,0.0,0.0,0.0,0.0,0.0,0.0,1e-06,16.7905990826,-1.18406379334,-0.230518084276,-0.144695609808,-0.0711450576782,0.0463412329555,0.0001,0.0,0.0,0.0,0.0,0.0,0.0,0.0001,0.0,0.0,0.0,0.0,0.0,0.0,0.0001,0.0,0.0,0.0,0.0,0.0,0.0,0.0001,0.0,0.0,0.0,0.0,0.0,0.0,0.0001,0.0,0.0,0.0,0.0,0.0,0.0,0.0001
1532986801305574304,1086,1532986801303128359,map,base_link,-65.7175827026,-52.1006698608,50.3838653564,-0.026306417497,-0.00712912319901,-0.999428993044,0.0199708753845,1e-06,0.0,0.0,0.0,0.0,0.0,0.0,1e-06,0.0,0.0,0.0,0.0,0.0,0.0,1e-06,0.0,0.0,0.0,0.0,0.0,0.0,1e-06,0.0,0.0,0.0,0.0,0.0,0.0,1e-06,0.0,0.0,0.0,0.0,0.0,0.0,1e-06,16.70589116,-1.09008841764,-0.466970330847,-0.154678478837,0.0288928262889,-0.0739655196667,0.0001,0.0,0.0,0.0,0.0,0.0,0.0,0.0001,0.0,0.0,0.0,0.0,0.0,0.0,0.0001,0.0,0.0,0.0,0.0,0.0,0.0,0.0001,0.0,0.0,0.0,0.0,0.0,0.0,0.0001,0.0,0.0,0.0,0.0,0.0,0.0,0.0001
1532986801557944456,1087,1532986801555864911,map,base_link,-69.779006958,-52.0553436279,50.4575958252,-0.026306417497,-0.00712912319901,-0.999428993044,0.0199708753845,1e-06,0.0,0.0,0.0,0.0,0.0,0.0,1e-06,0.0,0.0,0.0,0.0,0.0,0.0,1e-06,0.0,0.0,0.0,0.0,0.0,0.0,1e-06,0.0,0.0,0.0,0.0,0.0,0.0,1e-06,0.0,0.0,0.0,0.0,0.0,0.0,1e-06,16.6288851381,-1.00131446517,-0.768643913292,-0.154678478837,0.0288928262889,-0.0739655196667,0.0001,0.0,0.0,0.0,0.0,0.0,0.0,0.0001,0.0,0.0,0.0,0.0,0.0,0.0,0.0001,0.0,0.0,0.0,0.0,0.0,0.0,0.0001,0.0,0.0,0.0,0.0,0.0,0.0,0.0001,0.0,0.0,0.0,0.0,0.0,0.0,0.0001
1532986801802561544,1088,1532986801801867018,map,base_link,-74.1251754761,-52.0428543091,50.4343223572,-0.0187666375057,0.000333151515098,-0.999784673777,0.0088492037823,1e-06,0.0,0.0,0.0,0.0,0.0,0.0,1e-06,0.0,0.0,0.0,0.0,0.0,0.0,1e-06,0.0,0.0,0.0,0.0,0.0,0.0,1e-06,0.0,0.0,0.0,0.0,0.0,0.0,1e-06,0.0,0.0,0.0,0.0,0.0,0.0,1e-06,16.6047619046,-0.552300640371,-0.784718556697,0.0386164188385,0.0657638683915,-0.0552842505276,0.0001,0.0,0.0,0.0,0.0,0.0,0.0,0.0001,0.0,0.0,0.0,0.0,0.0,0.0,0.0001,0.0,0.0,0.0,0.0,0.0,0.0,0.0001,0.0,0.0,0.0,0.0,0.0,0.0,0.0001,0.0,0.0,0.0,0.0,0.0,0.0,0.0001
1532986802049453569,1089,1532986802048944098,map,base_link,-78.4816055298,-52.0274085999,50.4540405273,-0.0187666375057,0.000333151515098,-0.999784673777,0.0088492037823,1e-06,0.0,0.0,0.0,0.0,0.0,0.0,1e-06,0.0,0.0,0.0,0.0,0.0,0.0,1e-06,0.0,0.0,0.0,0.0,0.0,0.0,1e-06,0.0,0.0,0.0,0.0,0.0,0.0,1e-06,0.0,0.0,0.0,0.0,0.0,0.0,1e-06,16.6343093645,-0.562268854045,-0.506555046888,0.0386164188385,0.0657638683915,-0.0552842505276,0.0001,0.0,0.0,0.0,0.0,0.0,0.0,0.0001,0.0,0.0,0.0,0.0,0.0,0.0,0.0001,0.0,0.0,0.0,0.0,0.0,0.0,0.0001,0.0,0.0,0.0,0.0,0.0,0.0,0.0001,0.0,0.0,0.0,0.0,0.0,0.0,0.0001
1532986802323381576,1090,1532986802322843658,map,base_link,-82.5250396729,-52.002696991,50.458152771,-0.015973277115,-0.0173993805113,-0.999639927303,0.0127330953843,1e-06,0.0,0.0,0.0,0.0,0.0,0.0,1e-06,0.0,0.0,0.0,0.0,0.0,0.0,1e-06,0.0,0.0,0.0,0.0,0.0,0.0,1e-06,0.0,0.0,0.0,0.0,0.0,0.0,1e-06,0.0,0.0,0.0,0.0,0.0,0.0,1e-06,16.6215960099,-0.67602886578,-0.737669804861,0.0779655426741,0.0318297147751,0.0888739973307,0.0001,0.0,0.0,0.0,0.0,0.0,0.0,0.0001,0.0,0.0,0.0,0.0,0.0,0.0,0.0001,0.0,0.0,0.0,0.0,0.0,0.0,0.0001,0.0,0.0,0.0,0.0,0.0,0.0,0.0001,0.0,0.0,0.0,0.0,0.0,0.0,0.0001
1532986802566237549,1091,1532986802565097169,map,base_link,-86.5555419922,-51.9782714844,50.3699607849,-0.00917981759024,-0.0228370141793,-0.999407756722,0.0240486493641,1e-06,0.0,0.0,0.0,0.0,0.0,0.0,1e-06,0.0,0.0,0.0,0.0,0.0,0.0,1e-06,0.0,0.0,0.0,0.0,0.0,0.0,1e-06,0.0,0.0,0.0,0.0,0.0,0.0,1e-06,0.0,0.0,0.0,0.0,0.0,0.0,1e-06,16.6407166739,-1.04732408949,-0.695477746228,-0.053647454828,-0.0126654990017,0.038504447788,0.0001,0.0,0.0,0.0,0.0,0.0,0.0,0.0001,0.0,0.0,0.0,0.0,0.0,0.0,0.0001,0.0,0.0,0.0,0.0,0.0,0.0,0.0001,0.0,0.0,0.0,0.0,0.0,0.0,0.0001,0.0,0.0,0.0,0.0,0.0,0.0,0.0001
1532986802779952394,1092,1532986802778667470,map,base_link,-90.6280517578,-51.9846153259,50.2312011719,-0.00917981759024,-0.0228370141793,-0.999407756722,0.0240486493641,1e-06,0.0,0.0,0.0,0.0,0.0,0.0,1e-06,0.0,0.0,0.0,0.0,0.0,0.0,1e-06,0.0,0.0,0.0,0.0,0.0,0.0,1e-06,0.0,0.0,0.0,0.0,0.0,0.0,1e-06,0.0,0.0,0.0,0.0,0.0,0.0,1e-06,16.7207606725,-0.857177329969,-0.866678280587,-0.053647454828,-0.0126654990017,0.038504447788,0.0001,0.0,0.0,0.0,0.0,0.0,0.0,0.0001,0.0,0.0,0.0,0.0,0.0,0.0,0.0001,0.0,0.0,0.0,0.0,0.0,0.0,0.0001,0.0,0.0,0.0,0.0,0.0,0.0,0.0001,0.0,0.0,0.0,0.0,0.0,0.0,0.0001
1532986803023833772,1093,1532986803021951730,map,base_link,-94.7233505249,-52.0305633545,50.1180648804,-0.0045262207617,0.00776034519053,-0.999830911601,0.0160448924687,1e-06,0.0,0.0,0.0,0.0,0.0,0.0,1e-06,0.0,0.0,0.0,0.0,0.0,0.0,1e-06,0.0,0.0,0.0,0.0,0.0,0.0,1e-06,0.0,0.0,0.0,0.0,0.0,0.0,1e-06,0.0,0.0,0.0,0.0,0.0,0.0,1e-06,16.8368850791,-0.470009802617,-0.765808553394,-0.0433685444295,-0.00350021570921,-0.160097047687,0.0001,0.0,0.0,0.0,0.0,0.0,0.0,0.0001,0.0,0.0,0.0,0.0,0.0,0.0,0.0001,0.0,0.0,0.0,0.0,0.0,0.0,0.0001,0.0,0.0,0.0,0.0,0.0,0.0,0.0001,0.0,0.0,0.0,0.0,0.0,0.0,0.0001
1532986803282255106,1094,1532986803281338725,map,base_link,-98.8204727173,-52.0562591553,49.9480361938,-0.0045262207617,0.00776034519053,-0.999830911601,0.0160448924687,1e-06,0.0,0.0,0.0,0.0,0.0,0.0,1e-06,0.0,0.0,0.0,0.0,0.0,0.0,1e-06,0.0,0.0,0.0,0.0,0.0,0.0,1e-06,0.0,0.0,0.0,0.0,0.0,0.0,1e-06,0.0,0.0,0.0,0.0,0.0,0.0,1e-06,16.8842233068,-0.608185879274,-1.06600235825,-0.0433685444295,-0.00350021570921,-0.160097047687,0.0001,0.0,0.0,0.0,0.0,0.0,0.0,0.0001,0.0,0.0,0.0,0.0,0.0,0.0,0.0001,0.0,0.0,0.0,0.0,0.0,0.0,0.0001,0.0,0.0,0.0,0.0,0.0,0.0,0.0001,0.0,0.0,0.0,0.0,0.0,0.0,0.0001
1532986803501094927,1095,1532986803500555665,map,base_link,-102.909553528,-52.046005249,49.6796188354,-0.00292091910073,-0.0259089698721,-0.999579560065,0.0126845028565,1e-06,0.0,0.0,0.0,0.0,0.0,0.0,1e-06,0.0,0.0,0.0,0.0,0.0,0.0,1e-06,0.0,0.0,0.0,0.0,0.0,0.0,1e-06,0.0,0.0,0.0,0.0,0.0,0.0,1e-06,0.0,0.0,0.0,0.0,0.0,0.0,1e-06,16.9241204549,-0.576338210973,-1.20881964517,0.141489058733,-0.0307803247124,0.159616589546,0.0001,0.0,0.0,0.0,0.0,0.0,0.0,0.0001,0.0,0.0,0.0,0.0,0.0,0.0,0.0001,0.0,0.0,0.0,0.0,0.0,0.0,0.0001,0.0,0.0,0.0,0.0,0.0,0.0,0.0001,0.0,0.0,0.0,0.0,0.0,0.0,0.0001
1532986803755643025,1096,1532986803754396725,map,base_link,-107.022994995,-52.0565032959,49.3862495422,-0.0110972170671,-0.0101110016588,-0.999372842058,0.0320708898626,1e-06,0.0,0.0,0.0,0.0,0.0,0.0,1e-06,0.0,0.0,0.0,0.0,0.0,0.0,1e-06,0.0,0.0,0.0,0.0,0.0,0.0,1e-06,0.0,0.0,0.0,0.0,0.0,0.0,1e-06,0.0,0.0,0.0,0.0,0.0,0.0,1e-06,16.8928319933,-0.979327134796,-1.40129329669,-0.206204771996,0.00197745207697,0.0119118951261,0.0001,0.0,0.0,0.0,0.0,0.0,0.0,0.0001,0.0,0.0,0.0,0.0,0.0,0.0,0.0001,0.0,0.0,0.0,0.0,0.0,0.0,0.0001,0.0,0.0,0.0,0.0,0.0,0.0,0.0001,0.0,0.0,0.0,0.0,0.0,0.0,0.0001
1532986804011199120,1097,1532986804010933393,map,base_link,-111.459159851,-52.1582221985,49.113407135,-0.00920045772363,0.0128411729343,-0.999837436532,0.00869231637837,1e-06,0.0,0.0,0.0,0.0,0.0,0.0,1e-06,0.0,0.0,0.0,0.0,0.0,0.0,1e-06,0.0,0.0,0.0,0.0,0.0,0.0,1e-06,0.0,0.0,0.0,0.0,0.0,0.0,1e-06,0.0,0.0,0.0,0.0,0.0,0.0,1e-06,16.9395712377,0.0418724388304,-1.38556843727,0.0879094675183,-0.0175772793591,-0.20142544806,0.0001,0.0,0.0,0.0,0.0,0.0,0.0,0.0001,0.0,0.0,0.0,0.0,0.0,0.0,0.0001,0.0,0.0,0.0,0.0,0.0,0.0,0.0001,0.0,0.0,0.0,0.0,0.0,0.0,0.0001,0.0,0.0,0.0,0.0,0.0,0.0,0.0001
1532986804301092807,1098,1532986804296125078,map,base_link,-116.263931274,-52.2731895447,48.8249130249,-0.00920045772363,0.0128411729343,-0.999837436532,0.00869231637837,1e-06,0.0,0.0,0.0,0.0,0.0,0.0,1e-06,0.0,0.0,0.0,0.0,0.0,0.0,1e-06,0.0,0.0,0.0,0.0,0.0,0.0,1e-06,0.0,0.0,0.0,0.0,0.0,0.0,1e-06,0.0,0.0,0.0,0.0,0.0,0.0,1e-06,16.9572358857,-0.0568446011371,-1.10298896786,0.0879094675183,-0.0175772793591,-0.20142544806,0.0001,0.0,0.0,0.0,0.0,0.0,0.0,0.0001,0.0,0.0,0.0,0.0,0.0,0.0,0.0001,0.0,0.0,0.0,0.0,0.0,0.0,0.0001,0.0,0.0,0.0,0.0,0.0,0.0,0.0001,0.0,0.0,0.0,0.0,0.0,0.0,0.0001
1532986804512196108,1099,1532986804511828045,map,base_link,-120.374015808,-52.3251342773,48.6629104614,-0.0326129041436,-0.0478344611969,-0.998247986367,0.0122155850897,1e-06,0.0,0.0,0.0,0.0,0.0,0.0,1e-06,0.0,0.0,0.0,0.0,0.0,0.0,1e-06,0.0,0.0,0.0,0.0,0.0,0.0,1e-06,0.0,0.0,0.0,0.0,0.0,0.0,1e-06,0.0,0.0,0.0,0.0,0.0,0.0,1e-06,16.8568613892,-0.494517220915,-1.40903717695,0.111403413117,-0.094457603991,0.106227561831,0.0001,0.0,0.0,0.0,0.0,0.0,0.0,0.0001,0.0,0.0,0.0,0.0,0.0,0.0,0.0001,0.0,0.0,0.0,0.0,0.0,0.0,0.0001,0.0,0.0,0.0,0.0,0.0,0.0,0.0001,0.0,0.0,0.0,0.0,0.0,0.0,0.0001
1532986804726344583,1100,1532986804725675625,map,base_link,-123.789749146,-52.3161811829,48.6977386475,-0.0326129041436,-0.0478344611969,-0.998247986367,0.0122155850897,1e-06,0.0,0.0,0.0,0.0,0.0,0.0,1e-06,0.0,0.0,0.0,0.0,0.0,0.0,1e-06,0.0,0.0,0.0,0.0,0.0,0.0,1e-06,0.0,0.0,0.0,0.0,0.0,0.0,1e-06,0.0,0.0,0.0,0.0,0.0,0.0,1e-06,16.7911818394,-0.578017379156,-0.429490606509,0.111403413117,-0.094457603991,0.106227561831,0.0001,0.0,0.0,0.0,0.0,0.0,0.0,0.0001,0.0,0.0,0.0,0.0,0.0,0.0,0.0001,0.0,0.0,0.0,0.0,0.0,0.0,0.0001,0.0,0.0,0.0,0.0,0.0,0.0,0.0001,0.0,0.0,0.0,0.0,0.0,0.0,0.0001
1532986804944615990,1101,1532986804944203255,map,base_link,-127.518814087,-52.2762985229,48.9231681824,-0.0503363619798,-0.0474822385902,-0.997023056011,0.0340104904798,1e-06,0.0,0.0,0.0,0.0,0.0,0.0,1e-06,0.0,0.0,0.0,0.0,0.0,0.0,1e-06,0.0,0.0,0.0,0.0,0.0,0.0,1e-06,0.0,0.0,0.0,0.0,0.0,0.0,1e-06,0.0,0.0,0.0,0.0,0.0,0.0,1e-06,16.5819531891,-1.33752892549,-0.643572016845,-0.229410424829,-0.0545912906528,0.0890935063362,0.0001,0.0,0.0,0.0,0.0,0.0,0.0,0.0001,0.0,0.0,0.0,0.0,0.0,0.0,0.0001,0.0,0.0,0.0,0.0,0.0,0.0,0.0001,0.0,0.0,0.0,0.0,0.0,0.0,0.0001,0.0,0.0,0.0,0.0,0.0,0.0,0.0001
1532986805212057969,1102,1532986805211406867,map,base_link,-131.836166382,-52.2398147583,49.1929321289,-0.0503924955319,-0.0267944339738,-0.997984299297,0.0277487487743,1e-06,0.0,0.0,0.0,0.0,0.0,0.0,1e-06,0.0,0.0,0.0,0.0,0.0,0.0,1e-06,0.0,0.0,0.0,0.0,0.0,0.0,1e-06,0.0,0.0,0.0,0.0,0.0,0.0,1e-06,0.0,0.0,0.0,0.0,0.0,0.0,1e-06,16.3424729868,-1.14793483133,-0.802309863189,-0.0327319353819,0.0199949815869,-0.0790502503514,0.0001,0.0,0.0,0.0,0.0,0.0,0.0,0.0001,0.0,0.0,0.0,0.0,0.0,0.0,0.0001,0.0,0.0,0.0,0.0,0.0,0.0,0.0001,0.0,0.0,0.0,0.0,0.0,0.0,0.0001,0.0,0.0,0.0,0.0,0.0,0.0,0.0001
1532986805485151067,1103,1532986805484475101,map,base_link,-136.434249878,-52.1992530823,49.4366607666,-0.0503924955319,-0.0267944339738,-0.997984299297,0.0277487487743,1e-06,0.0,0.0,0.0,0.0,0.0,0.0,1e-06,0.0,0.0,0.0,0.0,0.0,0.0,1e-06,0.0,0.0,0.0,0.0,0.0,0.0,1e-06,0.0,0.0,0.0,0.0,0.0,0.0,1e-06,0.0,0.0,0.0,0.0,0.0,0.0,1e-06,16.0678704002,-1.18717590707,-0.76850868093,-0.0327319353819,0.0199949815869,-0.0790502503514,0.0001,0.0,0.0,0.0,0.0,0.0,0.0,0.0001,0.0,0.0,0.0,0.0,0.0,0.0,0.0001,0.0,0.0,0.0,0.0,0.0,0.0,0.0001,0.0,0.0,0.0,0.0,0.0,0.0,0.0001,0.0,0.0,0.0,0.0,0.0,0.0,0.0001
1532986805727977696,1104,1532986805727098179,map,base_link,-140.319259644,-52.1498184204,49.6350746155,-0.047263559309,-0.0187872836247,-0.998570347111,0.0164455406364,1e-06,0.0,0.0,0.0,0.0,0.0,0.0,1e-06,0.0,0.0,0.0,0.0,0.0,0.0,1e-06,0.0,0.0,0.0,0.0,0.0,0.0,1e-06,0.0,0.0,0.0,0.0,0.0,0.0,1e-06,0.0,0.0,0.0,0.0,0.0,0.0,1e-06,15.8943987381,-0.848162833982,-0.736566233953,-0.0686794891953,0.00388761330396,0.0361242070794,0.0001,0.0,0.0,0.0,0.0,0.0,0.0,0.0001,0.0,0.0,0.0,0.0,0.0,0.0,0.0001,0.0,0.0,0.0,0.0,0.0,0.0,0.0001,0.0,0.0,0.0,0.0,0.0,0.0,0.0001,0.0,0.0,0.0,0.0,0.0,0.0,0.0001
1532986805963059613,1105,1532986805962408927,map,base_link,-144.129058838,-52.0995559692,49.829624176,-0.047263559309,-0.0187872836247,-0.998570347111,0.0164455406364,1e-06,0.0,0.0,0.0,0.0,0.0,0.0,1e-06,0.0,0.0,0.0,0.0,0.0,0.0,1e-06,0.0,0.0,0.0,0.0,0.0,0.0,1e-06,0.0,0.0,0.0,0.0,0.0,0.0,1e-06,0.0,0.0,0.0,0.0,0.0,0.0,1e-06,15.7297415781,-0.777199150177,-0.738426145234,-0.0686794891953,0.00388761330396,0.0361242070794,0.0001,0.0,0.0,0.0,0.0,0.0,0.0,0.0001,0.0,0.0,0.0,0.0,0.0,0.0,0.0001,0.0,0.0,0.0,0.0,0.0,0.0,0.0001,0.0,0.0,0.0,0.0,0.0,0.0,0.0001,0.0,0.0,0.0,0.0,0.0,0.0,0.0001
1532986806194483844,1106,1532986806193999846,map,base_link,-147.91293335,-52.0607643127,50.0091133118,-0.0444854792056,-0.0100528355051,-0.998676913362,0.0237572169094,1e-06,0.0,0.0,0.0,0.0,0.0,0.0,1e-06,0.0,0.0,0.0,0.0,0.0,0.0,1e-06,0.0,0.0,0.0,0.0,0.0,0.0,1e-06,0.0,0.0,0.0,0.0,0.0,0.0,1e-06,0.0,0.0,0.0,0.0,0.0,0.0,1e-06,15.5955744265,-0.947169535205,-0.789520573678,0.0793780013919,0.0479581207037,-0.0183967985213,0.0001,0.0,0.0,0.0,0.0,0.0,0.0,0.0001,0.0,0.0,0.0,0.0,0.0,0.0,0.0001,0.0,0.0,0.0,0.0,0.0,0.0,0.0001,0.0,0.0,0.0,0.0,0.0,0.0,0.0001,0.0,0.0,0.0,0.0,0.0,0.0,0.0001
1532986806482019363,1107,1532986806480405287,map,base_link,-152.298446655,-52.0212173462,50.1281280518,-0.0444854792056,-0.0100528355051,-0.998676913362,0.0237572169094,1e-06,0.0,0.0,0.0,0.0,0.0,0.0,1e-06,0.0,0.0,0.0,0.0,0.0,0.0,1e-06,0.0,0.0,0.0,0.0,0.0,0.0,1e-06,0.0,0.0,0.0,0.0,0.0,0.0,1e-06,0.0,0.0,0.0,0.0,0.0,0.0,1e-06,15.4634559169,-0.964968952572,-1.18487889832,0.0793780013919,0.0479581207037,-0.0183967985213,0.0001,0.0,0.0,0.0,0.0,0.0,0.0,0.0001,0.0,0.0,0.0,0.0,0.0,0.0,0.0001,0.0,0.0,0.0,0.0,0.0,0.0,0.0001,0.0,0.0,0.0,0.0,0.0,0.0,0.0001,0.0,0.0,0.0,0.0,0.0,0.0,0.0001
1532986806718458779,1108,1532986806716795168,map,base_link,-156.023300171,-51.9650268555,50.1519012451,-0.0303622575759,-0.0245532939014,-0.999012016964,0.0212193080895,1e-06,0.0,0.0,0.0,0.0,0.0,0.0,1e-06,0.0,0.0,0.0,0.0,0.0,0.0,1e-06,0.0,0.0,0.0,0.0,0.0,0.0,1e-06,0.0,0.0,0.0,0.0,0.0,0.0,1e-06,0.0,0.0,0.0,0.0,0.0,0.0,1e-06,15.4390632415,-0.962497334992,-0.906286540796,0.152212202549,0.0349969938397,0.0279960408807,0.0001,0.0,0.0,0.0,0.0,0.0,0.0,0.0001,0.0,0.0,0.0,0.0,0.0,0.0,0.0001,0.0,0.0,0.0,0.0,0.0,0.0,0.0001,0.0,0.0,0.0,0.0,0.0,0.0,0.0001,0.0,0.0,0.0,0.0,0.0,0.0,0.0001
1532986806951750621,1109,1532986806950359777,map,base_link,-159.445999146,-51.8884391785,50.1271438599,-0.0303622575759,-0.0245532939014,-0.999012016964,0.0212193080895,1e-06,0.0,0.0,0.0,0.0,0.0,0.0,1e-06,0.0,0.0,0.0,0.0,0.0,0.0,1e-06,0.0,0.0,0.0,0.0,0.0,0.0,1e-06,0.0,0.0,0.0,0.0,0.0,0.0,1e-06,0.0,0.0,0.0,0.0,0.0,0.0,1e-06,15.4663500024,-1.04998228852,-1.12782424767,0.152212202549,0.0349969938397,0.0279960408807,0.0001,0.0,0.0,0.0,0.0,0.0,0.0,0.0001,0.0,0.0,0.0,0.0,0.0,0.0,0.0001,0.0,0.0,0.0,0.0,0.0,0.0,0.0001,0.0,0.0,0.0,0.0,0.0,0.0,0.0001,0.0,0.0,0.0,0.0,0.0,0.0,0.0001
1532986807194923649,1110,1532986807194447587,map,base_link,-163.498413086,-51.7761802673,50.0239334106,-0.0212635189219,-0.049166632362,-0.997982071446,0.0340923759317,1e-06,0.0,0.0,0.0,0.0,0.0,0.0,1e-06,0.0,0.0,0.0,0.0,0.0,0.0,1e-06,0.0,0.0,0.0,0.0,0.0,0.0,1e-06,0.0,0.0,0.0,0.0,0.0,0.0,1e-06,0.0,0.0,0.0,0.0,0.0,0.0,1e-06,15.5140964417,-1.59701142587,-1.12923259074,0.112094141543,0.0555086769164,0.0393789708614,0.0001,0.0,0.0,0.0,0.0,0.0,0.0,0.0001,0.0,0.0,0.0,0.0,0.0,0.0,0.0001,0.0,0.0,0.0,0.0,0.0,0.0,0.0001,0.0,0.0,0.0,0.0,0.0,0.0,0.0001,0.0,0.0,0.0,0.0,0.0,0.0,0.0001
1532986807454277302,1111,1532986807452865306,map,base_link,-167.255279541,-51.6499557495,49.8246231079,-0.00913924060668,-0.0734054505861,-0.996800975421,0.0302643272829,1e-06,0.0,0.0,0.0,0.0,0.0,0.0,1e-06,0.0,0.0,0.0,0.0,0.0,0.0,1e-06,0.0,0.0,0.0,0.0,0.0,0.0,1e-06,0.0,0.0,0.0,0.0,0.0,0.0,1e-06,0.0,0.0,0.0,0.0,0.0,0.0,1e-06,15.6435868866,-1.67915762581,-1.03907384125,0.168118953705,0.0427639558911,-0.0800063386559,0.0001,0.0,0.0,0.0,0.0,0.0,0.0,0.0001,0.0,0.0,0.0,0.0,0.0,0.0,0.0001,0.0,0.0,0.0,0.0,0.0,0.0,0.0001,0.0,0.0,0.0,0.0,0.0,0.0,0.0001,0.0,0.0,0.0,0.0,0.0,0.0,0.0001
1532986807671190634,1112,1532986807670920650,map,base_link,-171.048934937,-51.4738616943,49.5471992493,-0.00913924060668,-0.0734054505861,-0.996800975421,0.0302643272829,1e-06,0.0,0.0,0.0,0.0,0.0,0.0,1e-06,0.0,0.0,0.0,0.0,0.0,0.0,1e-06,0.0,0.0,0.0,0.0,0.0,0.0,1e-06,0.0,0.0,0.0,0.0,0.0,0.0,1e-06,0.0,0.0,0.0,0.0,0.0,0.0,1e-06,15.8444162744,-1.9903517436,-1.229663532,0.168118953705,0.0427639558911,-0.0800063386559,0.0001,0.0,0.0,0.0,0.0,0.0,0.0,0.0001,0.0,0.0,0.0,0.0,0.0,0.0,0.0001,0.0,0.0,0.0,0.0,0.0,0.0,0.0001,0.0,0.0,0.0,0.0,0.0,0.0,0.0001,0.0,0.0,0.0,0.0,0.0,0.0,0.0001
1532986807930856349,1113,1532986807929501633,map,base_link,-174.924789429,-51.20652771,49.2421188354,-0.00125504310034,-0.129549095443,-0.991533196693,0.00879639653707,1e-06,0.0,0.0,0.0,0.0,0.0,0.0,1e-06,0.0,0.0,0.0,0.0,0.0,0.0,1e-06,0.0,0.0,0.0,0.0,0.0,0.0,1e-06,0.0,0.0,0.0,0.0,0.0,0.0,1e-06,0.0,0.0,0.0,0.0,0.0,0.0,1e-06,16.1535847864,-1.85997100116,-0.718547461563,0.315899193287,-0.0557562112808,-0.117951363325,0.0001,0.0,0.0,0.0,0.0,0.0,0.0,0.0001,0.0,0.0,0.0,0.0,0.0,0.0,0.0001,0.0,0.0,0.0,0.0,0.0,0.0,0.0001,0.0,0.0,0.0,0.0,0.0,0.0,0.0001,0.0,0.0,0.0,0.0,0.0,0.0,0.0001
1532986808169137233,1114,1532986808167965876,map,base_link,-178.878707886,-50.795249939,48.9690361023,-0.00125504310034,-0.129549095443,-0.991533196693,0.00879639653707,1e-06,0.0,0.0,0.0,0.0,0.0,0.0,1e-06,0.0,0.0,0.0,0.0,0.0,0.0,1e-06,0.0,0.0,0.0,0.0,0.0,0.0,1e-06,0.0,0.0,0.0,0.0,0.0,0.0,1e-06,0.0,0.0,0.0,0.0,0.0,0.0,1e-06,16.3522156991,-2.52725008593,-0.48400174237,0.315899193287,-0.0557562112808,-0.117951363325,0.0001,0.0,0.0,0.0,0.0,0.0,0.0,0.0001,0.0,0.0,0.0,0.0,0.0,0.0,0.0001,0.0,0.0,0.0,0.0,0.0,0.0,0.0001,0.0,0.0,0.0,0.0,0.0,0.0,0.0001,0.0,0.0,0.0,0.0,0.0,0.0,0.0001
1532986808397961665,1115,1532986808397311619,map,base_link,-182.835144043,-50.197429657,48.7102050781,-0.0110028893247,-0.210858902977,-0.977227774033,-0.0210555721963,1e-06,0.0,0.0,0.0,0.0,0.0,0.0,1e-06,0.0,0.0,0.0,0.0,0.0,0.0,1e-06,0.0,0.0,0.0,0.0,0.0,0.0,1e-06,0.0,0.0,0.0,0.0,0.0,0.0,1e-06,0.0,0.0,0.0,0.0,0.0,0.0,1e-06,16.6095544119,-2.50117005088,-0.245463451406,0.267640650272,-0.112660482526,-0.187649324536,0.0001,0.0,0.0,0.0,0.0,0.0,0.0,0.0001,0.0,0.0,0.0,0.0,0.0,0.0,0.0001,0.0,0.0,0.0,0.0,0.0,0.0,0.0001,0.0,0.0,0.0,0.0,0.0,0.0,0.0001,0.0,0.0,0.0,0.0,0.0,0.0,0.0001
1532986808680702767,1116,1532986808680222768,map,base_link,-187.201751709,-49.2528800964,48.4666786194,-0.0110028893247,-0.210858902977,-0.977227774033,-0.0210555721963,1e-06,0.0,0.0,0.0,0.0,0.0,0.0,1e-06,0.0,0.0,0.0,0.0,0.0,0.0,1e-06,0.0,0.0,0.0,0.0,0.0,0.0,1e-06,0.0,0.0,0.0,0.0,0.0,0.0,1e-06,0.0,0.0,0.0,0.0,0.0,0.0,1e-06,16.6556216673,-3.58356590737,0.547322122326,0.267640650272,-0.112660482526,-0.187649324536,0.0001,0.0,0.0,0.0,0.0,0.0,0.0,0.0001,0.0,0.0,0.0,0.0,0.0,0.0,0.0001,0.0,0.0,0.0,0.0,0.0,0.0,0.0001,0.0,0.0,0.0,0.0,0.0,0.0,0.0001,0.0,0.0,0.0,0.0,0.0,0.0,0.0001
1532986808897984066,1117,1532986808897388771,map,base_link,-191.241073608,-48.0401954651,48.344203949,-0.0365936933851,-0.254183773202,-0.963533328919,-0.0751999674636,1e-06,0.0,0.0,0.0,0.0,0.0,0.0,1e-06,0.0,0.0,0.0,0.0,0.0,0.0,1e-06,0.0,0.0,0.0,0.0,0.0,0.0,1e-06,0.0,0.0,0.0,0.0,0.0,0.0,1e-06,0.0,0.0,0.0,0.0,0.0,0.0,1e-06,17.0669930447,-2.90551513271,0.604163505251,-0.0386033207178,-0.18157094717,-0.210762396455,0.0001,0.0,0.0,0.0,0.0,0.0,0.0,0.0001,0.0,0.0,0.0,0.0,0.0,0.0,0.0001,0.0,0.0,0.0,0.0,0.0,0.0,0.0001,0.0,0.0,0.0,0.0,0.0,0.0,0.0001,0.0,0.0,0.0,0.0,0.0,0.0,0.0001
1532986809208681019,1118,1532986809208127677,map,base_link,-196.270599365,-46.0816726685,48.290977478,-0.0587091486797,-0.266076553322,-0.953404303506,-0.129525046576,1e-06,0.0,0.0,0.0,0.0,0.0,0.0,1e-06,0.0,0.0,0.0,0.0,0.0,0.0,1e-06,0.0,0.0,0.0,0.0,0.0,0.0,1e-06,0.0,0.0,0.0,0.0,0.0,0.0,1e-06,0.0,0.0,0.0,0.0,0.0,0.0,1e-06,17.3914786997,-2.4705280454,0.393507926031,0.0834069624543,-0.173411518335,-0.290301382542,0.0001,0.0,0.0,0.0,0.0,0.0,0.0,0.0001,0.0,0.0,0.0,0.0,0.0,0.0,0.0001,0.0,0.0,0.0,0.0,0.0,0.0,0.0001,0.0,0.0,0.0,0.0,0.0,0.0,0.0001,0.0,0.0,0.0,0.0,0.0,0.0,0.0001
1532986809415135151,1119,1532986809413490996,map,base_link,-199.903213501,-44.3895072937,48.2331924438,-0.0587091486797,-0.266076553322,-0.953404303506,-0.129525046576,1e-06,0.0,0.0,0.0,0.0,0.0,0.0,1e-06,0.0,0.0,0.0,0.0,0.0,0.0,1e-06,0.0,0.0,0.0,0.0,0.0,0.0,1e-06,0.0,0.0,0.0,0.0,0.0,0.0,1e-06,0.0,0.0,0.0,0.0,0.0,0.0,1e-06,17.3609701644,-3.40928708441,0.609674659603,0.0834069624543,-0.173411518335,-0.290301382542,0.0001,0.0,0.0,0.0,0.0,0.0,0.0,0.0001,0.0,0.0,0.0,0.0,0.0,0.0,0.0001,0.0,0.0,0.0,0.0,0.0,0.0,0.0001,0.0,0.0,0.0,0.0,0.0,0.0,0.0001,0.0,0.0,0.0,0.0,0.0,0.0,0.0001
1532986809653946369,1120,1532986809652218950,map,base_link,-203.768539429,-42.3227462769,48.0772247314,-0.0742388445538,-0.304483716258,-0.924481051938,-0.217055396385,1e-06,0.0,0.0,0.0,0.0,0.0,0.0,1e-06,0.0,0.0,0.0,0.0,0.0,0.0,1e-06,0.0,0.0,0.0,0.0,0.0,0.0,1e-06,0.0,0.0,0.0,0.0,0.0,0.0,1e-06,0.0,0.0,0.0,0.0,0.0,0.0,1e-06,17.8058662804,-1.65084802775,-0.00537013570271,0.260525643826,-0.238664954901,-0.452609419823,0.0001,0.0,0.0,0.0,0.0,0.0,0.0,0.0001,0.0,0.0,0.0,0.0,0.0,0.0,0.0001,0.0,0.0,0.0,0.0,0.0,0.0,0.0001,0.0,0.0,0.0,0.0,0.0,0.0,0.0001,0.0,0.0,0.0,0.0,0.0,0.0,0.0001
1532986809888533728,1121,1532986809887795170,map,base_link,-207.169998169,-40.1492500305,47.8816223145,-0.0742388445538,-0.304483716258,-0.924481051938,-0.217055396385,1e-06,0.0,0.0,0.0,0.0,0.0,0.0,1e-06,0.0,0.0,0.0,0.0,0.0,0.0,1e-06,0.0,0.0,0.0,0.0,0.0,0.0,1e-06,0.0,0.0,0.0,0.0,0.0,0.0,1e-06,0.0,0.0,0.0,0.0,0.0,0.0,1e-06,17.8207753989,-2.93417866465,0.988904919657,0.260525643826,-0.238664954901,-0.452609419823,0.0001,0.0,0.0,0.0,0.0,0.0,0.0,0.0001,0.0,0.0,0.0,0.0,0.0,0.0,0.0001,0.0,0.0,0.0,0.0,0.0,0.0,0.0001,0.0,0.0,0.0,0.0,0.0,0.0,0.0001,0.0,0.0,0.0,0.0,0.0,0.0,0.0001
1532986810163237062,1122,1532986810162850983,map,base_link,-211.238220215,-36.8177032471,47.6808166504,-0.1274336757,-0.34088489106,-0.882892104482,-0.296748515055,1e-06,0.0,0.0,0.0,0.0,0.0,0.0,1e-06,0.0,0.0,0.0,0.0,0.0,0.0,1e-06,0.0,0.0,0.0,0.0,0.0,0.0,1e-06,0.0,0.0,0.0,0.0,0.0,0.0,1e-06,0.0,0.0,0.0,0.0,0.0,0.0,1e-06,18.1950216054,-2.09976023587,0.528279936005,0.0517732053995,-0.393487304449,-0.279468506575,0.0001,0.0,0.0,0.0,0.0,0.0,0.0,0.0001,0.0,0.0,0.0,0.0,0.0,0.0,0.0001,0.0,0.0,0.0,0.0,0.0,0.0,0.0001,0.0,0.0,0.0,0.0,0.0,0.0,0.0001,0.0,0.0,0.0,0.0,0.0,0.0,0.0001
1532986810386560678,1123,1532986810384818796,map,base_link,-214.130950928,-33.7924194336,47.5890007019,-0.167104955738,-0.315815011288,-0.866660816747,-0.348189375382,1e-06,0.0,0.0,0.0,0.0,0.0,0.0,1e-06,0.0,0.0,0.0,0.0,0.0,0.0,1e-06,0.0,0.0,0.0,0.0,0.0,0.0,1e-06,0.0,0.0,0.0,0.0,0.0,0.0,1e-06,0.0,0.0,0.0,0.0,0.0,0.0,1e-06,18.32916529,-2.11757462422,-0.325553227848,0.0339224711061,-0.410385102034,-0.183940589428,0.0001,0.0,0.0,0.0,0.0,0.0,0.0,0.0001,0.0,0.0,0.0,0.0,0.0,0.0,0.0001,0.0,0.0,0.0,0.0,0.0,0.0,0.0001,0.0,0.0,0.0,0.0,0.0,0.0,0.0001,0.0,0.0,0.0,0.0,0.0,0.0,0.0001
1532986810586989900,1124,1532986810585776303,map,base_link,-216.491577148,-30.7918872833,47.5587005615,-0.167104955738,-0.315815011288,-0.866660816747,-0.348189375382,1e-06,0.0,0.0,0.0,0.0,0.0,0.0,1e-06,0.0,0.0,0.0,0.0,0.0,0.0,1e-06,0.0,0.0,0.0,0.0,0.0,0.0,1e-06,0.0,0.0,0.0,0.0,0.0,0.0,1e-06,0.0,0.0,0.0,0.0,0.0,0.0,1e-06,18.2215955022,-3.19714457354,0.951033013436,0.0339224711061,-0.410385102034,-0.183940589428,0.0001,0.0,0.0,0.0,0.0,0.0,0.0,0.0001,0.0,0.0,0.0,0.0,0.0,0.0,0.0001,0.0,0.0,0.0,0.0,0.0,0.0,0.0001,0.0,0.0,0.0,0.0,0.0,0.0,0.0001,0.0,0.0,0.0,0.0,0.0,0.0,0.0001
1532986810862787055,1125,1532986810857827998,map,base_link,-219.383651733,-26.2497940063,47.5966033936,-0.20977456758,-0.297671820157,-0.841886748337,-0.398262251859,1e-06,0.0,0.0,0.0,0.0,0.0,0.0,1e-06,0.0,0.0,0.0,0.0,0.0,0.0,1e-06,0.0,0.0,0.0,0.0,0.0,0.0,1e-06,0.0,0.0,0.0,0.0,0.0,0.0,1e-06,0.0,0.0,0.0,0.0,0.0,0.0,1e-06,18.2861567645,-3.3261839101,0.246069013824,-0.128092572093,-0.318698585033,-0.269814491272,0.0001,0.0,0.0,0.0,0.0,0.0,0.0,0.0001,0.0,0.0,0.0,0.0,0.0,0.0,0.0001,0.0,0.0,0.0,0.0,0.0,0.0,0.0001,0.0,0.0,0.0,0.0,0.0,0.0,0.0001,0.0,0.0,0.0,0.0,0.0,0.0,0.0001
1532986811099710406,1126,1532986811098778985,map,base_link,-221.290145874,-22.4792709351,47.6513938904,-0.221668921505,-0.285241365487,-0.805168423832,-0.470323358889,1e-06,0.0,0.0,0.0,0.0,0.0,0.0,1e-06,0.0,0.0,0.0,0.0,0.0,0.0,1e-06,0.0,0.0,0.0,0.0,0.0,0.0,1e-06,0.0,0.0,0.0,0.0,0.0,0.0,1e-06,0.0,0.0,0.0,0.0,0.0,0.0,1e-06,18.5614082518,-1.9628310117,-0.422077718038,0.0078385239467,-0.242099434137,-0.432323485613,0.0001,0.0,0.0,0.0,0.0,0.0,0.0,0.0001,0.0,0.0,0.0,0.0,0.0,0.0,0.0001,0.0,0.0,0.0,0.0,0.0,0.0,0.0001,0.0,0.0,0.0,0.0,0.0,0.0,0.0001,0.0,0.0,0.0,0.0,0.0,0.0,0.0001
1532986811380743386,1127,1532986811380050268,map,base_link,-223.388366699,-17.1523532867,47.6854400635,-0.22798148253,-0.274786586964,-0.777111608489,-0.518280158988,1e-06,0.0,0.0,0.0,0.0,0.0,0.0,1e-06,0.0,0.0,0.0,0.0,0.0,0.0,1e-06,0.0,0.0,0.0,0.0,0.0,0.0,1e-06,0.0,0.0,0.0,0.0,0.0,0.0,1e-06,0.0,0.0,0.0,0.0,0.0,0.0,1e-06,18.6914186682,-1.78822483048,-0.360896054636,-0.128245919943,-0.271763920784,-0.415017068386,0.0001,0.0,0.0,0.0,0.0,0.0,0.0,0.0001,0.0,0.0,0.0,0.0,0.0,0.0,0.0001,0.0,0.0,0.0,0.0,0.0,0.0,0.0001,0.0,0.0,0.0,0.0,0.0,0.0,0.0001,0.0,0.0,0.0,0.0,0.0,0.0,0.0001
1532986811643174053,1128,1532986811640557964,map,base_link,-224.724151611,-12.3602657318,47.7010879517,-0.22798148253,-0.274786586964,-0.777111608489,-0.518280158988,1e-06,0.0,0.0,0.0,0.0,0.0,0.0,1e-06,0.0,0.0,0.0,0.0,0.0,0.0,1e-06,0.0,0.0,0.0,0.0,0.0,0.0,1e-06,0.0,0.0,0.0,0.0,0.0,0.0,1e-06,0.0,0.0,0.0,0.0,0.0,0.0,1e-06,18.5784644126,-3.1193075101,1.08427010845,-0.128245919943,-0.271763920784,-0.415017068386,0.0001,0.0,0.0,0.0,0.0,0.0,0.0,0.0001,0.0,0.0,0.0,0.0,0.0,0.0,0.0001,0.0,0.0,0.0,0.0,0.0,0.0,0.0001,0.0,0.0,0.0,0.0,0.0,0.0,0.0001,0.0,0.0,0.0,0.0,0.0,0.0,0.0001
1532986811901457596,1129,1532986811900656063,map,base_link,-225.537979126,-7.43049097061,47.7913398743,-0.246686585442,-0.220125087782,-0.720120519645,-0.610014025641,1e-06,0.0,0.0,0.0,0.0,0.0,0.0,1e-06,0.0,0.0,0.0,0.0,0.0,0.0,1e-06,0.0,0.0,0.0,0.0,0.0,0.0,1e-06,0.0,0.0,0.0,0.0,0.0,0.0,1e-06,0.0,0.0,0.0,0.0,0.0,0.0,1e-06,18.8274319339,-1.19515668368,-0.653093344618,-0.222489491105,-0.380289494991,-0.262591838837,0.0001,0.0,0.0,0.0,0.0,0.0,0.0,0.0001,0.0,0.0,0.0,0.0,0.0,0.0,0.0001,0.0,0.0,0.0,0.0,0.0,0.0,0.0001,0.0,0.0,0.0,0.0,0.0,0.0,0.0001,0.0,0.0,0.0,0.0,0.0,0.0,0.0001
1532986812092373246,1130,1532986812091848448,map,base_link,-225.829818726,-3.61234521866,47.9367446899,-0.244104738298,-0.161648145162,-0.692346297013,-0.659499324426,1e-06,0.0,0.0,0.0,0.0,0.0,0.0,1e-06,0.0,0.0,0.0,0.0,0.0,0.0,1e-06,0.0,0.0,0.0,0.0,0.0,0.0,1e-06,0.0,0.0,0.0,0.0,0.0,0.0,1e-06,0.0,0.0,0.0,0.0,0.0,0.0,1e-06,18.7129793797,-0.470491282044,-1.67526861052,-0.377469480038,-0.231603845954,-0.21913357079,0.0001,0.0,0.0,0.0,0.0,0.0,0.0,0.0001,0.0,0.0,0.0,0.0,0.0,0.0,0.0001,0.0,0.0,0.0,0.0,0.0,0.0,0.0001,0.0,0.0,0.0,0.0,0.0,0.0,0.0001,0.0,0.0,0.0,0.0,0.0,0.0,0.0001
1532986812389552673,1131,1532986812388718979,map,base_link,-225.789382935,1.63352966309,48.3289337158,-0.244104738298,-0.161648145162,-0.692346297013,-0.659499324426,1e-06,0.0,0.0,0.0,0.0,0.0,0.0,1e-06,0.0,0.0,0.0,0.0,0.0,0.0,1e-06,0.0,0.0,0.0,0.0,0.0,0.0,1e-06,0.0,0.0,0.0,0.0,0.0,0.0,1e-06,0.0,0.0,0.0,0.0,0.0,0.0,1e-06,18.5245264961,-1.58038948209,0.125028959944,-0.377469480038,-0.231603845954,-0.21913357079,0.0001,0.0,0.0,0.0,0.0,0.0,0.0,0.0001,0.0,0.0,0.0,0.0,0.0,0.0,0.0001,0.0,0.0,0.0,0.0,0.0,0.0,0.0001,0.0,0.0,0.0,0.0,0.0,0.0,0.0001,0.0,0.0,0.0,0.0,0.0,0.0,0.0001
1532986812609415468,1132,1532986812608670702,map,base_link,-225.414642334,5.69261074066,48.7673492432,-0.246459115022,-0.110560742587,-0.653522163104,-0.707066481424,1e-06,0.0,0.0,0.0,0.0,0.0,0.0,1e-06,0.0,0.0,0.0,0.0,0.0,0.0,1e-06,0.0,0.0,0.0,0.0,0.0,0.0,1e-06,0.0,0.0,0.0,0.0,0.0,0.0,1e-06,0.0,0.0,0.0,0.0,0.0,0.0,1e-06,18.3359459692,-0.634094393292,-1.21968501932,-0.401764631271,-0.14782294631,-0.13667562604,0.0001,0.0,0.0,0.0,0.0,0.0,0.0,0.0001,0.0,0.0,0.0,0.0,0.0,0.0,0.0001,0.0,0.0,0.0,0.0,0.0,0.0,0.0001,0.0,0.0,0.0,0.0,0.0,0.0,0.0001,0.0,0.0,0.0,0.0,0.0,0.0,0.0001
1532986812844867624,1133,1532986812843508812,map,base_link,-224.816253662,10.0249128342,49.2732696533,-0.246459115022,-0.110560742587,-0.653522163104,-0.707066481424,1e-06,0.0,0.0,0.0,0.0,0.0,0.0,1e-06,0.0,0.0,0.0,0.0,0.0,0.0,1e-06,0.0,0.0,0.0,0.0,0.0,0.0,1e-06,0.0,0.0,0.0,0.0,0.0,0.0,1e-06,0.0,0.0,0.0,0.0,0.0,0.0,1e-06,18.0973562875,-1.12907679684,-0.749319645669,-0.401764631271,-0.14782294631,-0.13667562604,0.0001,0.0,0.0,0.0,0.0,0.0,0.0,0.0001,0.0,0.0,0.0,0.0,0.0,0.0,0.0001,0.0,0.0,0.0,0.0,0.0,0.0,0.0001,0.0,0.0,0.0,0.0,0.0,0.0,0.0001,0.0,0.0,0.0,0.0,0.0,0.0,0.0001
1532986813104015677,1134,1532986813103055392,map,base_link,-224.079727173,14.628528595,49.8366508484,-0.160194970248,-0.0295626204151,-0.636494967125,-0.753881807584,1e-06,0.0,0.0,0.0,0.0,0.0,0.0,1e-06,0.0,0.0,0.0,0.0,0.0,0.0,1e-06,0.0,0.0,0.0,0.0,0.0,0.0,1e-06,0.0,0.0,0.0,0.0,0.0,0.0,1e-06,0.0,0.0,0.0,0.0,0.0,0.0,1e-06,17.8989935456,-0.0639856958271,-1.11785120401,-0.665413677692,0.0316525511444,-0.252888560295,0.0001,0.0,0.0,0.0,0.0,0.0,0.0,0.0001,0.0,0.0,0.0,0.0,0.0,0.0,0.0001,0.0,0.0,0.0,0.0,0.0,0.0,0.0001,0.0,0.0,0.0,0.0,0.0,0.0,0.0001,0.0,0.0,0.0,0.0,0.0,0.0,0.0001
1532986813368724033,1135,1532986813366658535,map,base_link,-223.300216675,19.1333065033,50.363243103,-0.0977535659938,0.00112432864911,-0.596359770631,-0.796742116493,1e-06,0.0,0.0,0.0,0.0,0.0,0.0,1e-06,0.0,0.0,0.0,0.0,0.0,0.0,1e-06,0.0,0.0,0.0,0.0,0.0,0.0,1e-06,0.0,0.0,0.0,0.0,0.0,0.0,1e-06,0.0,0.0,0.0,0.0,0.0,0.0,1e-06,17.6117682071,1.71639862451,-0.806874475926,-0.128694459796,0.024593340233,-0.171166092157,0.0001,0.0,0.0,0.0,0.0,0.0,0.0,0.0001,0.0,0.0,0.0,0.0,0.0,0.0,0.0001,0.0,0.0,0.0,0.0,0.0,0.0,0.0001,0.0,0.0,0.0,0.0,0.0,0.0,0.0001,0.0,0.0,0.0,0.0,0.0,0.0,0.0001
1532986813643267431,1136,1532986813638697652,map,base_link,-222.489013672,23.5681171417,50.8456230164,-0.0977535659938,0.00112432864911,-0.596359770631,-0.796742116493,1e-06,0.0,0.0,0.0,0.0,0.0,0.0,1e-06,0.0,0.0,0.0,0.0,0.0,0.0,1e-06,0.0,0.0,0.0,0.0,0.0,0.0,1e-06,0.0,0.0,0.0,0.0,0.0,0.0,1e-06,0.0,0.0,0.0,0.0,0.0,0.0,1e-06,17.3556859916,1.4981343038,-0.963571642288,-0.128694459796,0.024593340233,-0.171166092157,0.0001,0.0,0.0,0.0,0.0,0.0,0.0,0.0001,0.0,0.0,0.0,0.0,0.0,0.0,0.0001,0.0,0.0,0.0,0.0,0.0,0.0,0.0001,0.0,0.0,0.0,0.0,0.0,0.0,0.0001,0.0,0.0,0.0,0.0,0.0,0.0,0.0001
1532986813860138074,1137,1532986813859325693,map,base_link,-221.792938232,27.2244682312,51.188041687,-0.0765294777095,0.0129991776533,-0.58693263022,-0.805905917589,1e-06,0.0,0.0,0.0,0.0,0.0,0.0,1e-06,0.0,0.0,0.0,0.0,0.0,0.0,1e-06,0.0,0.0,0.0,0.0,0.0,0.0,1e-06,0.0,0.0,0.0,0.0,0.0,0.0,1e-06,0.0,0.0,0.0,0.0,0.0,0.0,1e-06,17.068999758,1.87748354887,-1.16855637059,-0.241893053055,0.0231905244291,-0.0143184093758,0.0001,0.0,0.0,0.0,0.0,0.0,0.0,0.0001,0.0,0.0,0.0,0.0,0.0,0.0,0.0001,0.0,0.0,0.0,0.0,0.0,0.0,0.0001,0.0,0.0,0.0,0.0,0.0,0.0,0.0001,0.0,0.0,0.0,0.0,0.0,0.0,0.0001
1532986814124344831,1138,1532986814122209702,map,base_link,-220.929885864,31.8294944763,51.4759216309,-0.0106760256052,0.0437543432792,-0.585194068301,-0.809641576469,1e-06,0.0,0.0,0.0,0.0,0.0,0.0,1e-06,0.0,0.0,0.0,0.0,0.0,0.0,1e-06,0.0,0.0,0.0,0.0,0.0,0.0,1e-06,0.0,0.0,0.0,0.0,0.0,0.0,1e-06,0.0,0.0,0.0,0.0,0.0,0.0,1e-06,16.8443258344,2.14084840157,-0.87795763356,-0.284328281879,0.0549972206354,0.00149700511247,0.0001,0.0,0.0,0.0,0.0,0.0,0.0,0.0001,0.0,0.0,0.0,0.0,0.0,0.0,0.0001,0.0,0.0,0.0,0.0,0.0,0.0,0.0001,0.0,0.0,0.0,0.0,0.0,0.0,0.0001,0.0,0.0,0.0,0.0,0.0,0.0,0.0001
1532986814382033176,1139,1532986814379651103,map,base_link,-220.246368408,35.7111091614,51.6536026001,-0.0106760256052,0.0437543432792,-0.585194068301,-0.809641576469,1e-06,0.0,0.0,0.0,0.0,0.0,0.0,1e-06,0.0,0.0,0.0,0.0,0.0,0.0,1e-06,0.0,0.0,0.0,0.0,0.0,0.0,1e-06,0.0,0.0,0.0,0.0,0.0,0.0,1e-06,0.0,0.0,0.0,0.0,0.0,0.0,1e-06,16.7245890067,2.30938789283,-0.981916161835,-0.284328281879,0.0549972206354,0.00149700511247,0.0001,0.0,0.0,0.0,0.0,0.0,0.0,0.0001,0.0,0.0,0.0,0.0,0.0,0.0,0.0001,0.0,0.0,0.0,0.0,0.0,0.0,0.0001,0.0,0.0,0.0,0.0,0.0,0.0,0.0001,0.0,0.0,0.0,0.0,0.0,0.0,0.0001
1532986814581149729,1140,1532986814579910148,map,base_link,-219.704284668,38.9218444824,51.7822151184,0.00763320869703,0.0483318179685,-0.593170998814,-0.803588162968,1e-06,0.0,0.0,0.0,0.0,0.0,0.0,1e-06,0.0,0.0,0.0,0.0,0.0,0.0,1e-06,0.0,0.0,0.0,0.0,0.0,0.0,1e-06,0.0,0.0,0.0,0.0,0.0,0.0,1e-06,0.0,0.0,0.0,0.0,0.0,0.0,1e-06,16.7334495752,2.11323091327,-0.665912351219,-0.101801514626,-0.00339312851429,0.084725536406,0.0001,0.0,0.0,0.0,0.0,0.0,0.0,0.0001,0.0,0.0,0.0,0.0,0.0,0.0,0.0001,0.0,0.0,0.0,0.0,0.0,0.0,0.0001,0.0,0.0,0.0,0.0,0.0,0.0,0.0001,0.0,0.0,0.0,0.0,0.0,0.0,0.0001
1532986814853744588,1141,1532986814852712336,map,base_link,-219.016571045,43.4210510254,51.9844284058,0.00763320869703,0.0483318179685,-0.593170998814,-0.803588162968,1e-06,0.0,0.0,0.0,0.0,0.0,0.0,1e-06,0.0,0.0,0.0,0.0,0.0,0.0,1e-06,0.0,0.0,0.0,0.0,0.0,0.0,1e-06,0.0,0.0,0.0,0.0,0.0,0.0,1e-06,0.0,0.0,0.0,0.0,0.0,0.0,1e-06,16.6282695787,2.496907047,-0.446279901018,-0.101801514626,-0.00339312851429,0.084725536406,0.0001,0.0,0.0,0.0,0.0,0.0,0.0,0.0001,0.0,0.0,0.0,0.0,0.0,0.0,0.0001,0.0,0.0,0.0,0.0,0.0,0.0,0.0001,0.0,0.0,0.0,0.0,0.0,0.0,0.0001,0.0,0.0,0.0,0.0,0.0,0.0,0.0001
1532986815058490724,1142,1532986815058025798,map,base_link,-218.57208252,46.9483337402,52.1532402039,0.0429591702658,0.0707097189167,-0.623346035914,-0.777556663435,1e-06,0.0,0.0,0.0,0.0,0.0,0.0,1e-06,0.0,0.0,0.0,0.0,0.0,0.0,1e-06,0.0,0.0,0.0,0.0,0.0,0.0,1e-06,0.0,0.0,0.0,0.0,0.0,0.0,1e-06,0.0,0.0,0.0,0.0,0.0,0.0,1e-06,16.6768705329,1.62124855677,-0.300110042998,-0.277765125036,0.000262791290879,0.227145090699,0.0001,0.0,0.0,0.0,0.0,0.0,0.0,0.0001,0.0,0.0,0.0,0.0,0.0,0.0,0.0001,0.0,0.0,0.0,0.0,0.0,0.0,0.0001,0.0,0.0,0.0,0.0,0.0,0.0,0.0001,0.0,0.0,0.0,0.0,0.0,0.0,0.0001
1532986815302346247,1143,1532986815301707305,map,base_link,-218.251190186,50.433631897,52.2602386475,0.0429591702658,0.0707097189167,-0.623346035914,-0.777556663435,1e-06,0.0,0.0,0.0,0.0,0.0,0.0,1e-06,0.0,0.0,0.0,0.0,0.0,0.0,1e-06,0.0,0.0,0.0,0.0,0.0,0.0,1e-06,0.0,0.0,0.0,0.0,0.0,0.0,1e-06,0.0,0.0,0.0,0.0,0.0,0.0,1e-06,16.5619985372,2.19784528583,-0.418778528987,-0.277765125036,0.000262791290879,0.227145090699,0.0001,0.0,0.0,0.0,0.0,0.0,0.0,0.0001,0.0,0.0,0.0,0.0,0.0,0.0,0.0001,0.0,0.0,0.0,0.0,0.0,0.0,0.0001,0.0,0.0,0.0,0.0,0.0,0.0,0.0001,0.0,0.0,0.0,0.0,0.0,0.0,0.0001
1532986815522803055,1144,1532986815521168308,map,base_link,-218.049880981,54.2361946106,52.3138847351,0.0722363516596,0.0896315947264,-0.653714585735,-0.747934039286,1e-06,0.0,0.0,0.0,0.0,0.0,0.0,1e-06,0.0,0.0,0.0,0.0,0.0,0.0,1e-06,0.0,0.0,0.0,0.0,0.0,0.0,1e-06,0.0,0.0,0.0,0.0,0.0,0.0,1e-06,0.0,0.0,0.0,0.0,0.0,0.0,1e-06,16.6241029798,1.4256675602,-0.339746644827,0.0245188120753,0.00646372837946,0.0933461636305,0.0001,0.0,0.0,0.0,0.0,0.0,0.0,0.0001,0.0,0.0,0.0,0.0,0.0,0.0,0.0001,0.0,0.0,0.0,0.0,0.0,0.0,0.0001,0.0,0.0,0.0,0.0,0.0,0.0,0.0001,0.0,0.0,0.0,0.0,0.0,0.0,0.0001
1532986815787296852,1145,1532986815781961604,map,base_link,-218.001190186,57.9972991943,52.3066062927,0.0923034862599,0.100006044335,-0.666466084994,-0.733008741472,1e-06,0.0,0.0,0.0,0.0,0.0,0.0,1e-06,0.0,0.0,0.0,0.0,0.0,0.0,1e-06,0.0,0.0,0.0,0.0,0.0,0.0,1e-06,0.0,0.0,0.0,0.0,0.0,0.0,1e-06,0.0,0.0,0.0,0.0,0.0,0.0,1e-06,16.6146397063,1.42332832343,-0.295606145027,-0.197508648038,0.00499055813998,0.142483353615,0.0001,0.0,0.0,0.0,0.0,0.0,0.0,0.0001,0.0,0.0,0.0,0.0,0.0,0.0,0.0001,0.0,0.0,0.0,0.0,0.0,0.0,0.0001,0.0,0.0,0.0,0.0,0.0,0.0,0.0001,0.0,0.0,0.0,0.0,0.0,0.0,0.0001
1532986816023973836,1146,1532986816023711340,map,base_link,-218.125183105,62.0338363647,52.2055549622,0.0923034862599,0.100006044335,-0.666466084994,-0.733008741472,1e-06,0.0,0.0,0.0,0.0,0.0,0.0,1e-06,0.0,0.0,0.0,0.0,0.0,0.0,1e-06,0.0,0.0,0.0,0.0,0.0,0.0,1e-06,0.0,0.0,0.0,0.0,0.0,0.0,1e-06,0.0,0.0,0.0,0.0,0.0,0.0,1e-06,16.5205149409,2.22074295303,-0.53517249633,-0.197508648038,0.00499055813998,0.142483353615,0.0001,0.0,0.0,0.0,0.0,0.0,0.0,0.0001,0.0,0.0,0.0,0.0,0.0,0.0,0.0001,0.0,0.0,0.0,0.0,0.0,0.0,0.0001,0.0,0.0,0.0,0.0,0.0,0.0,0.0001,0.0,0.0,0.0,0.0,0.0,0.0,0.0001
1532986816294523678,1147,1532986816294123519,map,base_link,-218.419281006,66.0466766357,51.9799766541,0.102517344306,0.100528989745,-0.699973875872,-0.699586084363,1e-06,0.0,0.0,0.0,0.0,0.0,0.0,1e-06,0.0,0.0,0.0,0.0,0.0,0.0,1e-06,0.0,0.0,0.0,0.0,0.0,0.0,1e-06,0.0,0.0,0.0,0.0,0.0,0.0,1e-06,0.0,0.0,0.0,0.0,0.0,0.0,1e-06,16.6782881759,1.38341435377,-0.706055128367,0.254523783922,-0.0233824364841,0.236383840442,0.0001,0.0,0.0,0.0,0.0,0.0,0.0,0.0001,0.0,0.0,0.0,0.0,0.0,0.0,0.0001,0.0,0.0,0.0,0.0,0.0,0.0,0.0001,0.0,0.0,0.0,0.0,0.0,0.0,0.0001,0.0,0.0,0.0,0.0,0.0,0.0,0.0001
1532986816539030046,1148,1532986816538478464,map,base_link,-218.817962646,69.7804870605,51.6969833374,0.102517344306,0.100528989745,-0.699973875872,-0.699586084363,1e-06,0.0,0.0,0.0,0.0,0.0,0.0,1e-06,0.0,0.0,0.0,0.0,0.0,0.0,1e-06,0.0,0.0,0.0,0.0,0.0,0.0,1e-06,0.0,0.0,0.0,0.0,0.0,0.0,1e-06,0.0,0.0,0.0,0.0,0.0,0.0,1e-06,16.7584209178,1.90005505142,-0.572103806125,0.254523783922,-0.0233824364841,0.236383840442,0.0001,0.0,0.0,0.0,0.0,0.0,0.0,0.0001,0.0,0.0,0.0,0.0,0.0,0.0,0.0001,0.0,0.0,0.0,0.0,0.0,0.0,0.0001,0.0,0.0,0.0,0.0,0.0,0.0,0.0001,0.0,0.0,0.0,0.0,0.0,0.0,0.0001
1532986816787637138,1149,1532986816785324217,map,base_link,-219.320129395,73.5283432007,51.4341964722,0.0515200859914,0.0488786621479,-0.751259259609,-0.656175343927,1e-06,0.0,0.0,0.0,0.0,0.0,0.0,1e-06,0.0,0.0,0.0,0.0,0.0,0.0,1e-06,0.0,0.0,0.0,0.0,0.0,0.0,1e-06,0.0,0.0,0.0,0.0,0.0,0.0,1e-06,0.0,0.0,0.0,0.0,0.0,0.0,1e-06,16.966206772,-0.0335354969502,-0.861520125302,0.278743207455,-0.0769246593118,0.363149672747,0.0001,0.0,0.0,0.0,0.0,0.0,0.0,0.0001,0.0,0.0,0.0,0.0,0.0,0.0,0.0001,0.0,0.0,0.0,0.0,0.0,0.0,0.0001,0.0,0.0,0.0,0.0,0.0,0.0,0.0001,0.0,0.0,0.0,0.0,0.0,0.0,0.0001
1532986817008943928,1150,1532986817008275450,map,base_link,-219.916397095,77.259513855,51.1328735352,0.0515200859914,0.0488786621479,-0.751259259609,-0.656175343927,1e-06,0.0,0.0,0.0,0.0,0.0,0.0,1e-06,0.0,0.0,0.0,0.0,0.0,0.0,1e-06,0.0,0.0,0.0,0.0,0.0,0.0,1e-06,0.0,0.0,0.0,0.0,0.0,0.0,1e-06,0.0,0.0,0.0,0.0,0.0,0.0,1e-06,17.0214312693,0.459925263528,-0.979812682608,0.278743207455,-0.0769246593118,0.363149672747,0.0001,0.0,0.0,0.0,0.0,0.0,0.0,0.0001,0.0,0.0,0.0,0.0,0.0,0.0,0.0001,0.0,0.0,0.0,0.0,0.0,0.0,0.0001,0.0,0.0,0.0,0.0,0.0,0.0,0.0001,0.0,0.0,0.0,0.0,0.0,0.0,0.0001
1532986817258112427,1151,1532986817257421517,map,base_link,-220.668716431,81.3056259155,50.7789573669,0.0353544411561,0.0341882417933,-0.79408128634,-0.605818568796,1e-06,0.0,0.0,0.0,0.0,0.0,0.0,1e-06,0.0,0.0,0.0,0.0,0.0,0.0,1e-06,0.0,0.0,0.0,0.0,0.0,0.0,1e-06,0.0,0.0,0.0,0.0,0.0,0.0,1e-06,0.0,0.0,0.0,0.0,0.0,0.0,1e-06,17.0563504737,-1.38164555017,-1.16598354366,0.112705655396,0.0204443801194,0.0803835839033,0.0001,0.0,0.0,0.0,0.0,0.0,0.0,0.0001,0.0,0.0,0.0,0.0,0.0,0.0,0.0001,0.0,0.0,0.0,0.0,0.0,0.0,0.0001,0.0,0.0,0.0,0.0,0.0,0.0,0.0001,0.0,0.0,0.0,0.0,0.0,0.0,0.0001
1532986817506815582,1152,1532986817506083265,map,base_link,-221.465393066,85.1168746948,50.4500274658,0.0134981072058,0.0110190235852,-0.796771138118,-0.604029912905,1e-06,0.0,0.0,0.0,0.0,0.0,0.0,1e-06,0.0,0.0,0.0,0.0,0.0,0.0,1e-06,0.0,0.0,0.0,0.0,0.0,0.0,1e-06,0.0,0.0,0.0,0.0,0.0,0.0,1e-06,0.0,0.0,0.0,0.0,0.0,0.0,1e-06,17.1595459489,-1.27183991175,-1.1942944837,0.201393052936,-0.011182423681,-0.0479110181332,0.0001,0.0,0.0,0.0,0.0,0.0,0.0,0.0001,0.0,0.0,0.0,0.0,0.0,0.0,0.0001,0.0,0.0,0.0,0.0,0.0,0.0,0.0001,0.0,0.0,0.0,0.0,0.0,0.0,0.0001,0.0,0.0,0.0,0.0,0.0,0.0,0.0001
1532986817766165970,1153,1532986817765288565,map,base_link,-222.378921509,89.2750244141,50.073009491,0.0134981072058,0.0110190235852,-0.796771138118,-0.604029912905,1e-06,0.0,0.0,0.0,0.0,0.0,0.0,1e-06,0.0,0.0,0.0,0.0,0.0,0.0,1e-06,0.0,0.0,0.0,0.0,0.0,0.0,1e-06,0.0,0.0,0.0,0.0,0.0,0.0,1e-06,0.0,0.0,0.0,0.0,0.0,0.0,1e-06,17.2664197141,-1.16187363483,-1.31747733577,0.201393052936,-0.011182423681,-0.0479110181332,0.0001,0.0,0.0,0.0,0.0,0.0,0.0,0.0001,0.0,0.0,0.0,0.0,0.0,0.0,0.0001,0.0,0.0,0.0,0.0,0.0,0.0,0.0001,0.0,0.0,0.0,0.0,0.0,0.0,0.0001,0.0,0.0,0.0,0.0,0.0,0.0,0.0001
1532986818017096927,1154,1532986818015834083,map,base_link,-223.204071045,93.1410140991,49.7340698242,-0.0361996046835,-0.0315911832864,-0.791248209352,-0.609604672683,1e-06,0.0,0.0,0.0,0.0,0.0,0.0,1e-06,0.0,0.0,0.0,0.0,0.0,0.0,1e-06,0.0,0.0,0.0,0.0,0.0,0.0,1e-06,0.0,0.0,0.0,0.0,0.0,0.0,1e-06,0.0,0.0,0.0,0.0,0.0,0.0,1e-06,17.3450371682,-1.19747390835,-1.4122924594,0.21444119513,-0.0943811684847,0.00933444872499,0.0001,0.0,0.0,0.0,0.0,0.0,0.0,0.0001,0.0,0.0,0.0,0.0,0.0,0.0,0.0001,0.0,0.0,0.0,0.0,0.0,0.0,0.0001,0.0,0.0,0.0,0.0,0.0,0.0,0.0001,0.0,0.0,0.0,0.0,0.0,0.0,0.0001
1532986818261976287,1155,1532986818261176289,map,base_link,-224.026077271,97.4062957764,49.4797592163,-0.0361996046835,-0.0315911832864,-0.791248209352,-0.609604672683,1e-06,0.0,0.0,0.0,0.0,0.0,0.0,1e-06,0.0,0.0,0.0,0.0,0.0,0.0,1e-06,0.0,0.0,0.0,0.0,0.0,0.0,1e-06,0.0,0.0,0.0,0.0,0.0,0.0,1e-06,0.0,0.0,0.0,0.0,0.0,0.0,1e-06,17.4167355311,-1.45369124445,-0.941470417266,0.21444119513,-0.0943811684847,0.00933444872499,0.0001,0.0,0.0,0.0,0.0,0.0,0.0,0.0001,0.0,0.0,0.0,0.0,0.0,0.0,0.0001,0.0,0.0,0.0,0.0,0.0,0.0,0.0001,0.0,0.0,0.0,0.0,0.0,0.0,0.0001,0.0,0.0,0.0,0.0,0.0,0.0,0.0001
1532986818541847893,1156,1532986818541272278,map,base_link,-224.814575195,102.035346985,49.2840919495,-0.0746992772693,-0.0452459398362,-0.799839253124,-0.593826567329,1e-06,0.0,0.0,0.0,0.0,0.0,0.0,1e-06,0.0,0.0,0.0,0.0,0.0,0.0,1e-06,0.0,0.0,0.0,0.0,0.0,0.0,1e-06,0.0,0.0,0.0,0.0,0.0,0.0,1e-06,0.0,0.0,0.0,0.0,0.0,0.0,1e-06,17.247128142,-2.40256944106,-1.5187030407,-0.0775449573994,-0.0254752710462,0.0415174812078,0.0001,0.0,0.0,0.0,0.0,0.0,0.0,0.0001,0.0,0.0,0.0,0.0,0.0,0.0,0.0001,0.0,0.0,0.0,0.0,0.0,0.0,0.0001,0.0,0.0,0.0,0.0,0.0,0.0,0.0001,0.0,0.0,0.0,0.0,0.0,0.0,0.0001
1532986818760210148,1157,1532986818759547622,map,base_link,-225.378509521,105.664543152,49.1231842041,-0.0746992772693,-0.0452459398362,-0.799839253124,-0.593826567329,1e-06,0.0,0.0,0.0,0.0,0.0,0.0,1e-06,0.0,0.0,0.0,0.0,0.0,0.0,1e-06,0.0,0.0,0.0,0.0,0.0,0.0,1e-06,0.0,0.0,0.0,0.0,0.0,0.0,1e-06,0.0,0.0,0.0,0.0,0.0,0.0,1e-06,17.1912524362,-2.62528419737,-1.3194807545,-0.0775449573994,-0.0254752710462,0.0415174812078,0.0001,0.0,0.0,0.0,0.0,0.0,0.0,0.0001,0.0,0.0,0.0,0.0,0.0,0.0,0.0001,0.0,0.0,0.0,0.0,0.0,0.0,0.0001,0.0,0.0,0.0,0.0,0.0,0.0,0.0001,0.0,0.0,0.0,0.0,0.0,0.0,0.0001
1532986818965051963,1158,1532986818964477661,map,base_link,-225.832855225,109.000389099,49.0079498291,-0.0939350778693,-0.0532987069792,-0.780534576552,-0.615711964954,1e-06,0.0,0.0,0.0,0.0,0.0,0.0,1e-06,0.0,0.0,0.0,0.0,0.0,0.0,1e-06,0.0,0.0,0.0,0.0,0.0,0.0,1e-06,0.0,0.0,0.0,0.0,0.0,0.0,1e-06,0.0,0.0,0.0,0.0,0.0,0.0,1e-06,17.2330908661,-1.95025245398,-1.48776419389,0.0835997834802,-0.0343659445643,-0.195883646607,0.0001,0.0,0.0,0.0,0.0,0.0,0.0,0.0001,0.0,0.0,0.0,0.0,0.0,0.0,0.0001,0.0,0.0,0.0,0.0,0.0,0.0,0.0001,0.0,0.0,0.0,0.0,0.0,0.0,0.0001,0.0,0.0,0.0,0.0,0.0,0.0,0.0001
1532986819177998107,1159,1532986819175625858,map,base_link,-226.215393066,112.353393555,48.920841217,-0.0939350778693,-0.0532987069792,-0.780534576552,-0.615711964954,1e-06,0.0,0.0,0.0,0.0,0.0,0.0,1e-06,0.0,0.0,0.0,0.0,0.0,0.0,1e-06,0.0,0.0,0.0,0.0,0.0,0.0,1e-06,0.0,0.0,0.0,0.0,0.0,0.0,1e-06,0.0,0.0,0.0,0.0,0.0,0.0,1e-06,17.1742004456,-2.305909704,-1.25744187533,0.0835997834802,-0.0343659445643,-0.195883646607,0.0001,0.0,0.0,0.0,0.0,0.0,0.0,0.0001,0.0,0.0,0.0,0.0,0.0,0.0,0.0001,0.0,0.0,0.0,0.0,0.0,0.0,0.0001,0.0,0.0,0.0,0.0,0.0,0.0,0.0001,0.0,0.0,0.0,0.0,0.0,0.0,0.0001
1532986819411855067,1160,1532986819411223165,map,base_link,-226.542892456,116.375976563,48.8591384888,-0.123061484418,-0.0749810476033,-0.754476655502,-0.640311400692,1e-06,0.0,0.0,0.0,0.0,0.0,0.0,1e-06,0.0,0.0,0.0,0.0,0.0,0.0,1e-06,0.0,0.0,0.0,0.0,0.0,0.0,1e-06,0.0,0.0,0.0,0.0,0.0,0.0,1e-06,0.0,0.0,0.0,0.0,0.0,0.0,1e-06,17.1995480059,-1.65449867733,-1.22829166829,0.041809014976,-0.0727890133858,-0.174926519394,0.0001,0.0,0.0,0.0,0.0,0.0,0.0,0.0001,0.0,0.0,0.0,0.0,0.0,0.0,0.0001,0.0,0.0,0.0,0.0,0.0,0.0,0.0001,0.0,0.0,0.0,0.0,0.0,0.0,0.0001,0.0,0.0,0.0,0.0,0.0,0.0,0.0001
1532986819649181361,1161,1532986819648546867,map,base_link,-226.722900391,120.42640686,48.846786499,-0.123061484418,-0.0749810476033,-0.754476655502,-0.640311400692,1e-06,0.0,0.0,0.0,0.0,0.0,0.0,1e-06,0.0,0.0,0.0,0.0,0.0,0.0,1e-06,0.0,0.0,0.0,0.0,0.0,0.0,1e-06,0.0,0.0,0.0,0.0,0.0,0.0,1e-06,0.0,0.0,0.0,0.0,0.0,0.0,1e-06,17.0929494886,-2.20925994256,-0.877674217169,0.041809014976,-0.0727890133858,-0.174926519394,0.0001,0.0,0.0,0.0,0.0,0.0,0.0,0.0001,0.0,0.0,0.0,0.0,0.0,0.0,0.0001,0.0,0.0,0.0,0.0,0.0,0.0,0.0001,0.0,0.0,0.0,0.0,0.0,0.0,0.0001,0.0,0.0,0.0,0.0,0.0,0.0,0.0001
1532986819920124482,1162,1532986819918768582,map,base_link,-226.7368927,125.166419983,48.8826293945,-0.132104427357,-0.0694750963492,-0.722667775641,-0.674887336754,1e-06,0.0,0.0,0.0,0.0,0.0,0.0,1e-06,0.0,0.0,0.0,0.0,0.0,0.0,1e-06,0.0,0.0,0.0,0.0,0.0,0.0,1e-06,0.0,0.0,0.0,0.0,0.0,0.0,1e-06,0.0,0.0,0.0,0.0,0.0,0.0,1e-06,17.130471142,-1.33752460575,-1.20432076406,-0.182334750891,-0.0888498947024,-0.148855015635,0.0001,0.0,0.0,0.0,0.0,0.0,0.0,0.0001,0.0,0.0,0.0,0.0,0.0,0.0,0.0001,0.0,0.0,0.0,0.0,0.0,0.0,0.0001,0.0,0.0,0.0,0.0,0.0,0.0,0.0001,0.0,0.0,0.0,0.0,0.0,0.0,0.0001
1532986820178759640,1163,1532986820178097210,map,base_link,-226.609863281,129.17565918,48.9191894531,-0.132104427357,-0.0694750963492,-0.722667775641,-0.674887336754,1e-06,0.0,0.0,0.0,0.0,0.0,0.0,1e-06,0.0,0.0,0.0,0.0,0.0,0.0,1e-06,0.0,0.0,0.0,0.0,0.0,0.0,1e-06,0.0,0.0,0.0,0.0,0.0,0.0,1e-06,0.0,0.0,0.0,0.0,0.0,0.0,1e-06,17.0261347085,-1.8417972533,-0.983352792364,-0.182334750891,-0.0888498947024,-0.148855015635,0.0001,0.0,0.0,0.0,0.0,0.0,0.0,0.0001,0.0,0.0,0.0,0.0,0.0,0.0,0.0001,0.0,0.0,0.0,0.0,0.0,0.0,0.0001,0.0,0.0,0.0,0.0,0.0,0.0,0.0001,0.0,0.0,0.0,0.0,0.0,0.0,0.0001
1532986820425674482,1164,1532986820423574744,map,base_link,-226.374771118,133.184555054,48.9848670959,-0.127695966234,-0.0471835205239,-0.708880181405,-0.692066719334,1e-06,0.0,0.0,0.0,0.0,0.0,0.0,1e-06,0.0,0.0,0.0,0.0,0.0,0.0,1e-06,0.0,0.0,0.0,0.0,0.0,0.0,1e-06,0.0,0.0,0.0,0.0,0.0,0.0,1e-06,0.0,0.0,0.0,0.0,0.0,0.0,1e-06,16.9962543692,-1.55102930308,-1.23344018319,-0.181646227837,-0.0752079486847,-0.055091843009,0.0001,0.0,0.0,0.0,0.0,0.0,0.0,0.0001,0.0,0.0,0.0,0.0,0.0,0.0,0.0001,0.0,0.0,0.0,0.0,0.0,0.0,0.0001,0.0,0.0,0.0,0.0,0.0,0.0,0.0001,0.0,0.0,0.0,0.0,0.0,0.0,0.0001
1532986820641227945,1165,1532986820640633739,map,base_link,-226.060058594,137.146850586,49.0689926147,-0.115980249119,-0.0324303273158,-0.698859156582,-0.705048037332,1e-06,0.0,0.0,0.0,0.0,0.0,0.0,1e-06,0.0,0.0,0.0,0.0,0.0,0.0,1e-06,0.0,0.0,0.0,0.0,0.0,0.0,1e-06,0.0,0.0,0.0,0.0,0.0,0.0,1e-06,0.0,0.0,0.0,0.0,0.0,0.0,1e-06,16.9654327492,-1.36744694701,-1.52375189704,-0.0536942854524,0.0494102053344,-0.0894837081432,0.0001,0.0,0.0,0.0,0.0,0.0,0.0,0.0001,0.0,0.0,0.0,0.0,0.0,0.0,0.0001,0.0,0.0,0.0,0.0,0.0,0.0,0.0001,0.0,0.0,0.0,0.0,0.0,0.0,0.0001,0.0,0.0,0.0,0.0,0.0,0.0,0.0001
1532986820912169114,1166,1532986820911588092,map,base_link,-225.621902466,141.791549683,49.0788917542,-0.115980249119,-0.0324303273158,-0.698859156582,-0.705048037332,1e-06,0.0,0.0,0.0,0.0,0.0,0.0,1e-06,0.0,0.0,0.0,0.0,0.0,0.0,1e-06,0.0,0.0,0.0,0.0,0.0,0.0,1e-06,0.0,0.0,0.0,0.0,0.0,0.0,1e-06,0.0,0.0,0.0,0.0,0.0,0.0,1e-06,16.9522069382,-1.75812789835,-1.65898121938,-0.0536942854524,0.0494102053344,-0.0894837081432,0.0001,0.0,0.0,0.0,0.0,0.0,0.0,0.0001,0.0,0.0,0.0,0.0,0.0,0.0,0.0001,0.0,0.0,0.0,0.0,0.0,0.0,0.0001,0.0,0.0,0.0,0.0,0.0,0.0,0.0001,0.0,0.0,0.0,0.0,0.0,0.0,0.0001
1532986821149214865,1167,1532986821148751539,map,base_link,-225.22845459,145.437530518,49.0398826599,-0.098901933822,-0.0261486821942,-0.687125810627,-0.719300197605,1e-06,0.0,0.0,0.0,0.0,0.0,0.0,1e-06,0.0,0.0,0.0,0.0,0.0,0.0,1e-06,0.0,0.0,0.0,0.0,0.0,0.0,1e-06,0.0,0.0,0.0,0.0,0.0,0.0,1e-06,0.0,0.0,0.0,0.0,0.0,0.0,1e-06,17.0620001058,-1.33018714915,-1.51595004777,-0.0563316233456,0.028412502259,-0.0699446648359,0.0001,0.0,0.0,0.0,0.0,0.0,0.0,0.0001,0.0,0.0,0.0,0.0,0.0,0.0,0.0001,0.0,0.0,0.0,0.0,0.0,0.0,0.0001,0.0,0.0,0.0,0.0,0.0,0.0,0.0001,0.0,0.0,0.0,0.0,0.0,0.0,0.0001
1532986821370080249,1168,1532986821361908593,map,base_link,-224.792541504,149.107635498,49.0377845764,-0.098901933822,-0.0261486821942,-0.687125810627,-0.719300197605,1e-06,0.0,0.0,0.0,0.0,0.0,0.0,1e-06,0.0,0.0,0.0,0.0,0.0,0.0,1e-06,0.0,0.0,0.0,0.0,0.0,0.0,1e-06,0.0,0.0,0.0,0.0,0.0,0.0,1e-06,0.0,0.0,0.0,0.0,0.0,0.0,1e-06,17.1901095949,-1.50552860493,-1.2668149177,-0.0563316233456,0.028412502259,-0.0699446648359,0.0001,0.0,0.0,0.0,0.0,0.0,0.0,0.0001,0.0,0.0,0.0,0.0,0.0,0.0,0.0001,0.0,0.0,0.0,0.0,0.0,0.0,0.0001,0.0,0.0,0.0,0.0,0.0,0.0,0.0001,0.0,0.0,0.0,0.0,0.0,0.0,0.0001
1532986821614299418,1169,1532986821613348413,map,base_link,-224.256591797,153.46522522,49.088886261,-0.0830562433648,-0.0120484935462,-0.681349767314,-0.727130654575,1e-06,0.0,0.0,0.0,0.0,0.0,0.0,1e-06,0.0,0.0,0.0,0.0,0.0,0.0,1e-06,0.0,0.0,0.0,0.0,0.0,0.0,1e-06,0.0,0.0,0.0,0.0,0.0,0.0,1e-06,0.0,0.0,0.0,0.0,0.0,0.0,1e-06,17.290319338,-1.21966883761,-1.25022941959,0.108849801123,0.0282151885331,-0.0357432067394,0.0001,0.0,0.0,0.0,0.0,0.0,0.0,0.0001,0.0,0.0,0.0,0.0,0.0,0.0,0.0001,0.0,0.0,0.0,0.0,0.0,0.0,0.0001,0.0,0.0,0.0,0.0,0.0,0.0,0.0001,0.0,0.0,0.0,0.0,0.0,0.0,0.0001
1532986821857727358,1170,1532986821856557793,map,base_link,-223.740539551,157.520446777,49.1056747437,-0.0938888138594,-0.0336393705135,-0.662173061468,-0.742684401378,1e-06,0.0,0.0,0.0,0.0,0.0,0.0,1e-06,0.0,0.0,0.0,0.0,0.0,0.0,1e-06,0.0,0.0,0.0,0.0,0.0,0.0,1e-06,0.0,0.0,0.0,0.0,0.0,0.0,1e-06,0.0,0.0,0.0,0.0,0.0,0.0,1e-06,17.4452636506,-0.578369624622,-1.14553984996,0.498061090708,0.0428989864886,-0.239002257586,0.0001,0.0,0.0,0.0,0.0,0.0,0.0,0.0001,0.0,0.0,0.0,0.0,0.0,0.0,0.0001,0.0,0.0,0.0,0.0,0.0,0.0,0.0001,0.0,0.0,0.0,0.0,0.0,0.0,0.0001,0.0,0.0,0.0,0.0,0.0,0.0,0.0001
1532986822086382446,1171,1532986822085781104,map,base_link,-223.144851685,161.54826355,49.0969047546,-0.0938888138594,-0.0336393705135,-0.662173061468,-0.742684401378,1e-06,0.0,0.0,0.0,0.0,0.0,0.0,1e-06,0.0,0.0,0.0,0.0,0.0,0.0,1e-06,0.0,0.0,0.0,0.0,0.0,0.0,1e-06,0.0,0.0,0.0,0.0,0.0,0.0,1e-06,0.0,0.0,0.0,0.0,0.0,0.0,1e-06,17.5374171645,-1.08778099143,-1.22294961061,0.498061090708,0.0428989864886,-0.239002257586,0.0001,0.0,0.0,0.0,0.0,0.0,0.0,0.0001,0.0,0.0,0.0,0.0,0.0,0.0,0.0001,0.0,0.0,0.0,0.0,0.0,0.0,0.0001,0.0,0.0,0.0,0.0,0.0,0.0,0.0001,0.0,0.0,0.0,0.0,0.0,0.0,0.0001
1532986822300036364,1172,1532986822298967279,map,base_link,-222.538269043,164.953704834,49.0328102112,-0.174136447417,-0.102861166736,-0.624168226979,-0.754658931232,1e-06,0.0,0.0,0.0,0.0,0.0,0.0,1e-06,0.0,0.0,0.0,0.0,0.0,0.0,1e-06,0.0,0.0,0.0,0.0,0.0,0.0,1e-06,0.0,0.0,0.0,0.0,0.0,0.0,1e-06,0.0,0.0,0.0,0.0,0.0,0.0,1e-06,17.6647040577,-0.541935556473,-1.40169681596,0.424946993589,-0.0477284342051,-0.218062102795,0.0001,0.0,0.0,0.0,0.0,0.0,0.0,0.0001,0.0,0.0,0.0,0.0,0.0,0.0,0.0001,0.0,0.0,0.0,0.0,0.0,0.0,0.0001,0.0,0.0,0.0,0.0,0.0,0.0,0.0001,0.0,0.0,0.0,0.0,0.0,0.0,0.0001
1532986822593471577,1173,1532986822590920225,map,base_link,-221.531234741,169.381484985,48.8853797913,-0.174136447417,-0.102861166736,-0.624168226979,-0.754658931232,1e-06,0.0,0.0,0.0,0.0,0.0,0.0,1e-06,0.0,0.0,0.0,0.0,0.0,0.0,1e-06,0.0,0.0,0.0,0.0,0.0,0.0,1e-06,0.0,0.0,0.0,0.0,0.0,0.0,1e-06,0.0,0.0,0.0,0.0,0.0,0.0,1e-06,17.778757292,-1.55029019021,-1.03363956348,0.424946993589,-0.0477284342051,-0.218062102795,0.0001,0.0,0.0,0.0,0.0,0.0,0.0,0.0001,0.0,0.0,0.0,0.0,0.0,0.0,0.0001,0.0,0.0,0.0,0.0,0.0,0.0,0.0001,0.0,0.0,0.0,0.0,0.0,0.0,0.0001,0.0,0.0,0.0,0.0,0.0,0.0,0.0001
1532986822846943199,1174,1532986822846658655,map,base_link,-220.080856323,174.094833374,48.669002533,-0.243641326837,-0.142029654083,-0.569006460308,-0.772462380538,1e-06,0.0,0.0,0.0,0.0,0.0,0.0,1e-06,0.0,0.0,0.0,0.0,0.0,0.0,1e-06,0.0,0.0,0.0,0.0,0.0,0.0,1e-06,0.0,0.0,0.0,0.0,0.0,0.0,1e-06,0.0,0.0,0.0,0.0,0.0,0.0,1e-06,17.9335248548,-1.25371757642,-1.33051373865,0.406079590321,-0.166372388601,-0.297132313251,0.0001,0.0,0.0,0.0,0.0,0.0,0.0,0.0001,0.0,0.0,0.0,0.0,0.0,0.0,0.0001,0.0,0.0,0.0,0.0,0.0,0.0,0.0001,0.0,0.0,0.0,0.0,0.0,0.0,0.0001,0.0,0.0,0.0,0.0,0.0,0.0,0.0001
1532986823051891382,1175,1532986823048408353,map,base_link,-218.755157471,177.422180176,48.4552001953,-0.308947636287,-0.157922194799,-0.507908561904,-0.788442027779,1e-06,0.0,0.0,0.0,0.0,0.0,0.0,1e-06,0.0,0.0,0.0,0.0,0.0,0.0,1e-06,0.0,0.0,0.0,0.0,0.0,0.0,1e-06,0.0,0.0,0.0,0.0,0.0,0.0,1e-06,0.0,0.0,0.0,0.0,0.0,0.0,1e-06,17.9901199194,-0.720805906719,-2.12685178345,0.205418080091,-0.289644271135,-0.306261599064,0.0001,0.0,0.0,0.0,0.0,0.0,0.0,0.0001,0.0,0.0,0.0,0.0,0.0,0.0,0.0001,0.0,0.0,0.0,0.0,0.0,0.0,0.0001,0.0,0.0,0.0,0.0,0.0,0.0,0.0001,0.0,0.0,0.0,0.0,0.0,0.0,0.0001
1532986823298640400,1176,1532986823296500918,map,base_link,-216.811904907,181.297637939,48.1858901978,-0.330681577449,-0.142601373575,-0.450260973979,-0.817055443591,1e-06,0.0,0.0,0.0,0.0,0.0,0.0,1e-06,0.0,0.0,0.0,0.0,0.0,0.0,1e-06,0.0,0.0,0.0,0.0,0.0,0.0,1e-06,0.0,0.0,0.0,0.0,0.0,0.0,1e-06,0.0,0.0,0.0,0.0,0.0,0.0,1e-06,18.0623390631,-0.188978753402,-2.47876896452,0.0901775956154,-0.319734305143,-0.388775497675,0.0001,0.0,0.0,0.0,0.0,0.0,0.0,0.0001,0.0,0.0,0.0,0.0,0.0,0.0,0.0001,0.0,0.0,0.0,0.0,0.0,0.0,0.0001,0.0,0.0,0.0,0.0,0.0,0.0,0.0001,0.0,0.0,0.0,0.0,0.0,0.0,0.0001
1532986823573636021,1177,1532986823571634203,map,base_link,-214.014984131,185.553451538,47.8929481506,-0.330681577449,-0.142601373575,-0.450260973979,-0.817055443591,1e-06,0.0,0.0,0.0,0.0,0.0,0.0,1e-06,0.0,0.0,0.0,0.0,0.0,0.0,1e-06,0.0,0.0,0.0,0.0,0.0,0.0,1e-06,0.0,0.0,0.0,0.0,0.0,0.0,1e-06,0.0,0.0,0.0,0.0,0.0,0.0,1e-06,18.1595007171,-1.94247063812,-0.901048650368,0.0901775956154,-0.319734305143,-0.388775497675,0.0001,0.0,0.0,0.0,0.0,0.0,0.0,0.0001,0.0,0.0,0.0,0.0,0.0,0.0,0.0001,0.0,0.0,0.0,0.0,0.0,0.0,0.0001,0.0,0.0,0.0,0.0,0.0,0.0,0.0001,0.0,0.0,0.0,0.0,0.0,0.0,0.0001
1532986823797869938,1178,1532986823795951928,map,base_link,-211.182495117,188.857208252,47.6524200439,-0.374858731936,-0.120445391953,-0.361961512346,-0.844960177895,1e-06,0.0,0.0,0.0,0.0,0.0,0.0,1e-06,0.0,0.0,0.0,0.0,0.0,0.0,1e-06,0.0,0.0,0.0,0.0,0.0,0.0,1e-06,0.0,0.0,0.0,0.0,0.0,0.0,1e-06,0.0,0.0,0.0,0.0,0.0,0.0,1e-06,18.1010180955,-0.954330240303,-1.89374532144,0.0185343176126,-0.443552970886,-0.323038220406,0.0001,0.0,0.0,0.0,0.0,0.0,0.0,0.0001,0.0,0.0,0.0,0.0,0.0,0.0,0.0001,0.0,0.0,0.0,0.0,0.0,0.0,0.0001,0.0,0.0,0.0,0.0,0.0,0.0,0.0001,0.0,0.0,0.0,0.0,0.0,0.0,0.0001
1532986824061535417,1179,1532986824060817787,map,base_link,-207.700637817,192.032241821,47.4024276733,-0.374858731936,-0.120445391953,-0.361961512346,-0.844960177895,1e-06,0.0,0.0,0.0,0.0,0.0,0.0,1e-06,0.0,0.0,0.0,0.0,0.0,0.0,1e-06,0.0,0.0,0.0,0.0,0.0,0.0,1e-06,0.0,0.0,0.0,0.0,0.0,0.0,1e-06,0.0,0.0,0.0,0.0,0.0,0.0,1e-06,17.9046709585,-2.59745566371,-0.202204226606,0.0185343176126,-0.443552970886,-0.323038220406,0.0001,0.0,0.0,0.0,0.0,0.0,0.0,0.0001,0.0,0.0,0.0,0.0,0.0,0.0,0.0001,0.0,0.0,0.0,0.0,0.0,0.0,0.0001,0.0,0.0,0.0,0.0,0.0,0.0,0.0001,0.0,0.0,0.0,0.0,0.0,0.0,0.0001
1532986824298021778,1180,1532986824297117813,map,base_link,-204.470443726,194.294143677,47.2006263733,-0.406413965186,-0.0629493504757,-0.241141326081,-0.879042620714,1e-06,0.0,0.0,0.0,0.0,0.0,0.0,1e-06,0.0,0.0,0.0,0.0,0.0,0.0,1e-06,0.0,0.0,0.0,0.0,0.0,0.0,1e-06,0.0,0.0,0.0,0.0,0.0,0.0,1e-06,0.0,0.0,0.0,0.0,0.0,0.0,1e-06,17.6900982565,-0.901177110749,-2.35723963265,-0.0532891973853,-0.502545893192,-0.409764766693,0.0001,0.0,0.0,0.0,0.0,0.0,0.0,0.0001,0.0,0.0,0.0,0.0,0.0,0.0,0.0001,0.0,0.0,0.0,0.0,0.0,0.0,0.0001,0.0,0.0,0.0,0.0,0.0,0.0,0.0001,0.0,0.0,0.0,0.0,0.0,0.0,0.0001
1532986824518509467,1181,1532986824517624286,map,base_link,-200.692077637,196.222900391,47.0453796387,-0.410245939428,-0.00437732740579,-0.167418611951,-0.89646534599,1e-06,0.0,0.0,0.0,0.0,0.0,0.0,1e-06,0.0,0.0,0.0,0.0,0.0,0.0,1e-06,0.0,0.0,0.0,0.0,0.0,0.0,1e-06,0.0,0.0,0.0,0.0,0.0,0.0,1e-06,0.0,0.0,0.0,0.0,0.0,0.0,1e-06,17.2599757514,-0.675302943794,-3.13838096596,-0.180677160621,-0.571324169636,-0.259732693434,0.0001,0.0,0.0,0.0,0.0,0.0,0.0,0.0001,0.0,0.0,0.0,0.0,0.0,0.0,0.0001,0.0,0.0,0.0,0.0,0.0,0.0,0.0001,0.0,0.0,0.0,0.0,0.0,0.0,0.0001,0.0,0.0,0.0,0.0,0.0,0.0,0.0001
1532986824790986599,1182,1532986824789976362,map,base_link,-196.44342041,197.680175781,47.0447273254,-0.410245939428,-0.00437732740579,-0.167418611951,-0.89646534599,1e-06,0.0,0.0,0.0,0.0,0.0,0.0,1e-06,0.0,0.0,0.0,0.0,0.0,0.0,1e-06,0.0,0.0,0.0,0.0,0.0,0.0,1e-06,0.0,0.0,0.0,0.0,0.0,0.0,1e-06,0.0,0.0,0.0,0.0,0.0,0.0,1e-06,16.9393444172,-1.91706176072,-0.863651140317,-0.180677160621,-0.571324169636,-0.259732693434,0.0001,0.0,0.0,0.0,0.0,0.0,0.0,0.0001,0.0,0.0,0.0,0.0,0.0,0.0,0.0001,0.0,0.0,0.0,0.0,0.0,0.0,0.0001,0.0,0.0,0.0,0.0,0.0,0.0,0.0001,0.0,0.0,0.0,0.0,0.0,0.0,0.0001
1532986825012236622,1183,1532986825011319281,map,base_link,-192.518966675,198.479354858,47.1936149597,-0.35995145216,0.0704674674871,-0.0670451694689,-0.927886972301,1e-06,0.0,0.0,0.0,0.0,0.0,0.0,1e-06,0.0,0.0,0.0,0.0,0.0,0.0,1e-06,0.0,0.0,0.0,0.0,0.0,0.0,1e-06,0.0,0.0,0.0,0.0,0.0,0.0,1e-06,0.0,0.0,0.0,0.0,0.0,0.0,1e-06,16.3867706366,-0.524974863006,-2.57948581157,-0.322958767414,-0.382234960794,-0.362942636013,0.0001,0.0,0.0,0.0,0.0,0.0,0.0,0.0001,0.0,0.0,0.0,0.0,0.0,0.0,0.0001,0.0,0.0,0.0,0.0,0.0,0.0,0.0001,0.0,0.0,0.0,0.0,0.0,0.0,0.0001,0.0,0.0,0.0,0.0,0.0,0.0,0.0001
1532986825291643878,1184,1532986825290952712,map,base_link,-188.368041992,198.869445801,47.5170936584,-0.35995145216,0.0704674674871,-0.0670451694689,-0.927886972301,1e-06,0.0,0.0,0.0,0.0,0.0,0.0,1e-06,0.0,0.0,0.0,0.0,0.0,0.0,1e-06,0.0,0.0,0.0,0.0,0.0,0.0,1e-06,0.0,0.0,0.0,0.0,0.0,0.0,1e-06,0.0,0.0,0.0,0.0,0.0,0.0,1e-06,15.9903924051,-1.30745488269,-0.841308123561,-0.322958767414,-0.382234960794,-0.362942636013,0.0001,0.0,0.0,0.0,0.0,0.0,0.0,0.0001,0.0,0.0,0.0,0.0,0.0,0.0,0.0001,0.0,0.0,0.0,0.0,0.0,0.0,0.0001,0.0,0.0,0.0,0.0,0.0,0.0,0.0001,0.0,0.0,0.0,0.0,0.0,0.0,0.0001
1532986825506586879,1185,1532986825505577570,map,base_link,-184.967193604,198.929519653,47.9474067688,-0.235221552786,0.115063939245,0.0459525546052,-0.964012175087,1e-06,0.0,0.0,0.0,0.0,0.0,0.0,1e-06,0.0,0.0,0.0,0.0,0.0,0.0,1e-06,0.0,0.0,0.0,0.0,0.0,0.0,1e-06,0.0,0.0,0.0,0.0,0.0,0.0,1e-06,0.0,0.0,0.0,0.0,0.0,0.0,1e-06,15.4024546712,1.25764020033,-2.03739460072,-0.736591458321,-0.186915114522,-0.315404802561,0.0001,0.0,0.0,0.0,0.0,0.0,0.0,0.0001,0.0,0.0,0.0,0.0,0.0,0.0,0.0001,0.0,0.0,0.0,0.0,0.0,0.0,0.0001,0.0,0.0,0.0,0.0,0.0,0.0,0.0001,0.0,0.0,0.0,0.0,0.0,0.0,0.0001
1532986825762556797,1186,1532986825760774403,map,base_link,-181.121704102,198.817611694,48.6327018738,-0.146083026603,0.121587806702,0.097327479939,-0.976935778979,1e-06,0.0,0.0,0.0,0.0,0.0,0.0,1e-06,0.0,0.0,0.0,0.0,0.0,0.0,1e-06,0.0,0.0,0.0,0.0,0.0,0.0,1e-06,0.0,0.0,0.0,0.0,0.0,0.0,1e-06,0.0,0.0,0.0,0.0,0.0,0.0,1e-06,14.8414741264,2.22301820516,-1.3922298708,-0.589104950428,-0.113132439554,-0.19769461453,0.0001,0.0,0.0,0.0,0.0,0.0,0.0,0.0001,0.0,0.0,0.0,0.0,0.0,0.0,0.0001,0.0,0.0,0.0,0.0,0.0,0.0,0.0001,0.0,0.0,0.0,0.0,0.0,0.0,0.0001,0.0,0.0,0.0,0.0,0.0,0.0,0.0001
1532986825990931470,1187,1532986825987269817,map,base_link,-178.281570435,198.664459229,49.2498893738,-0.146083026603,0.121587806702,0.097327479939,-0.976935778979,1e-06,0.0,0.0,0.0,0.0,0.0,0.0,1e-06,0.0,0.0,0.0,0.0,0.0,0.0,1e-06,0.0,0.0,0.0,0.0,0.0,0.0,1e-06,0.0,0.0,0.0,0.0,0.0,0.0,1e-06,0.0,0.0,0.0,0.0,0.0,0.0,1e-06,14.547866604,2.03255469658,-1.03944783188,-0.589104950428,-0.113132439554,-0.19769461453,0.0001,0.0,0.0,0.0,0.0,0.0,0.0,0.0001,0.0,0.0,0.0,0.0,0.0,0.0,0.0001,0.0,0.0,0.0,0.0,0.0,0.0,0.0001,0.0,0.0,0.0,0.0,0.0,0.0,0.0001,0.0,0.0,0.0,0.0,0.0,0.0,0.0001
1532986826191971186,1188,1532986826191355572,map,base_link,-175.006744385,198.497558594,50.0193252563,-0.0206211834188,0.115007655402,0.121929859926,-0.985637415712,1e-06,0.0,0.0,0.0,0.0,0.0,0.0,1e-06,0.0,0.0,0.0,0.0,0.0,0.0,1e-06,0.0,0.0,0.0,0.0,0.0,0.0,1e-06,0.0,0.0,0.0,0.0,0.0,0.0,1e-06,0.0,0.0,0.0,0.0,0.0,0.0,1e-06,14.1359109801,2.49050505834,-0.683679283985,-0.333573549986,0.0726610645652,0.031741399318,0.0001,0.0,0.0,0.0,0.0,0.0,0.0,0.0001,0.0,0.0,0.0,0.0,0.0,0.0,0.0001,0.0,0.0,0.0,0.0,0.0,0.0,0.0001,0.0,0.0,0.0,0.0,0.0,0.0,0.0001,0.0,0.0,0.0,0.0,0.0,0.0,0.0001
1532986826457854770,1189,1532986826457294324,map,base_link,-171.769332886,198.387359619,50.7047348022,-0.0206211834188,0.115007655402,0.121929859926,-0.985637415712,1e-06,0.0,0.0,0.0,0.0,0.0,0.0,1e-06,0.0,0.0,0.0,0.0,0.0,0.0,1e-06,0.0,0.0,0.0,0.0,0.0,0.0,1e-06,0.0,0.0,0.0,0.0,0.0,0.0,1e-06,0.0,0.0,0.0,0.0,0.0,0.0,1e-06,13.8465744783,2.65648438559,-1.04629980614,-0.333573549986,0.0726610645652,0.031741399318,0.0001,0.0,0.0,0.0,0.0,0.0,0.0,0.0001,0.0,0.0,0.0,0.0,0.0,0.0,0.0001,0.0,0.0,0.0,0.0,0.0,0.0,0.0001,0.0,0.0,0.0,0.0,0.0,0.0,0.0001,0.0,0.0,0.0,0.0,0.0,0.0,0.0001
1532986826689308634,1190,1532986826687207808,map,base_link,-168.558731079,198.349075317,51.2444839478,0.0304194598518,0.086302028926,0.128671174854,-0.987456502853,1e-06,0.0,0.0,0.0,0.0,0.0,0.0,1e-06,0.0,0.0,0.0,0.0,0.0,0.0,1e-06,0.0,0.0,0.0,0.0,0.0,0.0,1e-06,0.0,0.0,0.0,0.0,0.0,0.0,1e-06,0.0,0.0,0.0,0.0,0.0,0.0,1e-06,13.7542140424,3.0009113874,-0.6054585121,-0.270082861185,0.16785889864,-0.0347206033766,0.0001,0.0,0.0,0.0,0.0,0.0,0.0,0.0001,0.0,0.0,0.0,0.0,0.0,0.0,0.0001,0.0,0.0,0.0,0.0,0.0,0.0,0.0001,0.0,0.0,0.0,0.0,0.0,0.0,0.0001,0.0,0.0,0.0,0.0,0.0,0.0,0.0001
1532986826965042109,1191,1532986826963818656,map,base_link,-164.7706604,198.368362427,51.6782150269,0.0521212056226,0.0477945239876,0.129783700877,-0.989017317537,1e-06,0.0,0.0,0.0,0.0,0.0,0.0,1e-06,0.0,0.0,0.0,0.0,0.0,0.0,1e-06,0.0,0.0,0.0,0.0,0.0,0.0,1e-06,0.0,0.0,0.0,0.0,0.0,0.0,1e-06,0.0,0.0,0.0,0.0,0.0,0.0,1e-06,13.8148119873,3.30207562326,-0.0530315804911,-0.0263798348606,0.194813430309,0.0826986134052,0.0001,0.0,0.0,0.0,0.0,0.0,0.0,0.0001,0.0,0.0,0.0,0.0,0.0,0.0,0.0001,0.0,0.0,0.0,0.0,0.0,0.0,0.0001,0.0,0.0,0.0,0.0,0.0,0.0,0.0001,0.0,0.0,0.0,0.0,0.0,0.0,0.0001
1532986827187097377,1192,1532986827182589679,map,base_link,-161.746063232,198.43170166,51.85364151,0.0521212056226,0.0477945239876,0.129783700877,-0.989017317537,1e-06,0.0,0.0,0.0,0.0,0.0,0.0,1e-06,0.0,0.0,0.0,0.0,0.0,0.0,1e-06,0.0,0.0,0.0,0.0,0.0,0.0,1e-06,0.0,0.0,0.0,0.0,0.0,0.0,1e-06,0.0,0.0,0.0,0.0,0.0,0.0,1e-06,13.9440354499,3.61982880814,-0.63533619385,-0.0263798348606,0.194813430309,0.0826986134052,0.0001,0.0,0.0,0.0,0.0,0.0,0.0,0.0001,0.0,0.0,0.0,0.0,0.0,0.0,0.0001,0.0,0.0,0.0,0.0,0.0,0.0,0.0001,0.0,0.0,0.0,0.0,0.0,0.0,0.0001,0.0,0.0,0.0,0.0,0.0,0.0,0.0001
1532986827408564167,1193,1532986827407756617,map,base_link,-158.362838745,198.542434692,51.8711280823,0.0561937190484,0.00592493057783,0.111849708959,-0.992117333657,1e-06,0.0,0.0,0.0,0.0,0.0,0.0,1e-06,0.0,0.0,0.0,0.0,0.0,0.0,1e-06,0.0,0.0,0.0,0.0,0.0,0.0,1e-06,0.0,0.0,0.0,0.0,0.0,0.0,1e-06,0.0,0.0,0.0,0.0,0.0,0.0,1e-06,14.369611083,3.43638176459,-0.0548915231583,0.00692103616893,0.192920967937,0.102841176093,0.0001,0.0,0.0,0.0,0.0,0.0,0.0,0.0001,0.0,0.0,0.0,0.0,0.0,0.0,0.0001,0.0,0.0,0.0,0.0,0.0,0.0,0.0001,0.0,0.0,0.0,0.0,0.0,0.0,0.0001,0.0,0.0,0.0,0.0,0.0,0.0,0.0001
1532986827667079837,1194,1532986827666489119,map,base_link,-154.881408691,198.687393188,51.7709236145,0.0561937190484,0.00592493057783,0.111849708959,-0.992117333657,1e-06,0.0,0.0,0.0,0.0,0.0,0.0,1e-06,0.0,0.0,0.0,0.0,0.0,0.0,1e-06,0.0,0.0,0.0,0.0,0.0,0.0,1e-06,0.0,0.0,0.0,0.0,0.0,0.0,1e-06,0.0,0.0,0.0,0.0,0.0,0.0,1e-06,14.7163118258,3.75460829673,-0.402059035584,0.00692103616893,0.192920967937,0.102841176093,0.0001,0.0,0.0,0.0,0.0,0.0,0.0,0.0001,0.0,0.0,0.0,0.0,0.0,0.0,0.0001,0.0,0.0,0.0,0.0,0.0,0.0,0.0001,0.0,0.0,0.0,0.0,0.0,0.0,0.0001,0.0,0.0,0.0,0.0,0.0,0.0,0.0001
1532986827914537237,1195,1532986827913534808,map,base_link,-150.968231201,198.877441406,51.5449142456,0.0362310838681,-0.0199769934989,0.0953840157063,-0.99458037274,1e-06,0.0,0.0,0.0,0.0,0.0,0.0,1e-06,0.0,0.0,0.0,0.0,0.0,0.0,1e-06,0.0,0.0,0.0,0.0,0.0,0.0,1e-06,0.0,0.0,0.0,0.0,0.0,0.0,1e-06,0.0,0.0,0.0,0.0,0.0,0.0,1e-06,15.2574219766,3.52439178364,-0.215946512784,-0.0502964816988,0.0720711946487,0.0785045996308,0.0001,0.0,0.0,0.0,0.0,0.0,0.0,0.0001,0.0,0.0,0.0,0.0,0.0,0.0,0.0001,0.0,0.0,0.0,0.0,0.0,0.0,0.0001,0.0,0.0,0.0,0.0,0.0,0.0,0.0001,0.0,0.0,0.0,0.0,0.0,0.0,0.0001
1532986828174231976,1196,1532986828173775338,map,base_link,-147.255172729,199.104858398,51.2379760742,0.0362310838681,-0.0199769934989,0.0953840157063,-0.99458037274,1e-06,0.0,0.0,0.0,0.0,0.0,0.0,1e-06,0.0,0.0,0.0,0.0,0.0,0.0,1e-06,0.0,0.0,0.0,0.0,0.0,0.0,1e-06,0.0,0.0,0.0,0.0,0.0,0.0,1e-06,0.0,0.0,0.0,0.0,0.0,0.0,1e-06,15.5995169908,3.82767845471,-0.319366794668,-0.0502964816988,0.0720711946487,0.0785045996308,0.0001,0.0,0.0,0.0,0.0,0.0,0.0,0.0001,0.0,0.0,0.0,0.0,0.0,0.0,0.0001,0.0,0.0,0.0,0.0,0.0,0.0,0.0001,0.0,0.0,0.0,0.0,0.0,0.0,0.0001,0.0,0.0,0.0,0.0,0.0,0.0,0.0001
1532986828405590897,1197,1532986828401314333,map,base_link,-143.452362061,199.374542236,50.9978294373,0.0221469938091,-0.0196183283846,0.0896285273059,-0.995535714553,1e-06,0.0,0.0,0.0,0.0,0.0,0.0,1e-06,0.0,0.0,0.0,0.0,0.0,0.0,1e-06,0.0,0.0,0.0,0.0,0.0,0.0,1e-06,0.0,0.0,0.0,0.0,0.0,0.0,1e-06,0.0,0.0,0.0,0.0,0.0,0.0,1e-06,15.9672197853,3.85115393835,0.253892381845,0.199430003762,-0.04741724208,-0.00622814334929,0.0001,0.0,0.0,0.0,0.0,0.0,0.0,0.0001,0.0,0.0,0.0,0.0,0.0,0.0,0.0001,0.0,0.0,0.0,0.0,0.0,0.0,0.0001,0.0,0.0,0.0,0.0,0.0,0.0,0.0001,0.0,0.0,0.0,0.0,0.0,0.0,0.0001
1532986828637544183,1198,1532986828636212443,map,base_link,-139.537750244,199.674789429,50.9072647095,0.022976903411,-0.00331346111067,0.0835823585706,-0.996230431286,1e-06,0.0,0.0,0.0,0.0,0.0,0.0,1e-06,0.0,0.0,0.0,0.0,0.0,0.0,1e-06,0.0,0.0,0.0,0.0,0.0,0.0,1e-06,0.0,0.0,0.0,0.0,0.0,0.0,1e-06,0.0,0.0,0.0,0.0,0.0,0.0,1e-06,16.2094210853,3.88267472262,-0.170574757949,-0.326595842838,-0.0427454821765,0.0687047168612,0.0001,0.0,0.0,0.0,0.0,0.0,0.0,0.0001,0.0,0.0,0.0,0.0,0.0,0.0,0.0001,0.0,0.0,0.0,0.0,0.0,0.0,0.0001,0.0,0.0,0.0,0.0,0.0,0.0,0.0001,0.0,0.0,0.0,0.0,0.0,0.0,0.0001
1532986828913393497,1199,1532986828912649564,map,base_link,-135.256103516,200.057479858,50.8458213806,0.022976903411,-0.00331346111067,0.0835823585706,-0.996230431286,1e-06,0.0,0.0,0.0,0.0,0.0,0.0,1e-06,0.0,0.0,0.0,0.0,0.0,0.0,1e-06,0.0,0.0,0.0,0.0,0.0,0.0,1e-06,0.0,0.0,0.0,0.0,0.0,0.0,1e-06,0.0,0.0,0.0,0.0,0.0,0.0,1e-06,16.2642723072,4.14260960421,0.249857181027,-0.326595842838,-0.0427454821765,0.0687047168612,0.0001,0.0,0.0,0.0,0.0,0.0,0.0,0.0001,0.0,0.0,0.0,0.0,0.0,0.0,0.0001,0.0,0.0,0.0,0.0,0.0,0.0,0.0001,0.0,0.0,0.0,0.0,0.0,0.0,0.0001,0.0,0.0,0.0,0.0,0.0,0.0,0.0001
1532986829119639629,1200,1532986829118671568,map,base_link,-131.638198853,200.414962769,50.9278755188,-0.00754776877666,0.0228981036862,0.0800292950515,-0.996500888092,1e-06,0.0,0.0,0.0,0.0,0.0,0.0,1e-06,0.0,0.0,0.0,0.0,0.0,0.0,1e-06,0.0,0.0,0.0,0.0,0.0,0.0,1e-06,0.0,0.0,0.0,0.0,0.0,0.0,1e-06,0.0,0.0,0.0,0.0,0.0,0.0,1e-06,16.2354091278,4.10455221675,-0.430172135489,0.360903084278,-0.0784787759185,0.0274672023952,0.0001,0.0,0.0,0.0,0.0,0.0,0.0,0.0001,0.0,0.0,0.0,0.0,0.0,0.0,0.0001,0.0,0.0,0.0,0.0,0.0,0.0,0.0001,0.0,0.0,0.0,0.0,0.0,0.0,0.0001,0.0,0.0,0.0,0.0,0.0,0.0,0.0001
1532986829353317935,1201,1532986829351988915,map,base_link,-128.056015015,200.772613525,51.0359954834,-0.00754776877666,0.0228981036862,0.0800292950515,-0.996500888092,1e-06,0.0,0.0,0.0,0.0,0.0,0.0,1e-06,0.0,0.0,0.0,0.0,0.0,0.0,1e-06,0.0,0.0,0.0,0.0,0.0,0.0,1e-06,0.0,0.0,0.0,0.0,0.0,0.0,1e-06,0.0,0.0,0.0,0.0,0.0,0.0,1e-06,16.1345203674,4.11008519829,-0.614419242475,0.360903084278,-0.0784787759185,0.0274672023952,0.0001,0.0,0.0,0.0,0.0,0.0,0.0,0.0001,0.0,0.0,0.0,0.0,0.0,0.0,0.0001,0.0,0.0,0.0,0.0,0.0,0.0,0.0001,0.0,0.0,0.0,0.0,0.0,0.0,0.0001,0.0,0.0,0.0,0.0,0.0,0.0,0.0001
1532986829610825128,1202,1532986829610469897,map,base_link,-123.850334167,201.174072266,51.097454071,-0.0512700817451,0.0331952020718,0.0795086356175,-0.99496122243,1e-06,0.0,0.0,0.0,0.0,0.0,0.0,1e-06,0.0,0.0,0.0,0.0,0.0,0.0,1e-06,0.0,0.0,0.0,0.0,0.0,0.0,1e-06,0.0,0.0,0.0,0.0,0.0,0.0,1e-06,0.0,0.0,0.0,0.0,0.0,0.0,1e-06,15.9918321613,3.91541641573,-1.33446794161,0.315400451422,-0.0472929924726,-0.0848490744829,0.0001,0.0,0.0,0.0,0.0,0.0,0.0,0.0001,0.0,0.0,0.0,0.0,0.0,0.0,0.0001,0.0,0.0,0.0,0.0,0.0,0.0,0.0001,0.0,0.0,0.0,0.0,0.0,0.0,0.0001,0.0,0.0,0.0,0.0,0.0,0.0,0.0001
1532986829847512256,1203,1532986829846506371,map,base_link,-119.996124268,201.483612061,51.1312942505,-0.0512700817451,0.0331952020718,0.0795086356175,-0.99496122243,1e-06,0.0,0.0,0.0,0.0,0.0,0.0,1e-06,0.0,0.0,0.0,0.0,0.0,0.0,1e-06,0.0,0.0,0.0,0.0,0.0,0.0,1e-06,0.0,0.0,0.0,0.0,0.0,0.0,1e-06,0.0,0.0,0.0,0.0,0.0,0.0,1e-06,15.8967291979,3.6683633197,-1.20591434738,0.315400451422,-0.0472929924726,-0.0848490744829,0.0001,0.0,0.0,0.0,0.0,0.0,0.0,0.0001,0.0,0.0,0.0,0.0,0.0,0.0,0.0001,0.0,0.0,0.0,0.0,0.0,0.0,0.0001,0.0,0.0,0.0,0.0,0.0,0.0,0.0001,0.0,0.0,0.0,0.0,0.0,0.0,0.0001
1532986830095175544,1204,1532986830093201534,map,base_link,-115.854728699,201.704940796,51.2503509521,-0.080470304369,0.0384352325736,0.109336082547,-0.989996406087,1e-06,0.0,0.0,0.0,0.0,0.0,0.0,1e-06,0.0,0.0,0.0,0.0,0.0,0.0,1e-06,0.0,0.0,0.0,0.0,0.0,0.0,1e-06,0.0,0.0,0.0,0.0,0.0,0.0,1e-06,0.0,0.0,0.0,0.0,0.0,0.0,1e-06,15.6285118072,4.16143600309,-1.10368274876,0.126745402813,-0.0498221702874,-0.138535887003,0.0001,0.0,0.0,0.0,0.0,0.0,0.0,0.0001,0.0,0.0,0.0,0.0,0.0,0.0,0.0001,0.0,0.0,0.0,0.0,0.0,0.0,0.0001,0.0,0.0,0.0,0.0,0.0,0.0,0.0001,0.0,0.0,0.0,0.0,0.0,0.0,0.0001
1532986830369641470,1205,1532986830368959360,map,base_link,-111.720588684,201.802352905,51.4483757019,-0.094352477717,0.0429833153844,0.119902396551,-0.987356804731,1e-06,0.0,0.0,0.0,0.0,0.0,0.0,1e-06,0.0,0.0,0.0,0.0,0.0,0.0,1e-06,0.0,0.0,0.0,0.0,0.0,0.0,1e-06,0.0,0.0,0.0,0.0,0.0,0.0,1e-06,0.0,0.0,0.0,0.0,0.0,0.0,1e-06,15.4615137072,4.1236792961,-1.18248150764,0.00212960224599,0.00406229123473,-0.0499369166791,0.0001,0.0,0.0,0.0,0.0,0.0,0.0,0.0001,0.0,0.0,0.0,0.0,0.0,0.0,0.0001,0.0,0.0,0.0,0.0,0.0,0.0,0.0001,0.0,0.0,0.0,0.0,0.0,0.0,0.0001,0.0,0.0,0.0,0.0,0.0,0.0,0.0001
1532986830620933227,1206,1532986830615314107,map,base_link,-107.926025391,201.815612793,51.6241531372,-0.094352477717,0.0429833153844,0.119902396551,-0.987356804731,1e-06,0.0,0.0,0.0,0.0,0.0,0.0,1e-06,0.0,0.0,0.0,0.0,0.0,0.0,1e-06,0.0,0.0,0.0,0.0,0.0,0.0,1e-06,0.0,0.0,0.0,0.0,0.0,0.0,1e-06,0.0,0.0,0.0,0.0,0.0,0.0,1e-06,15.4344572878,3.83110993144,-1.29367163104,0.00212960224599,0.00406229123473,-0.0499369166791,0.0001,0.0,0.0,0.0,0.0,0.0,0.0,0.0001,0.0,0.0,0.0,0.0,0.0,0.0,0.0001,0.0,0.0,0.0,0.0,0.0,0.0,0.0001,0.0,0.0,0.0,0.0,0.0,0.0,0.0001,0.0,0.0,0.0,0.0,0.0,0.0,0.0001
1532986830848517342,1207,1532986830847882144,map,base_link,-103.817962646,201.792510986,51.7173118591,-0.0688643925258,0.028734334891,0.144204957537,-0.986730441236,1e-06,0.0,0.0,0.0,0.0,0.0,0.0,1e-06,0.0,0.0,0.0,0.0,0.0,0.0,1e-06,0.0,0.0,0.0,0.0,0.0,0.0,1e-06,0.0,0.0,0.0,0.0,0.0,0.0,1e-06,0.0,0.0,0.0,0.0,0.0,0.0,1e-06,15.2706871743,4.43428406478,-1.12244038983,-0.354315698147,0.0683137401938,-0.15444663167,0.0001,0.0,0.0,0.0,0.0,0.0,0.0,0.0001,0.0,0.0,0.0,0.0,0.0,0.0,0.0001,0.0,0.0,0.0,0.0,0.0,0.0,0.0001,0.0,0.0,0.0,0.0,0.0,0.0,0.0001,0.0,0.0,0.0,0.0,0.0,0.0,0.0001
1532986831111378760,1208,1532986831110672522,map,base_link,-99.7135238647,201.72088623,51.7267532349,-0.0539357405233,0.0108572211255,0.17044151699,-0.983830649009,1e-06,0.0,0.0,0.0,0.0,0.0,0.0,1e-06,0.0,0.0,0.0,0.0,0.0,0.0,1e-06,0.0,0.0,0.0,0.0,0.0,0.0,1e-06,0.0,0.0,0.0,0.0,0.0,0.0,1e-06,0.0,0.0,0.0,0.0,0.0,0.0,1e-06,15.1432021339,5.01333124692,-0.597651963625,-0.0281637106091,0.0473088100553,-0.199018031359,0.0001,0.0,0.0,0.0,0.0,0.0,0.0,0.0001,0.0,0.0,0.0,0.0,0.0,0.0,0.0001,0.0,0.0,0.0,0.0,0.0,0.0,0.0001,0.0,0.0,0.0,0.0,0.0,0.0,0.0001,0.0,0.0,0.0,0.0,0.0,0.0,0.0001
1532986831401944766,1209,1532986831393940246,map,base_link,-95.8929367065,201.582061768,51.7238769531,-0.0516419916601,0.00959229165348,0.177950416273,-0.982636627643,1e-06,0.0,0.0,0.0,0.0,0.0,0.0,1e-06,0.0,0.0,0.0,0.0,0.0,0.0,1e-06,0.0,0.0,0.0,0.0,0.0,0.0,1e-06,0.0,0.0,0.0,0.0,0.0,0.0,1e-06,0.0,0.0,0.0,0.0,0.0,0.0,1e-06,15.172740691,4.99844747602,-0.610475060772,-0.0283238086849,-0.0086779538542,0.0419903434813,0.0001,0.0,0.0,0.0,0.0,0.0,0.0,0.0001,0.0,0.0,0.0,0.0,0.0,0.0,0.0001,0.0,0.0,0.0,0.0,0.0,0.0,0.0001,0.0,0.0,0.0,0.0,0.0,0.0,0.0001,0.0,0.0,0.0,0.0,0.0,0.0,0.0001
1532986831606120664,1210,1532986831602485347,map,base_link,-92.3794021606,201.40512085,51.6521453857,-0.0516419916601,0.00959229165348,0.177950416273,-0.982636627643,1e-06,0.0,0.0,0.0,0.0,0.0,0.0,1e-06,0.0,0.0,0.0,0.0,0.0,0.0,1e-06,0.0,0.0,0.0,0.0,0.0,0.0,1e-06,0.0,0.0,0.0,0.0,0.0,0.0,1e-06,0.0,0.0,0.0,0.0,0.0,0.0,1e-06,15.230102039,4.80531280073,-1.09063798667,-0.0283238086849,-0.0086779538542,0.0419903434813,0.0001,0.0,0.0,0.0,0.0,0.0,0.0,0.0001,0.0,0.0,0.0,0.0,0.0,0.0,0.0001,0.0,0.0,0.0,0.0,0.0,0.0,0.0001,0.0,0.0,0.0,0.0,0.0,0.0,0.0001,0.0,0.0,0.0,0.0,0.0,0.0,0.0001
1532986831851342871,1211,1532986831850443801,map,base_link,-88.2247009277,201.188751221,51.5233306885,-0.029792056295,0.0057984648915,0.167939902324,-0.985329894195,1e-06,0.0,0.0,0.0,0.0,0.0,0.0,1e-06,0.0,0.0,0.0,0.0,0.0,0.0,1e-06,0.0,0.0,0.0,0.0,0.0,0.0,1e-06,0.0,0.0,0.0,0.0,0.0,0.0,1e-06,0.0,0.0,0.0,0.0,0.0,0.0,1e-06,15.423557512,4.62744623215,-0.599097595017,-0.55398017168,-0.0171889606863,0.0693274214864,0.0001,0.0,0.0,0.0,0.0,0.0,0.0,0.0001,0.0,0.0,0.0,0.0,0.0,0.0,0.0001,0.0,0.0,0.0,0.0,0.0,0.0,0.0001,0.0,0.0,0.0,0.0,0.0,0.0,0.0001,0.0,0.0,0.0,0.0,0.0,0.0,0.0001
1532986832113755138,1212,1532986832112704421,map,base_link,-83.6696777344,201.019699097,51.5019493103,0.0488674334733,-0.00360336245582,0.164502079724,-0.9851588986,1e-06,0.0,0.0,0.0,0.0,0.0,0.0,1e-06,0.0,0.0,0.0,0.0,0.0,0.0,1e-06,0.0,0.0,0.0,0.0,0.0,0.0,1e-06,0.0,0.0,0.0,0.0,0.0,0.0,1e-06,0.0,0.0,0.0,0.0,0.0,0.0,1e-06,15.5389805234,4.80676474132,0.391213186829,-0.0313607603312,-0.0478906035423,0.0507699623704,0.0001,0.0,0.0,0.0,0.0,0.0,0.0,0.0001,0.0,0.0,0.0,0.0,0.0,0.0,0.0001,0.0,0.0,0.0,0.0,0.0,0.0,0.0001,0.0,0.0,0.0,0.0,0.0,0.0,0.0001,0.0,0.0,0.0,0.0,0.0,0.0,0.0001
1532986832361840664,1213,1532986832360833467,map,base_link,-79.7450027466,200.940032959,51.5343780518,0.0225619675542,0.00340915727186,0.145013887289,-0.989166471207,1e-06,0.0,0.0,0.0,0.0,0.0,0.0,1e-06,0.0,0.0,0.0,0.0,0.0,0.0,1e-06,0.0,0.0,0.0,0.0,0.0,0.0,1e-06,0.0,0.0,0.0,0.0,0.0,0.0,1e-06,0.0,0.0,0.0,0.0,0.0,0.0,1e-06,15.7514363544,4.42064542323,-0.0789282791292,0.169277831912,-0.0379637256265,0.126993134618,0.0001,0.0,0.0,0.0,0.0,0.0,0.0,0.0001,0.0,0.0,0.0,0.0,0.0,0.0,0.0001,0.0,0.0,0.0,0.0,0.0,0.0,0.0001,0.0,0.0,0.0,0.0,0.0,0.0,0.0001,0.0,0.0,0.0,0.0,0.0,0.0,0.0001
1532986832615124670,1214,1532986832614468256,map,base_link,-75.7963867187,200.904037476,51.4936141968,0.0225619675542,0.00340915727186,0.145013887289,-0.989166471207,1e-06,0.0,0.0,0.0,0.0,0.0,0.0,1e-06,0.0,0.0,0.0,0.0,0.0,0.0,1e-06,0.0,0.0,0.0,0.0,0.0,0.0,1e-06,0.0,0.0,0.0,0.0,0.0,0.0,1e-06,0.0,0.0,0.0,0.0,0.0,0.0,1e-06,15.7511762876,4.63164576708,-0.45757517163,0.169277831912,-0.0379637256265,0.126993134618,0.0001,0.0,0.0,0.0,0.0,0.0,0.0,0.0001,0.0,0.0,0.0,0.0,0.0,0.0,0.0001,0.0,0.0,0.0,0.0,0.0,0.0,0.0001,0.0,0.0,0.0,0.0,0.0,0.0,0.0001,0.0,0.0,0.0,0.0,0.0,0.0,0.0001
1532986832855792618,1215,1532986832854884685,map,base_link,-71.8361206055,200.917495728,51.4050483704,0.0124359262909,0.00397596619121,0.143280471273,-0.989596001397,1e-06,0.0,0.0,0.0,0.0,0.0,0.0,1e-06,0.0,0.0,0.0,0.0,0.0,0.0,1e-06,0.0,0.0,0.0,0.0,0.0,0.0,1e-06,0.0,0.0,0.0,0.0,0.0,0.0,1e-06,0.0,0.0,0.0,0.0,0.0,0.0,1e-06,15.8309720803,4.7546964228,-0.369149377608,-0.0346952863038,-0.00902196392417,-0.0589115768671,0.0001,0.0,0.0,0.0,0.0,0.0,0.0,0.0001,0.0,0.0,0.0,0.0,0.0,0.0,0.0001,0.0,0.0,0.0,0.0,0.0,0.0,0.0001,0.0,0.0,0.0,0.0,0.0,0.0,0.0001,0.0,0.0,0.0,0.0,0.0,0.0,0.0001
1532986833106056314,1216,1532986833105747963,map,base_link,-67.5172576904,200.968383789,51.3732872009,0.0124359262909,0.00397596619121,0.143280471273,-0.989596001397,1e-06,0.0,0.0,0.0,0.0,0.0,0.0,1e-06,0.0,0.0,0.0,0.0,0.0,0.0,1e-06,0.0,0.0,0.0,0.0,0.0,0.0,1e-06,0.0,0.0,0.0,0.0,0.0,0.0,1e-06,0.0,0.0,0.0,0.0,0.0,0.0,1e-06,15.8926899612,4.87266002237,-0.131710303145,-0.0346952863038,-0.00902196392417,-0.0589115768671,0.0001,0.0,0.0,0.0,0.0,0.0,0.0,0.0001,0.0,0.0,0.0,0.0,0.0,0.0,0.0001,0.0,0.0,0.0,0.0,0.0,0.0,0.0001,0.0,0.0,0.0,0.0,0.0,0.0,0.0001,0.0,0.0,0.0,0.0,0.0,0.0,0.0001
1532986833376665420,1217,1532986833374036788,map,base_link,-63.2021713257,201.026123047,51.3798446655,-0.00392717567496,0.00885290103578,0.149001188619,-0.988789587943,1e-06,0.0,0.0,0.0,0.0,0.0,0.0,1e-06,0.0,0.0,0.0,0.0,0.0,0.0,1e-06,0.0,0.0,0.0,0.0,0.0,0.0,1e-06,0.0,0.0,0.0,0.0,0.0,0.0,1e-06,0.0,0.0,0.0,0.0,0.0,0.0,1e-06,15.8569896742,5.06738080608,-0.53855873553,0.0662503167987,-0.0123340310529,0.014097776264,0.0001,0.0,0.0,0.0,0.0,0.0,0.0,0.0001,0.0,0.0,0.0,0.0,0.0,0.0,0.0001,0.0,0.0,0.0,0.0,0.0,0.0,0.0001,0.0,0.0,0.0,0.0,0.0,0.0,0.0001,0.0,0.0,0.0,0.0,0.0,0.0,0.0001
1532986833618534997,1218,1532986833616050492,map,base_link,-59.2114677429,201.079940796,51.321598053,-0.0147800810455,0.0102344476433,0.143432799264,-0.989496759662,1e-06,0.0,0.0,0.0,0.0,0.0,0.0,1e-06,0.0,0.0,0.0,0.0,0.0,0.0,1e-06,0.0,0.0,0.0,0.0,0.0,0.0,1e-06,0.0,0.0,0.0,0.0,0.0,0.0,1e-06,0.0,0.0,0.0,0.0,0.0,0.0,1e-06,15.9420151797,4.8736902875,-0.83889669655,0.134079560637,0.015121050179,0.0277705583721,0.0001,0.0,0.0,0.0,0.0,0.0,0.0,0.0001,0.0,0.0,0.0,0.0,0.0,0.0,0.0001,0.0,0.0,0.0,0.0,0.0,0.0,0.0001,0.0,0.0,0.0,0.0,0.0,0.0,0.0001,0.0,0.0,0.0,0.0,0.0,0.0,0.0001
1532986833865022544,1219,1532986833864462769,map,base_link,-54.8797950745,201.122741699,51.2473640442,-0.0147800810455,0.0102344476433,0.143432799264,-0.989496759662,1e-06,0.0,0.0,0.0,0.0,0.0,0.0,1e-06,0.0,0.0,0.0,0.0,0.0,0.0,1e-06,0.0,0.0,0.0,0.0,0.0,0.0,1e-06,0.0,0.0,0.0,0.0,0.0,0.0,1e-06,0.0,0.0,0.0,0.0,0.0,0.0,1e-06,16.0020423484,4.83147728151,-0.733184088395,0.134079560637,0.015121050179,0.0277705583721,0.0001,0.0,0.0,0.0,0.0,0.0,0.0,0.0001,0.0,0.0,0.0,0.0,0.0,0.0,0.0001,0.0,0.0,0.0,0.0,0.0,0.0,0.0001,0.0,0.0,0.0,0.0,0.0,0.0,0.0001,0.0,0.0,0.0,0.0,0.0,0.0,0.0001
1532986834078214831,1220,1532986834075450519,map,base_link,-51.5365524292,201.135009766,51.2013130188,-0.0299907489528,0.00869092252117,0.138789222431,-0.989829568451,1e-06,0.0,0.0,0.0,0.0,0.0,0.0,1e-06,0.0,0.0,0.0,0.0,0.0,0.0,1e-06,0.0,0.0,0.0,0.0,0.0,0.0,1e-06,0.0,0.0,0.0,0.0,0.0,0.0,1e-06,0.0,0.0,0.0,0.0,0.0,0.0,1e-06,16.1029816719,4.58618615718,-0.717344927266,0.0590504258871,0.00102642737329,0.013452376239,0.0001,0.0,0.0,0.0,0.0,0.0,0.0,0.0001,0.0,0.0,0.0,0.0,0.0,0.0,0.0001,0.0,0.0,0.0,0.0,0.0,0.0,0.0001,0.0,0.0,0.0,0.0,0.0,0.0,0.0001,0.0,0.0,0.0,0.0,0.0,0.0,0.0001
1532986834341180216,1221,1532986834339616829,map,base_link,-46.8581695557,201.105010986,51.1713447571,-0.0299907489528,0.00869092252117,0.138789222431,-0.989829568451,1e-06,0.0,0.0,0.0,0.0,0.0,0.0,1e-06,0.0,0.0,0.0,0.0,0.0,0.0,1e-06,0.0,0.0,0.0,0.0,0.0,0.0,1e-06,0.0,0.0,0.0,0.0,0.0,0.0,1e-06,0.0,0.0,0.0,0.0,0.0,0.0,1e-06,16.1745097338,4.39115922233,-0.383508695377,0.0590504258871,0.00102642737329,0.013452376239,0.0001,0.0,0.0,0.0,0.0,0.0,0.0,0.0001,0.0,0.0,0.0,0.0,0.0,0.0,0.0001,0.0,0.0,0.0,0.0,0.0,0.0,0.0001,0.0,0.0,0.0,0.0,0.0,0.0,0.0001,0.0,0.0,0.0,0.0,0.0,0.0,0.0001
1532986834578441359,1222,1532986834575929846,map,base_link,-42.8219909668,201.01802063,51.2187728882,-0.0425913528613,0.0127920944312,0.127003461827,-0.99090486913,1e-06,0.0,0.0,0.0,0.0,0.0,0.0,1e-06,0.0,0.0,0.0,0.0,0.0,0.0,1e-06,0.0,0.0,0.0,0.0,0.0,0.0,1e-06,0.0,0.0,0.0,0.0,0.0,0.0,1e-06,0.0,0.0,0.0,0.0,0.0,0.0,1e-06,16.3008092275,3.84627787294,-0.307172285633,0.023692118004,-0.00636371970177,0.0899473428726,0.0001,0.0,0.0,0.0,0.0,0.0,0.0,0.0001,0.0,0.0,0.0,0.0,0.0,0.0,0.0001,0.0,0.0,0.0,0.0,0.0,0.0,0.0001,0.0,0.0,0.0,0.0,0.0,0.0,0.0001,0.0,0.0,0.0,0.0,0.0,0.0,0.0001
1532986834817275840,1223,1532986834814994407,map,base_link,-39.1389198303,200.902786255,51.3097953796,-0.0346122987202,0.0145312005221,0.112260547749,-0.992969487148,1e-06,0.0,0.0,0.0,0.0,0.0,0.0,1e-06,0.0,0.0,0.0,0.0,0.0,0.0,1e-06,0.0,0.0,0.0,0.0,0.0,0.0,1e-06,0.0,0.0,0.0,0.0,0.0,0.0,1e-06,0.0,0.0,0.0,0.0,0.0,0.0,1e-06,16.4213891752,3.21602071945,-0.0792894840782,-0.206933215261,-0.0090578822419,0.0821776241064,0.0001,0.0,0.0,0.0,0.0,0.0,0.0,0.0001,0.0,0.0,0.0,0.0,0.0,0.0,0.0001,0.0,0.0,0.0,0.0,0.0,0.0,0.0001,0.0,0.0,0.0,0.0,0.0,0.0,0.0001,0.0,0.0,0.0,0.0,0.0,0.0,0.0001
1532986835047687852,1224,1532986835047170317,map,base_link,-35.1088829041,200.761764526,51.4183616638,-0.0346122987202,0.0145312005221,0.112260547749,-0.992969487148,1e-06,0.0,0.0,0.0,0.0,0.0,0.0,1e-06,0.0,0.0,0.0,0.0,0.0,0.0,1e-06,0.0,0.0,0.0,0.0,0.0,0.0,1e-06,0.0,0.0,0.0,0.0,0.0,0.0,1e-06,0.0,0.0,0.0,0.0,0.0,0.0,1e-06,16.3929954514,3.14959432318,-0.353409630319,-0.206933215261,-0.0090578822419,0.0821776241064,0.0001,0.0,0.0,0.0,0.0,0.0,0.0,0.0001,0.0,0.0,0.0,0.0,0.0,0.0,0.0001,0.0,0.0,0.0,0.0,0.0,0.0,0.0001,0.0,0.0,0.0,0.0,0.0,0.0,0.0001,0.0,0.0,0.0,0.0,0.0,0.0,0.0001
1532986835310451958,1225,1532986835309023098,map,base_link,-30.7558822632,200.615478516,51.4087104797,-0.0010768484395,0.00559579549192,0.0982756140301,-0.995142919965,1e-06,0.0,0.0,0.0,0.0,0.0,0.0,1e-06,0.0,0.0,0.0,0.0,0.0,0.0,1e-06,0.0,0.0,0.0,0.0,0.0,0.0,1e-06,0.0,0.0,0.0,0.0,0.0,0.0,1e-06,0.0,0.0,0.0,0.0,0.0,0.0,1e-06,16.4652563935,2.64956408437,-0.436260609833,-0.206693559885,0.0132626742125,0.0618909224868,0.0001,0.0,0.0,0.0,0.0,0.0,0.0,0.0001,0.0,0.0,0.0,0.0,0.0,0.0,0.0001,0.0,0.0,0.0,0.0,0.0,0.0,0.0001,0.0,0.0,0.0,0.0,0.0,0.0,0.0001,0.0,0.0,0.0,0.0,0.0,0.0,0.0001
1532986835622281484,1226,1532986835620717809,map,base_link,-25.7435474396,200.45930481,51.2777519226,-0.000195038824888,0.00196488778143,0.0758228069808,-0.997119352494,1e-06,0.0,0.0,0.0,0.0,0.0,0.0,1e-06,0.0,0.0,0.0,0.0,0.0,0.0,1e-06,0.0,0.0,0.0,0.0,0.0,0.0,1e-06,0.0,0.0,0.0,0.0,0.0,0.0,1e-06,0.0,0.0,0.0,0.0,0.0,0.0,1e-06,16.6105396252,1.92428042082,-0.479615365877,0.058749075979,0.00177253456786,0.198981329799,0.0001,0.0,0.0,0.0,0.0,0.0,0.0,0.0001,0.0,0.0,0.0,0.0,0.0,0.0,0.0001,0.0,0.0,0.0,0.0,0.0,0.0,0.0001,0.0,0.0,0.0,0.0,0.0,0.0,0.0001,0.0,0.0,0.0,0.0,0.0,0.0,0.0001
1532986835750609962,1227,1532986835750246443,map,base_link,-23.4144229889,200.390182495,51.2048606873,-0.000195038824888,0.00196488778143,0.0758228069808,-0.997119352494,1e-06,0.0,0.0,0.0,0.0,0.0,0.0,1e-06,0.0,0.0,0.0,0.0,0.0,0.0,1e-06,0.0,0.0,0.0,0.0,0.0,0.0,1e-06,0.0,0.0,0.0,0.0,0.0,0.0,1e-06,0.0,0.0,0.0,0.0,0.0,0.0,1e-06,16.6393087452,1.97268557456,-0.562638242883,0.058749075979,0.00177253456786,0.198981329799,0.0001,0.0,0.0,0.0,0.0,0.0,0.0,0.0001,0.0,0.0,0.0,0.0,0.0,0.0,0.0001,0.0,0.0,0.0,0.0,0.0,0.0,0.0001,0.0,0.0,0.0,0.0,0.0,0.0,0.0001,0.0,0.0,0.0,0.0,0.0,0.0,0.0001
1532986835982184754,1228,1532986835981527764,map,base_link,-19.70362854,200.288619995,51.094455719,-0.0210843422455,0.00444870688066,0.0431688695183,-0.998835375937,1e-06,0.0,0.0,0.0,0.0,0.0,0.0,1e-06,0.0,0.0,0.0,0.0,0.0,0.0,1e-06,0.0,0.0,0.0,0.0,0.0,0.0,1e-06,0.0,0.0,0.0,0.0,0.0,0.0,1e-06,0.0,0.0,0.0,0.0,0.0,0.0,1e-06,16.8300962053,0.834913407208,-0.460854393365,0.157372653484,-0.0549193024635,0.081037953496,0.0001,0.0,0.0,0.0,0.0,0.0,0.0,0.0001,0.0,0.0,0.0,0.0,0.0,0.0,0.0001,0.0,0.0,0.0,0.0,0.0,0.0,0.0001,0.0,0.0,0.0,0.0,0.0,0.0,0.0001,0.0,0.0,0.0,0.0,0.0,0.0,0.0001
1532986836275755135,1229,1532986836275011010,map,base_link,-14.6108236313,200.118911743,51.1321334839,-0.0518002414935,0.0119120917941,0.0285164470592,-0.998179166932,1e-06,0.0,0.0,0.0,0.0,0.0,0.0,1e-06,0.0,0.0,0.0,0.0,0.0,0.0,1e-06,0.0,0.0,0.0,0.0,0.0,0.0,1e-06,0.0,0.0,0.0,0.0,0.0,0.0,1e-06,0.0,0.0,0.0,0.0,0.0,0.0,1e-06,16.9471095059,0.337118818609,0.240273700858,-0.0756347700953,-0.011110605672,0.0770310387015,0.0001,0.0,0.0,0.0,0.0,0.0,0.0,0.0001,0.0,0.0,0.0,0.0,0.0,0.0,0.0001,0.0,0.0,0.0,0.0,0.0,0.0,0.0001,0.0,0.0,0.0,0.0,0.0,0.0,0.0001,0.0,0.0,0.0,0.0,0.0,0.0,0.0001
1532986836480500984,1230,1532986836476563587,map,base_link,-10.8559455872,199.9947052,51.3301696777,-0.0518002414935,0.0119120917941,0.0285164470592,-0.998179166932,1e-06,0.0,0.0,0.0,0.0,0.0,0.0,1e-06,0.0,0.0,0.0,0.0,0.0,0.0,1e-06,0.0,0.0,0.0,0.0,0.0,0.0,1e-06,0.0,0.0,0.0,0.0,0.0,0.0,1e-06,0.0,0.0,0.0,0.0,0.0,0.0,1e-06,16.9649928583,0.392856504849,0.590398713217,-0.0756347700953,-0.011110605672,0.0770310387015,0.0001,0.0,0.0,0.0,0.0,0.0,0.0,0.0001,0.0,0.0,0.0,0.0,0.0,0.0,0.0001,0.0,0.0,0.0,0.0,0.0,0.0,0.0001,0.0,0.0,0.0,0.0,0.0,0.0,0.0001,0.0,0.0,0.0,0.0,0.0,0.0,0.0001
1532986836735780472,1231,1532986836735002266,map,base_link,-6.41253185272,199.841522217,51.645401001,-0.0518002414935,0.0119120917941,0.0285164470592,-0.998179166932,1e-06,0.0,0.0,0.0,0.0,0.0,0.0,1e-06,0.0,0.0,0.0,0.0,0.0,0.0,1e-06,0.0,0.0,0.0,0.0,0.0,0.0,1e-06,0.0,0.0,0.0,0.0,0.0,0.0,1e-06,0.0,0.0,0.0,0.0,0.0,0.0,1e-06,17.0309985875,0.412279010632,0.733443805466,-0.0756347700953,-0.011110605672,0.0770310387015,0.0001,0.0,0.0,0.0,0.0,0.0,0.0,0.0001,0.0,0.0,0.0,0.0,0.0,0.0,0.0001,0.0,0.0,0.0,0.0,0.0,0.0,0.0001,0.0,0.0,0.0,0.0,0.0,0.0,0.0001,0.0,0.0,0.0,0.0,0.0,0.0,0.0001
1532986836985154730,1232,1532986836984671052,map,base_link,-2.29705667496,199.739578247,51.9016838074,0.00898660204059,-0.00466713665721,0.0673620724681,-0.997677207323,1e-06,0.0,0.0,0.0,0.0,0.0,0.0,1e-06,0.0,0.0,0.0,0.0,0.0,0.0,1e-06,0.0,0.0,0.0,0.0,0.0,0.0,1e-06,0.0,0.0,0.0,0.0,0.0,0.0,1e-06,0.0,0.0,0.0,0.0,0.0,0.0,1e-06,16.9298599318,1.77881171389,0.686533770849,-0.639738738537,0.0576969906688,-0.108470745385,0.0001,0.0,0.0,0.0,0.0,0.0,0.0,0.0001,0.0,0.0,0.0,0.0,0.0,0.0,0.0001,0.0,0.0,0.0,0.0,0.0,0.0,0.0001,0.0,0.0,0.0,0.0,0.0,0.0,0.0001,0.0,0.0,0.0,0.0,0.0,0.0,0.0001
1532986837247845685,1233,1532986837247292790,map,base_link,2.14435911179,199.700958252,52.0004806519,0.0551697790304,-0.0207114997687,0.081166400397,-0.994956956207,1e-06,0.0,0.0,0.0,0.0,0.0,0.0,1e-06,0.0,0.0,0.0,0.0,0.0,0.0,1e-06,0.0,0.0,0.0,0.0,0.0,0.0,1e-06,0.0,0.0,0.0,0.0,0.0,0.0,1e-06,0.0,0.0,0.0,0.0,0.0,0.0,1e-06,16.8862927055,2.49068052941,0.966715205161,-0.0870662033558,0.0268789902329,-0.0894384607673,0.0001,0.0,0.0,0.0,0.0,0.0,0.0,0.0001,0.0,0.0,0.0,0.0,0.0,0.0,0.0001,0.0,0.0,0.0,0.0,0.0,0.0,0.0001,0.0,0.0,0.0,0.0,0.0,0.0,0.0001,0.0,0.0,0.0,0.0,0.0,0.0,0.0001
1532986837496725672,1234,1532986837496272426,map,base_link,6.24014234543,199.729171753,52.0286521912,0.0551697790304,-0.0207114997687,0.081166400397,-0.994956956207,1e-06,0.0,0.0,0.0,0.0,0.0,0.0,1e-06,0.0,0.0,0.0,0.0,0.0,0.0,1e-06,0.0,0.0,0.0,0.0,0.0,0.0,1e-06,0.0,0.0,0.0,0.0,0.0,0.0,1e-06,0.0,0.0,0.0,0.0,0.0,0.0,1e-06,16.9834583369,2.82384812256,0.965678420205,-0.0870662033558,0.0268789902329,-0.0894384607673,0.0001,0.0,0.0,0.0,0.0,0.0,0.0,0.0001,0.0,0.0,0.0,0.0,0.0,0.0,0.0001,0.0,0.0,0.0,0.0,0.0,0.0,0.0001,0.0,0.0,0.0,0.0,0.0,0.0,0.0001,0.0,0.0,0.0,0.0,0.0,0.0,0.0001
1532986837693965399,1235,1532986837693263481,map,base_link,10.047961235,199.81137085,52.0476493835,0.0416558158788,-0.0235289918681,0.0737655176756,-0.996127415518,1e-06,0.0,0.0,0.0,0.0,0.0,0.0,1e-06,0.0,0.0,0.0,0.0,0.0,0.0,1e-06,0.0,0.0,0.0,0.0,0.0,0.0,1e-06,0.0,0.0,0.0,0.0,0.0,0.0,1e-06,0.0,0.0,0.0,0.0,0.0,0.0,1e-06,17.1292097153,2.79867755338,0.924855385355,0.218377053738,0.0279893446714,0.0643770769238,0.0001,0.0,0.0,0.0,0.0,0.0,0.0,0.0001,0.0,0.0,0.0,0.0,0.0,0.0,0.0001,0.0,0.0,0.0,0.0,0.0,0.0,0.0001,0.0,0.0,0.0,0.0,0.0,0.0,0.0001,0.0,0.0,0.0,0.0,0.0,0.0,0.0001
1532986837942463340,1236,1532986837941766894,map,base_link,14.2425260544,199.930130005,52.0453224182,0.0416558158788,-0.0235289918681,0.0737655176756,-0.996127415518,1e-06,0.0,0.0,0.0,0.0,0.0,0.0,1e-06,0.0,0.0,0.0,0.0,0.0,0.0,1e-06,0.0,0.0,0.0,0.0,0.0,0.0,1e-06,0.0,0.0,0.0,0.0,0.0,0.0,1e-06,0.0,0.0,0.0,0.0,0.0,0.0,1e-06,17.2675212104,2.94765878857,0.885163163249,0.218377053738,0.0279893446714,0.0643770769238,0.0001,0.0,0.0,0.0,0.0,0.0,0.0,0.0001,0.0,0.0,0.0,0.0,0.0,0.0,0.0001,0.0,0.0,0.0,0.0,0.0,0.0,0.0001,0.0,0.0,0.0,0.0,0.0,0.0,0.0001,0.0,0.0,0.0,0.0,0.0,0.0,0.0001
1532986838195725203,1237,1532986838195241748,map,base_link,18.809129715,200.084365845,52.0134773254,0.00903875694197,-0.0240661907802,0.0591495419436,-0.99791805827,1e-06,0.0,0.0,0.0,0.0,0.0,0.0,1e-06,0.0,0.0,0.0,0.0,0.0,0.0,1e-06,0.0,0.0,0.0,0.0,0.0,0.0,1e-06,0.0,0.0,0.0,0.0,0.0,0.0,1e-06,0.0,0.0,0.0,0.0,0.0,0.0,1e-06,17.4538137236,2.58096667143,0.707699396377,0.0186333879828,0.0109880883247,0.0526734516025,0.0001,0.0,0.0,0.0,0.0,0.0,0.0,0.0001,0.0,0.0,0.0,0.0,0.0,0.0,0.0001,0.0,0.0,0.0,0.0,0.0,0.0,0.0001,0.0,0.0,0.0,0.0,0.0,0.0,0.0001,0.0,0.0,0.0,0.0,0.0,0.0,0.0001
1532986838444452455,1238,1532986838440459283,map,base_link,23.0782089233,200.255661011,51.9604606628,0.000418261175348,-0.0235753728636,0.0449183046793,-0.998712357367,1e-06,0.0,0.0,0.0,0.0,0.0,0.0,1e-06,0.0,0.0,0.0,0.0,0.0,0.0,1e-06,0.0,0.0,0.0,0.0,0.0,0.0,1e-06,0.0,0.0,0.0,0.0,0.0,0.0,1e-06,0.0,0.0,0.0,0.0,0.0,0.0,1e-06,17.5766021086,2.22219631416,0.605134557258,0.0655053332448,0.000237417407334,0.0337320640683,0.0001,0.0,0.0,0.0,0.0,0.0,0.0,0.0001,0.0,0.0,0.0,0.0,0.0,0.0,0.0001,0.0,0.0,0.0,0.0,0.0,0.0,0.0001,0.0,0.0,0.0,0.0,0.0,0.0,0.0001,0.0,0.0,0.0,0.0,0.0,0.0,0.0001
1532986838705670198,1239,1532986838703620988,map,base_link,27.7247695923,200.469360352,51.867389679,0.000418261175348,-0.0235753728636,0.0449183046793,-0.998712357367,1e-06,0.0,0.0,0.0,0.0,0.0,0.0,1e-06,0.0,0.0,0.0,0.0,0.0,0.0,1e-06,0.0,0.0,0.0,0.0,0.0,0.0,1e-06,0.0,0.0,0.0,0.0,0.0,0.0,1e-06,0.0,0.0,0.0,0.0,0.0,0.0,1e-06,17.6106082191,2.3805803044,0.47133756999,0.0655053332448,0.000237417407334,0.0337320640683,0.0001,0.0,0.0,0.0,0.0,0.0,0.0,0.0001,0.0,0.0,0.0,0.0,0.0,0.0,0.0001,0.0,0.0,0.0,0.0,0.0,0.0,0.0001,0.0,0.0,0.0,0.0,0.0,0.0,0.0001,0.0,0.0,0.0,0.0,0.0,0.0,0.0001
1532986838954954376,1240,1532986838954237706,map,base_link,32.3569107056,200.70942688,51.7269439697,-0.011253542547,-0.0242747838706,0.0547335351893,-0.998142441124,1e-06,0.0,0.0,0.0,0.0,0.0,0.0,1e-06,0.0,0.0,0.0,0.0,0.0,0.0,1e-06,0.0,0.0,0.0,0.0,0.0,0.0,1e-06,0.0,0.0,0.0,0.0,0.0,0.0,1e-06,0.0,0.0,0.0,0.0,0.0,0.0,1e-06,17.5703919771,2.73759139339,0.280343528866,0.121452093124,0.0060819410719,-0.0857232660055,0.0001,0.0,0.0,0.0,0.0,0.0,0.0,0.0001,0.0,0.0,0.0,0.0,0.0,0.0,0.0001,0.0,0.0,0.0,0.0,0.0,0.0,0.0001,0.0,0.0,0.0,0.0,0.0,0.0,0.0001,0.0,0.0,0.0,0.0,0.0,0.0,0.0001
1532986839195101174,1241,1532986839194178681,map,base_link,35.8962631226,200.874313354,51.623336792,-0.011253542547,-0.0242747838706,0.0547335351893,-0.998142441124,1e-06,0.0,0.0,0.0,0.0,0.0,0.0,1e-06,0.0,0.0,0.0,0.0,0.0,0.0,1e-06,0.0,0.0,0.0,0.0,0.0,0.0,1e-06,0.0,0.0,0.0,0.0,0.0,0.0,1e-06,0.0,0.0,0.0,0.0,0.0,0.0,1e-06,17.5631219729,2.60364737197,0.372977284819,0.121452093124,0.0060819410719,-0.0857232660055,0.0001,0.0,0.0,0.0,0.0,0.0,0.0,0.0001,0.0,0.0,0.0,0.0,0.0,0.0,0.0001,0.0,0.0,0.0,0.0,0.0,0.0,0.0001,0.0,0.0,0.0,0.0,0.0,0.0,0.0001,0.0,0.0,0.0,0.0,0.0,0.0,0.0001
1532986839499370787,1242,1532986839498756261,map,base_link,41.9573059082,201.057891846,51.5187683105,-0.0560913032358,-0.0133226321178,0.05028201222,-0.99706970289,1e-06,0.0,0.0,0.0,0.0,0.0,0.0,1e-06,0.0,0.0,0.0,0.0,0.0,0.0,1e-06,0.0,0.0,0.0,0.0,0.0,0.0,1e-06,0.0,0.0,0.0,0.0,0.0,0.0,1e-06,0.0,0.0,0.0,0.0,0.0,0.0,1e-06,17.5467462337,2.19459546005,0.243334272057,0.00363077875227,-0.0487151667476,0.108359925449,0.0001,0.0,0.0,0.0,0.0,0.0,0.0,0.0001,0.0,0.0,0.0,0.0,0.0,0.0,0.0001,0.0,0.0,0.0,0.0,0.0,0.0,0.0001,0.0,0.0,0.0,0.0,0.0,0.0,0.0001,0.0,0.0,0.0,0.0,0.0,0.0,0.0001
1532986839692129504,1243,1532986839691046371,map,base_link,45.4986419678,201.129013062,51.5224227905,-0.0560913032358,-0.0133226321178,0.05028201222,-0.99706970289,1e-06,0.0,0.0,0.0,0.0,0.0,0.0,1e-06,0.0,0.0,0.0,0.0,0.0,0.0,1e-06,0.0,0.0,0.0,0.0,0.0,0.0,1e-06,0.0,0.0,0.0,0.0,0.0,0.0,1e-06,0.0,0.0,0.0,0.0,0.0,0.0,1e-06,17.5020461939,2.13088977151,0.139865796942,0.00363077875227,-0.0487151667476,0.108359925449,0.0001,0.0,0.0,0.0,0.0,0.0,0.0,0.0001,0.0,0.0,0.0,0.0,0.0,0.0,0.0001,0.0,0.0,0.0,0.0,0.0,0.0,0.0001,0.0,0.0,0.0,0.0,0.0,0.0,0.0001,0.0,0.0,0.0,0.0,0.0,0.0,0.0001
1532986839921898829,1244,1532986839920582001,map,base_link,49.3942489624,201.189178467,51.4929695129,-0.0380793510884,-0.00630681031605,0.0501653811376,-0.997994800437,1e-06,0.0,0.0,0.0,0.0,0.0,0.0,1e-06,0.0,0.0,0.0,0.0,0.0,0.0,1e-06,0.0,0.0,0.0,0.0,0.0,0.0,1e-06,0.0,0.0,0.0,0.0,0.0,0.0,1e-06,0.0,0.0,0.0,0.0,0.0,0.0,1e-06,17.4122448242,1.96683874995,-0.0792045873928,0.016023254022,-0.0350445434451,-0.101402170956,0.0001,0.0,0.0,0.0,0.0,0.0,0.0,0.0001,0.0,0.0,0.0,0.0,0.0,0.0,0.0001,0.0,0.0,0.0,0.0,0.0,0.0,0.0001,0.0,0.0,0.0,0.0,0.0,0.0,0.0001,0.0,0.0,0.0,0.0,0.0,0.0,0.0001
1532986840193553052,1245,1532986840193058814,map,base_link,53.9675254822,201.219238281,51.4612388611,-0.0442794091003,0.00116356562474,0.056544680174,-0.997417003659,1e-06,0.0,0.0,0.0,0.0,0.0,0.0,1e-06,0.0,0.0,0.0,0.0,0.0,0.0,1e-06,0.0,0.0,0.0,0.0,0.0,0.0,1e-06,0.0,0.0,0.0,0.0,0.0,0.0,1e-06,0.0,0.0,0.0,0.0,0.0,0.0,1e-06,17.2667514478,2.00942888386,-0.289440776623,0.0104949437082,-0.0525032393634,0.00968140922487,0.0001,0.0,0.0,0.0,0.0,0.0,0.0,0.0001,0.0,0.0,0.0,0.0,0.0,0.0,0.0001,0.0,0.0,0.0,0.0,0.0,0.0,0.0001,0.0,0.0,0.0,0.0,0.0,0.0,0.0001,0.0,0.0,0.0,0.0,0.0,0.0,0.0001
1532986840398202357,1246,1532986840397162616,map,base_link,57.8057518005,201.22492981,51.4185142517,-0.0442794091003,0.00116356562474,0.056544680174,-0.997417003659,1e-06,0.0,0.0,0.0,0.0,0.0,0.0,1e-06,0.0,0.0,0.0,0.0,0.0,0.0,1e-06,0.0,0.0,0.0,0.0,0.0,0.0,1e-06,0.0,0.0,0.0,0.0,0.0,0.0,1e-06,0.0,0.0,0.0,0.0,0.0,0.0,1e-06,17.1609438371,1.92913910856,-0.471527787109,0.0104949437082,-0.0525032393634,0.00968140922487,0.0001,0.0,0.0,0.0,0.0,0.0,0.0,0.0001,0.0,0.0,0.0,0.0,0.0,0.0,0.0001,0.0,0.0,0.0,0.0,0.0,0.0,0.0001,0.0,0.0,0.0,0.0,0.0,0.0,0.0001,0.0,0.0,0.0,0.0,0.0,0.0,0.0001
1532986840622689810,1247,1532986840621835477,map,base_link,61.5995140076,201.227020264,51.3467559814,-0.027370244671,-0.001195225834,0.0598356254837,-0.997832219897,1e-06,0.0,0.0,0.0,0.0,0.0,0.0,1e-06,0.0,0.0,0.0,0.0,0.0,0.0,1e-06,0.0,0.0,0.0,0.0,0.0,0.0,1e-06,0.0,0.0,0.0,0.0,0.0,0.0,1e-06,0.0,0.0,0.0,0.0,0.0,0.0,1e-06,17.0655635281,2.00526630432,-0.429362730443,-0.0552929490805,0.0100722722709,-0.0529234670103,0.0001,0.0,0.0,0.0,0.0,0.0,0.0,0.0001,0.0,0.0,0.0,0.0,0.0,0.0,0.0001,0.0,0.0,0.0,0.0,0.0,0.0,0.0001,0.0,0.0,0.0,0.0,0.0,0.0,0.0001,0.0,0.0,0.0,0.0,0.0,0.0,0.0001
1532986840875389466,1248,1532986840874664541,map,base_link,65.7363204956,201.213485718,51.2641563416,-0.027370244671,-0.001195225834,0.0598356254837,-0.997832219897,1e-06,0.0,0.0,0.0,0.0,0.0,0.0,1e-06,0.0,0.0,0.0,0.0,0.0,0.0,1e-06,0.0,0.0,0.0,0.0,0.0,0.0,1e-06,0.0,0.0,0.0,0.0,0.0,0.0,1e-06,0.0,0.0,0.0,0.0,0.0,0.0,1e-06,16.9962886603,1.90725468442,-0.498574499598,-0.0552929490805,0.0100722722709,-0.0529234670103,0.0001,0.0,0.0,0.0,0.0,0.0,0.0,0.0001,0.0,0.0,0.0,0.0,0.0,0.0,0.0001,0.0,0.0,0.0,0.0,0.0,0.0,0.0001,0.0,0.0,0.0,0.0,0.0,0.0,0.0001,0.0,0.0,0.0,0.0,0.0,0.0,0.0001
1532986841090773331,1249,1532986841090275060,map,base_link,69.5267868042,201.183624268,51.1683273315,-0.0324842169978,-0.00336845855882,0.0632237842087,-0.997464877699,1e-06,0.0,0.0,0.0,0.0,0.0,0.0,1e-06,0.0,0.0,0.0,0.0,0.0,0.0,1e-06,0.0,0.0,0.0,0.0,0.0,0.0,1e-06,0.0,0.0,0.0,0.0,0.0,0.0,1e-06,0.0,0.0,0.0,0.0,0.0,0.0,1e-06,16.9467545138,1.97225170384,-0.452413734474,-0.0290711298585,-0.00480733346194,0.0104201855138,0.0001,0.0,0.0,0.0,0.0,0.0,0.0,0.0001,0.0,0.0,0.0,0.0,0.0,0.0,0.0001,0.0,0.0,0.0,0.0,0.0,0.0,0.0001,0.0,0.0,0.0,0.0,0.0,0.0,0.0001,0.0,0.0,0.0,0.0,0.0,0.0,0.0001
1532986841290302811,1250,1532986841289331742,map,base_link,72.9576644897,201.146682739,51.1010055542,-0.0324842169978,-0.00336845855882,0.0632237842087,-0.997464877699,1e-06,0.0,0.0,0.0,0.0,0.0,0.0,1e-06,0.0,0.0,0.0,0.0,0.0,0.0,1e-06,0.0,0.0,0.0,0.0,0.0,0.0,1e-06,0.0,0.0,0.0,0.0,0.0,0.0,1e-06,0.0,0.0,0.0,0.0,0.0,0.0,1e-06,16.9150384203,1.92555609156,-0.168937022055,-0.0290711298585,-0.00480733346194,0.0104201855138,0.0001,0.0,0.0,0.0,0.0,0.0,0.0,0.0001,0.0,0.0,0.0,0.0,0.0,0.0,0.0001,0.0,0.0,0.0,0.0,0.0,0.0,0.0001,0.0,0.0,0.0,0.0,0.0,0.0,0.0001,0.0,0.0,0.0,0.0,0.0,0.0,0.0001
1532986841549974062,1251,1532986841549074705,map,base_link,77.720741272,201.084625244,51.1416015625,-0.0266804858826,-0.00133073834789,0.0660291403834,-0.997460041019,1e-06,0.0,0.0,0.0,0.0,0.0,0.0,1e-06,0.0,0.0,0.0,0.0,0.0,0.0,1e-06,0.0,0.0,0.0,0.0,0.0,0.0,1e-06,0.0,0.0,0.0,0.0,0.0,0.0,1e-06,0.0,0.0,0.0,0.0,0.0,0.0,1e-06,16.8217601368,1.97488526445,0.286250523387,0.0383786000311,-0.0244523361325,-0.00264065619558,0.0001,0.0,0.0,0.0,0.0,0.0,0.0,0.0001,0.0,0.0,0.0,0.0,0.0,0.0,0.0001,0.0,0.0,0.0,0.0,0.0,0.0,0.0001,0.0,0.0,0.0,0.0,0.0,0.0,0.0001,0.0,0.0,0.0,0.0,0.0,0.0,0.0001
1532986841864597853,1252,1532986841863676607,map,base_link,82.4731750488,201.012420654,51.3523178101,-0.0131127080766,0.00713117444583,0.060572320084,-0.99805220168,1e-06,0.0,0.0,0.0,0.0,0.0,0.0,1e-06,0.0,0.0,0.0,0.0,0.0,0.0,1e-06,0.0,0.0,0.0,0.0,0.0,0.0,1e-06,0.0,0.0,0.0,0.0,0.0,0.0,1e-06,0.0,0.0,0.0,0.0,0.0,0.0,1e-06,16.7339220122,1.75262544528,0.653782170946,0.0316444374621,-0.0377876162529,0.0459200181067,0.0001,0.0,0.0,0.0,0.0,0.0,0.0,0.0001,0.0,0.0,0.0,0.0,0.0,0.0,0.0001,0.0,0.0,0.0,0.0,0.0,0.0,0.0001,0.0,0.0,0.0,0.0,0.0,0.0,0.0001,0.0,0.0,0.0,0.0,0.0,0.0,0.0001
1532986842080054101,1253,1532986842079100984,map,base_link,86.5173187256,200.954574585,51.6870079041,-0.0131127080766,0.00713117444583,0.060572320084,-0.99805220168,1e-06,0.0,0.0,0.0,0.0,0.0,0.0,1e-06,0.0,0.0,0.0,0.0,0.0,0.0,1e-06,0.0,0.0,0.0,0.0,0.0,0.0,1e-06,0.0,0.0,0.0,0.0,0.0,0.0,1e-06,0.0,0.0,0.0,0.0,0.0,0.0,1e-06,16.602466679,1.79883035612,1.04177539076,0.0316444374621,-0.0377876162529,0.0459200181067,0.0001,0.0,0.0,0.0,0.0,0.0,0.0,0.0001,0.0,0.0,0.0,0.0,0.0,0.0,0.0001,0.0,0.0,0.0,0.0,0.0,0.0,0.0001,0.0,0.0,0.0,0.0,0.0,0.0,0.0001,0.0,0.0,0.0,0.0,0.0,0.0,0.0001
1532986842327916236,1254,1532986842326400752,map,base_link,90.5048522949,200.932830811,52.0169372559,-0.0131127080766,0.00713117444583,0.060572320084,-0.99805220168,1e-06,0.0,0.0,0.0,0.0,0.0,0.0,1e-06,0.0,0.0,0.0,0.0,0.0,0.0,1e-06,0.0,0.0,0.0,0.0,0.0,0.0,1e-06,0.0,0.0,0.0,0.0,0.0,0.0,1e-06,0.0,0.0,0.0,0.0,0.0,0.0,1e-06,16.4554376108,1.96295577277,0.70074940622,0.0316444374621,-0.0377876162529,0.0459200181067,0.0001,0.0,0.0,0.0,0.0,0.0,0.0,0.0001,0.0,0.0,0.0,0.0,0.0,0.0,0.0001,0.0,0.0,0.0,0.0,0.0,0.0,0.0001,0.0,0.0,0.0,0.0,0.0,0.0,0.0001,0.0,0.0,0.0,0.0,0.0,0.0,0.0001
1532986842611819382,1255,1532986842610256987,map,base_link,95.1157073975,200.986572266,52.2362823486,0.00359336077611,0.00185935422984,0.0615100884021,-0.998098261488,1e-06,0.0,0.0,0.0,0.0,0.0,0.0,1e-06,0.0,0.0,0.0,0.0,0.0,0.0,1e-06,0.0,0.0,0.0,0.0,0.0,0.0,1e-06,0.0,0.0,0.0,0.0,0.0,0.0,1e-06,0.0,0.0,0.0,0.0,0.0,0.0,1e-06,16.2961847728,2.10995076228,0.175091494617,-0.083006978035,0.136579692364,-0.183474391699,0.0001,0.0,0.0,0.0,0.0,0.0,0.0,0.0001,0.0,0.0,0.0,0.0,0.0,0.0,0.0001,0.0,0.0,0.0,0.0,0.0,0.0,0.0001,0.0,0.0,0.0,0.0,0.0,0.0,0.0001,0.0,0.0,0.0,0.0,0.0,0.0,0.0001
1532986842803304087,1256,1532986842802219194,map,base_link,98.372718811,201.033172607,52.2665328979,-0.0021266759519,-0.0152823793207,0.0915363990724,-0.995682185126,1e-06,0.0,0.0,0.0,0.0,0.0,0.0,1e-06,0.0,0.0,0.0,0.0,0.0,0.0,1e-06,0.0,0.0,0.0,0.0,0.0,0.0,1e-06,0.0,0.0,0.0,0.0,0.0,0.0,1e-06,0.0,0.0,0.0,0.0,0.0,0.0,1e-06,16.0718760858,3.021833145,0.283189978657,0.241247877479,0.0591554120183,-0.114610701799,0.0001,0.0,0.0,0.0,0.0,0.0,0.0,0.0001,0.0,0.0,0.0,0.0,0.0,0.0,0.0001,0.0,0.0,0.0,0.0,0.0,0.0,0.0001,0.0,0.0,0.0,0.0,0.0,0.0,0.0001,0.0,0.0,0.0,0.0,0.0,0.0,0.0001
1532986843058988822,1257,1532986843058298296,map,base_link,102.234642029,201.060012817,52.1339569092,-0.0021266759519,-0.0152823793207,0.0915363990724,-0.995682185126,1e-06,0.0,0.0,0.0,0.0,0.0,0.0,1e-06,0.0,0.0,0.0,0.0,0.0,0.0,1e-06,0.0,0.0,0.0,0.0,0.0,0.0,1e-06,0.0,0.0,0.0,0.0,0.0,0.0,1e-06,0.0,0.0,0.0,0.0,0.0,0.0,1e-06,16.0998241925,2.93237795645,-0.176281084026,0.241247877479,0.0591554120183,-0.114610701799,0.0001,0.0,0.0,0.0,0.0,0.0,0.0,0.0001,0.0,0.0,0.0,0.0,0.0,0.0,0.0001,0.0,0.0,0.0,0.0,0.0,0.0,0.0001,0.0,0.0,0.0,0.0,0.0,0.0,0.0001,0.0,0.0,0.0,0.0,0.0,0.0,0.0001
1532986843326494514,1258,1532986843325509013,map,base_link,106.776924133,201.050445557,51.955947876,-0.0352185154972,-0.0187238053718,0.0698381733938,-0.99676060557,1e-06,0.0,0.0,0.0,0.0,0.0,0.0,1e-06,0.0,0.0,0.0,0.0,0.0,0.0,1e-06,0.0,0.0,0.0,0.0,0.0,0.0,1e-06,0.0,0.0,0.0,0.0,0.0,0.0,1e-06,0.0,0.0,0.0,0.0,0.0,0.0,1e-06,16.3262606866,2.10658136465,-0.184261865424,0.042051024735,0.0590092018247,0.168882101774,0.0001,0.0,0.0,0.0,0.0,0.0,0.0,0.0001,0.0,0.0,0.0,0.0,0.0,0.0,0.0001,0.0,0.0,0.0,0.0,0.0,0.0,0.0001,0.0,0.0,0.0,0.0,0.0,0.0,0.0001,0.0,0.0,0.0,0.0,0.0,0.0,0.0001
1532986843570068949,1259,1532986843567980860,map,base_link,110.714904785,201.02192688,51.7868232727,-0.0352185154972,-0.0187238053718,0.0698381733938,-0.99676060557,1e-06,0.0,0.0,0.0,0.0,0.0,0.0,1e-06,0.0,0.0,0.0,0.0,0.0,0.0,1e-06,0.0,0.0,0.0,0.0,0.0,0.0,1e-06,0.0,0.0,0.0,0.0,0.0,0.0,1e-06,0.0,0.0,0.0,0.0,0.0,0.0,1e-06,16.4969660475,2.13219354631,-0.0893398242521,0.042051024735,0.0590092018247,0.168882101774,0.0001,0.0,0.0,0.0,0.0,0.0,0.0,0.0001,0.0,0.0,0.0,0.0,0.0,0.0,0.0001,0.0,0.0,0.0,0.0,0.0,0.0,0.0001,0.0,0.0,0.0,0.0,0.0,0.0,0.0001,0.0,0.0,0.0,0.0,0.0,0.0,0.0001
1532986843810586466,1260,1532986843806402959,map,base_link,114.688995361,201.010025024,51.6182746887,-0.0327880433551,-0.0285022752901,0.0448462290799,-0.99804878651,1e-06,0.0,0.0,0.0,0.0,0.0,0.0,1e-06,0.0,0.0,0.0,0.0,0.0,0.0,1e-06,0.0,0.0,0.0,0.0,0.0,0.0,1e-06,0.0,0.0,0.0,0.0,0.0,0.0,1e-06,0.0,0.0,0.0,0.0,0.0,0.0,1e-06,16.7537953478,1.38411232599,0.161019244512,-0.100057810545,0.0850881561637,-0.0484902411699,0.0001,0.0,0.0,0.0,0.0,0.0,0.0,0.0001,0.0,0.0,0.0,0.0,0.0,0.0,0.0001,0.0,0.0,0.0,0.0,0.0,0.0,0.0001,0.0,0.0,0.0,0.0,0.0,0.0,0.0001,0.0,0.0,0.0,0.0,0.0,0.0,0.0001
1532986844014881628,1261,1532986844014370590,map,base_link,118.393035889,201.023788452,51.4446258545,-0.0327880433551,-0.0285022752901,0.0448462290799,-0.99804878651,1e-06,0.0,0.0,0.0,0.0,0.0,0.0,1e-06,0.0,0.0,0.0,0.0,0.0,0.0,1e-06,0.0,0.0,0.0,0.0,0.0,0.0,1e-06,0.0,0.0,0.0,0.0,0.0,0.0,1e-06,0.0,0.0,0.0,0.0,0.0,0.0,1e-06,16.8891405127,1.42705891637,0.0064296453692,-0.100057810545,0.0850881561637,-0.0484902411699,0.0001,0.0,0.0,0.0,0.0,0.0,0.0,0.0001,0.0,0.0,0.0,0.0,0.0,0.0,0.0001,0.0,0.0,0.0,0.0,0.0,0.0,0.0001,0.0,0.0,0.0,0.0,0.0,0.0,0.0001,0.0,0.0,0.0,0.0,0.0,0.0,0.0001
1532986844290348288,1262,1532986844289519747,map,base_link,122.810279846,201.016235352,51.2096748352,-0.0374855281167,-0.0445134116368,0.077000410293,-0.99533126555,1e-06,0.0,0.0,0.0,0.0,0.0,0.0,1e-06,0.0,0.0,0.0,0.0,0.0,0.0,1e-06,0.0,0.0,0.0,0.0,0.0,0.0,1e-06,0.0,0.0,0.0,0.0,0.0,0.0,1e-06,0.0,0.0,0.0,0.0,0.0,0.0,1e-06,16.9326417624,2.33459053151,0.738710863486,0.259556174278,-0.00403358787298,-0.208392187953,0.0001,0.0,0.0,0.0,0.0,0.0,0.0,0.0001,0.0,0.0,0.0,0.0,0.0,0.0,0.0001,0.0,0.0,0.0,0.0,0.0,0.0,0.0001,0.0,0.0,0.0,0.0,0.0,0.0,0.0001,0.0,0.0,0.0,0.0,0.0,0.0,0.0001
1532986844512063398,1263,1532986844511410920,map,base_link,126.580177307,200.939056396,51.0979614258,-0.0374855281167,-0.0445134116368,0.077000410293,-0.99533126555,1e-06,0.0,0.0,0.0,0.0,0.0,0.0,1e-06,0.0,0.0,0.0,0.0,0.0,0.0,1e-06,0.0,0.0,0.0,0.0,0.0,0.0,1e-06,0.0,0.0,0.0,0.0,0.0,0.0,1e-06,0.0,0.0,0.0,0.0,0.0,0.0,1e-06,17.0131429015,2.09773785819,1.10021981987,0.259556174278,-0.00403358787298,-0.208392187953,0.0001,0.0,0.0,0.0,0.0,0.0,0.0,0.0001,0.0,0.0,0.0,0.0,0.0,0.0,0.0001,0.0,0.0,0.0,0.0,0.0,0.0,0.0001,0.0,0.0,0.0,0.0,0.0,0.0,0.0001,0.0,0.0,0.0,0.0,0.0,0.0,0.0001
1532986844816059508,1264,1532986844813014397,map,base_link,131.712966919,200.69934082,51.0779304504,-0.0790071992671,-0.0237131907244,0.0888520163914,-0.99262322471,1e-06,0.0,0.0,0.0,0.0,0.0,0.0,1e-06,0.0,0.0,0.0,0.0,0.0,0.0,1e-06,0.0,0.0,0.0,0.0,0.0,0.0,1e-06,0.0,0.0,0.0,0.0,0.0,0.0,1e-06,0.0,0.0,0.0,0.0,0.0,0.0,1e-06,16.9994030746,2.01636600307,0.97207142094,0.253428339958,-0.0837674736977,0.00844690669328,0.0001,0.0,0.0,0.0,0.0,0.0,0.0,0.0001,0.0,0.0,0.0,0.0,0.0,0.0,0.0001,0.0,0.0,0.0,0.0,0.0,0.0,0.0001,0.0,0.0,0.0,0.0,0.0,0.0,0.0001,0.0,0.0,0.0,0.0,0.0,0.0,0.0001
1532986845014568351,1265,1532986845011241033,map,base_link,135.135070801,200.418930054,51.1664466858,-0.142325233949,0.000618743528299,0.0877080249819,-0.985926187547,1e-06,0.0,0.0,0.0,0.0,0.0,0.0,1e-06,0.0,0.0,0.0,0.0,0.0,0.0,1e-06,0.0,0.0,0.0,0.0,0.0,0.0,1e-06,0.0,0.0,0.0,0.0,0.0,0.0,1e-06,0.0,0.0,0.0,0.0,0.0,0.0,1e-06,16.9696924334,1.57564822228,0.306680889765,0.482208430767,-0.0730784982443,-0.025004370138,0.0001,0.0,0.0,0.0,0.0,0.0,0.0,0.0001,0.0,0.0,0.0,0.0,0.0,0.0,0.0001,0.0,0.0,0.0,0.0,0.0,0.0,0.0001,0.0,0.0,0.0,0.0,0.0,0.0,0.0001,0.0,0.0,0.0,0.0,0.0,0.0,0.0001
1532986845228606780,1266,1532986845226204707,map,base_link,138.864532471,200.032440186,51.2151489258,-0.142325233949,0.000618743528299,0.0877080249819,-0.985926187547,1e-06,0.0,0.0,0.0,0.0,0.0,0.0,1e-06,0.0,0.0,0.0,0.0,0.0,0.0,1e-06,0.0,0.0,0.0,0.0,0.0,0.0,1e-06,0.0,0.0,0.0,0.0,0.0,0.0,1e-06,0.0,0.0,0.0,0.0,0.0,0.0,1e-06,16.8545161723,1.16897783275,0.184212447991,0.482208430767,-0.0730784982443,-0.025004370138,0.0001,0.0,0.0,0.0,0.0,0.0,0.0,0.0001,0.0,0.0,0.0,0.0,0.0,0.0,0.0001,0.0,0.0,0.0,0.0,0.0,0.0,0.0001,0.0,0.0,0.0,0.0,0.0,0.0,0.0001,0.0,0.0,0.0,0.0,0.0,0.0,0.0001
1532986845460378019,1267,1532986845454816500,map,base_link,142.539993286,199.55758667,51.1973228455,-0.180166305637,-0.00180383290544,0.151199242312,-0.971944256439,1e-06,0.0,0.0,0.0,0.0,0.0,0.0,1e-06,0.0,0.0,0.0,0.0,0.0,0.0,1e-06,0.0,0.0,0.0,0.0,0.0,0.0,1e-06,0.0,0.0,0.0,0.0,0.0,0.0,1e-06,0.0,0.0,0.0,0.0,0.0,0.0,1e-06,16.4817031955,2.66616984974,-0.318138479763,0.273707330227,-0.0623937323689,-0.433589249849,0.0001,0.0,0.0,0.0,0.0,0.0,0.0,0.0001,0.0,0.0,0.0,0.0,0.0,0.0,0.0001,0.0,0.0,0.0,0.0,0.0,0.0,0.0001,0.0,0.0,0.0,0.0,0.0,0.0,0.0001,0.0,0.0,0.0,0.0,0.0,0.0,0.0001
1532986845698011193,1268,1532986845697418906,map,base_link,146.438476563,198.874389648,51.0644416809,-0.180166305637,-0.00180383290544,0.151199242312,-0.971944256439,1e-06,0.0,0.0,0.0,0.0,0.0,0.0,1e-06,0.0,0.0,0.0,0.0,0.0,0.0,1e-06,0.0,0.0,0.0,0.0,0.0,0.0,1e-06,0.0,0.0,0.0,0.0,0.0,0.0,1e-06,0.0,0.0,0.0,0.0,0.0,0.0,1e-06,16.3607553706,1.57577001525,-0.295029926308,0.273707330227,-0.0623937323689,-0.433589249849,0.0001,0.0,0.0,0.0,0.0,0.0,0.0,0.0001,0.0,0.0,0.0,0.0,0.0,0.0,0.0001,0.0,0.0,0.0,0.0,0.0,0.0,0.0001,0.0,0.0,0.0,0.0,0.0,0.0,0.0001,0.0,0.0,0.0,0.0,0.0,0.0,0.0001
1532986845969806664,1269,1532986845969105898,map,base_link,150.832839966,197.728027344,50.8660392761,-0.242565918483,0.0230329018942,0.189024061538,-0.951262931466,1e-06,0.0,0.0,0.0,0.0,0.0,0.0,1e-06,0.0,0.0,0.0,0.0,0.0,0.0,1e-06,0.0,0.0,0.0,0.0,0.0,0.0,1e-06,0.0,0.0,0.0,0.0,0.0,0.0,1e-06,0.0,0.0,0.0,0.0,0.0,0.0,1e-06,16.0820343908,1.39381624607,-0.611425654469,0.281282573938,-0.144349932671,-0.0194115694612,0.0001,0.0,0.0,0.0,0.0,0.0,0.0,0.0001,0.0,0.0,0.0,0.0,0.0,0.0,0.0001,0.0,0.0,0.0,0.0,0.0,0.0,0.0001,0.0,0.0,0.0,0.0,0.0,0.0,0.0001,0.0,0.0,0.0,0.0,0.0,0.0,0.0001
1532986846188501526,1270,1532986846188017080,map,base_link,153.854644775,196.682052612,50.7443809509,-0.242565918483,0.0230329018942,0.189024061538,-0.951262931466,1e-06,0.0,0.0,0.0,0.0,0.0,0.0,1e-06,0.0,0.0,0.0,0.0,0.0,0.0,1e-06,0.0,0.0,0.0,0.0,0.0,0.0,1e-06,0.0,0.0,0.0,0.0,0.0,0.0,1e-06,0.0,0.0,0.0,0.0,0.0,0.0,1e-06,15.9861281127,0.510513412554,-0.168775966914,0.281282573938,-0.144349932671,-0.0194115694612,0.0001,0.0,0.0,0.0,0.0,0.0,0.0,0.0001,0.0,0.0,0.0,0.0,0.0,0.0,0.0001,0.0,0.0,0.0,0.0,0.0,0.0,0.0001,0.0,0.0,0.0,0.0,0.0,0.0,0.0001,0.0,0.0,0.0,0.0,0.0,0.0,0.0001
1532986846428198630,1271,1532986846427665767,map,base_link,157.612014771,195.08190918,50.5434150696,-0.28834518282,0.0562503402442,0.226263206856,-0.928707659057,1e-06,0.0,0.0,0.0,0.0,0.0,0.0,1e-06,0.0,0.0,0.0,0.0,0.0,0.0,1e-06,0.0,0.0,0.0,0.0,0.0,0.0,1e-06,0.0,0.0,0.0,0.0,0.0,0.0,1e-06,0.0,0.0,0.0,0.0,0.0,0.0,1e-06,15.8196441294,0.250387692408,-0.780730604187,0.354253321886,-0.0935755074024,-0.333969593048,0.0001,0.0,0.0,0.0,0.0,0.0,0.0,0.0001,0.0,0.0,0.0,0.0,0.0,0.0,0.0001,0.0,0.0,0.0,0.0,0.0,0.0,0.0001,0.0,0.0,0.0,0.0,0.0,0.0,0.0001,0.0,0.0,0.0,0.0,0.0,0.0,0.0001
1532986846693584168,1272,1532986846692935434,map,base_link,161.186157227,193.139297485,50.3214263916,-0.295814648891,0.0657101402627,0.301109121194,-0.904162135959,1e-06,0.0,0.0,0.0,0.0,0.0,0.0,1e-06,0.0,0.0,0.0,0.0,0.0,0.0,1e-06,0.0,0.0,0.0,0.0,0.0,0.0,1e-06,0.0,0.0,0.0,0.0,0.0,0.0,1e-06,0.0,0.0,0.0,0.0,0.0,0.0,1e-06,15.6687331002,1.18552471867,-0.769964386254,-0.0880582630634,-0.211792469025,-0.417312532663,0.0001,0.0,0.0,0.0,0.0,0.0,0.0,0.0001,0.0,0.0,0.0,0.0,0.0,0.0,0.0001,0.0,0.0,0.0,0.0,0.0,0.0,0.0001,0.0,0.0,0.0,0.0,0.0,0.0,0.0001,0.0,0.0,0.0,0.0,0.0,0.0,0.0001
1532986846890629239,1273,1532986846889791418,map,base_link,164.016418457,191.206695557,50.1375617981,-0.295814648891,0.0657101402627,0.301109121194,-0.904162135959,1e-06,0.0,0.0,0.0,0.0,0.0,0.0,1e-06,0.0,0.0,0.0,0.0,0.0,0.0,1e-06,0.0,0.0,0.0,0.0,0.0,0.0,1e-06,0.0,0.0,0.0,0.0,0.0,0.0,1e-06,0.0,0.0,0.0,0.0,0.0,0.0,1e-06,15.6491693061,-0.0220248194426,0.118728858557,-0.0880582630634,-0.211792469025,-0.417312532663,0.0001,0.0,0.0,0.0,0.0,0.0,0.0,0.0001,0.0,0.0,0.0,0.0,0.0,0.0,0.0001,0.0,0.0,0.0,0.0,0.0,0.0,0.0001,0.0,0.0,0.0,0.0,0.0,0.0,0.0001,0.0,0.0,0.0,0.0,0.0,0.0,0.0001
1532986847175099552,1274,1532986847174133603,map,base_link,167.066207886,188.641387939,49.8922233582,-0.296502779121,0.106610020429,0.383185708379,-0.868267884015,1e-06,0.0,0.0,0.0,0.0,0.0,0.0,1e-06,0.0,0.0,0.0,0.0,0.0,0.0,1e-06,0.0,0.0,0.0,0.0,0.0,0.0,1e-06,0.0,0.0,0.0,0.0,0.0,0.0,1e-06,0.0,0.0,0.0,0.0,0.0,0.0,1e-06,15.4526702183,0.818081976832,-1.11964249307,-0.0571481920779,-0.312258422375,-0.238768219948,0.0001,0.0,0.0,0.0,0.0,0.0,0.0,0.0001,0.0,0.0,0.0,0.0,0.0,0.0,0.0001,0.0,0.0,0.0,0.0,0.0,0.0,0.0001,0.0,0.0,0.0,0.0,0.0,0.0,0.0001,0.0,0.0,0.0,0.0,0.0,0.0,0.0001
1532986847418249541,1275,1532986847415801677,map,base_link,169.584579468,186.016159058,49.6715660095,-0.296502779121,0.106610020429,0.383185708379,-0.868267884015,1e-06,0.0,0.0,0.0,0.0,0.0,0.0,1e-06,0.0,0.0,0.0,0.0,0.0,0.0,1e-06,0.0,0.0,0.0,0.0,0.0,0.0,1e-06,0.0,0.0,0.0,0.0,0.0,0.0,1e-06,0.0,0.0,0.0,0.0,0.0,0.0,1e-06,15.3390163656,-0.366592099075,0.074521769682,-0.0571481920779,-0.312258422375,-0.238768219948,0.0001,0.0,0.0,0.0,0.0,0.0,0.0,0.0001,0.0,0.0,0.0,0.0,0.0,0.0,0.0001,0.0,0.0,0.0,0.0,0.0,0.0,0.0001,0.0,0.0,0.0,0.0,0.0,0.0,0.0001,0.0,0.0,0.0,0.0,0.0,0.0,0.0001
1532986847653042500,1276,1532986847650185036,map,base_link,171.772186279,183.155532837,49.5504264832,-0.263672246238,0.134443492494,0.444658627327,-0.845387839416,1e-06,0.0,0.0,0.0,0.0,0.0,0.0,1e-06,0.0,0.0,0.0,0.0,0.0,0.0,1e-06,0.0,0.0,0.0,0.0,0.0,0.0,1e-06,0.0,0.0,0.0,0.0,0.0,0.0,1e-06,0.0,0.0,0.0,0.0,0.0,0.0,1e-06,15.1472663804,0.02039489647,-0.331851146109,-0.104361794889,-0.271406888962,-0.29007396102,0.0001,0.0,0.0,0.0,0.0,0.0,0.0,0.0001,0.0,0.0,0.0,0.0,0.0,0.0,0.0001,0.0,0.0,0.0,0.0,0.0,0.0,0.0001,0.0,0.0,0.0,0.0,0.0,0.0,0.0001,0.0,0.0,0.0,0.0,0.0,0.0,0.0001
1532986847932459996,1277,1532986847930805729,map,base_link,173.871017456,179.578414917,49.5477409363,-0.237892975685,0.154128843971,0.501896067122,-0.817160675377,1e-06,0.0,0.0,0.0,0.0,0.0,0.0,1e-06,0.0,0.0,0.0,0.0,0.0,0.0,1e-06,0.0,0.0,0.0,0.0,0.0,0.0,1e-06,0.0,0.0,0.0,0.0,0.0,0.0,1e-06,0.0,0.0,0.0,0.0,0.0,0.0,1e-06,14.9368320109,0.228679860232,-0.24517313113,-0.173120766878,-0.251340866089,-0.235446229577,0.0001,0.0,0.0,0.0,0.0,0.0,0.0,0.0001,0.0,0.0,0.0,0.0,0.0,0.0,0.0001,0.0,0.0,0.0,0.0,0.0,0.0,0.0001,0.0,0.0,0.0,0.0,0.0,0.0,0.0001,0.0,0.0,0.0,0.0,0.0,0.0,0.0001
1532986848182464396,1278,1532986848175437409,map,base_link,175.256652832,176.36505127,49.711566925,-0.237892975685,0.154128843971,0.501896067122,-0.817160675377,1e-06,0.0,0.0,0.0,0.0,0.0,0.0,1e-06,0.0,0.0,0.0,0.0,0.0,0.0,1e-06,0.0,0.0,0.0,0.0,0.0,0.0,1e-06,0.0,0.0,0.0,0.0,0.0,0.0,1e-06,0.0,0.0,0.0,0.0,0.0,0.0,1e-06,14.661360757,-0.805170243613,1.12230401386,-0.173120766878,-0.251340866089,-0.235446229577,0.0001,0.0,0.0,0.0,0.0,0.0,0.0,0.0001,0.0,0.0,0.0,0.0,0.0,0.0,0.0001,0.0,0.0,0.0,0.0,0.0,0.0,0.0001,0.0,0.0,0.0,0.0,0.0,0.0,0.0001,0.0,0.0,0.0,0.0,0.0,0.0,0.0001
1532986848427563563,1279,1532986848426340815,map,base_link,176.359100342,172.842269897,50.0131149292,-0.192915467201,0.168560072298,0.565275376155,-0.784114069287,1e-06,0.0,0.0,0.0,0.0,0.0,0.0,1e-06,0.0,0.0,0.0,0.0,0.0,0.0,1e-06,0.0,0.0,0.0,0.0,0.0,0.0,1e-06,0.0,0.0,0.0,0.0,0.0,0.0,1e-06,0.0,0.0,0.0,0.0,0.0,0.0,1e-06,14.4104862418,-0.267522182644,0.439111652393,-0.230041831732,-0.198041886091,-0.212441205978,0.0001,0.0,0.0,0.0,0.0,0.0,0.0,0.0001,0.0,0.0,0.0,0.0,0.0,0.0,0.0001,0.0,0.0,0.0,0.0,0.0,0.0,0.0001,0.0,0.0,0.0,0.0,0.0,0.0,0.0001,0.0,0.0,0.0,0.0,0.0,0.0,0.0001
1532986848673499112,1280,1532986848672938698,map,base_link,177.154159546,169.37298584,50.3204727173,-0.192915467201,0.168560072298,0.565275376155,-0.784114069287,1e-06,0.0,0.0,0.0,0.0,0.0,0.0,1e-06,0.0,0.0,0.0,0.0,0.0,0.0,1e-06,0.0,0.0,0.0,0.0,0.0,0.0,1e-06,0.0,0.0,0.0,0.0,0.0,0.0,1e-06,0.0,0.0,0.0,0.0,0.0,0.0,1e-06,13.9888908031,-1.11543144831,0.665081035331,-0.230041831732,-0.198041886091,-0.212441205978,0.0001,0.0,0.0,0.0,0.0,0.0,0.0,0.0001,0.0,0.0,0.0,0.0,0.0,0.0,0.0001,0.0,0.0,0.0,0.0,0.0,0.0,0.0001,0.0,0.0,0.0,0.0,0.0,0.0,0.0001,0.0,0.0,0.0,0.0,0.0,0.0,0.0001
1532986848913011352,1281,1532986848910420608,map,base_link,177.71774292,166.50793457,50.4825592041,-0.11818196488,0.121654945432,0.61933193124,-0.766590540234,1e-06,0.0,0.0,0.0,0.0,0.0,0.0,1e-06,0.0,0.0,0.0,0.0,0.0,0.0,1e-06,0.0,0.0,0.0,0.0,0.0,0.0,1e-06,0.0,0.0,0.0,0.0,0.0,0.0,1e-06,0.0,0.0,0.0,0.0,0.0,0.0,1e-06,13.755998571,-0.367976557029,-0.277678972514,-0.330443143845,0.00622429419309,-0.269492268562,0.0001,0.0,0.0,0.0,0.0,0.0,0.0,0.0001,0.0,0.0,0.0,0.0,0.0,0.0,0.0001,0.0,0.0,0.0,0.0,0.0,0.0,0.0001,0.0,0.0,0.0,0.0,0.0,0.0,0.0001,0.0,0.0,0.0,0.0,0.0,0.0,0.0001
1532986849151590443,1282,1532986849150546382,map,base_link,178.25302124,163.44883728,50.5312347412,-0.0999998324788,0.0972949323676,0.658888820077,-0.739188238825,1e-06,0.0,0.0,0.0,0.0,0.0,0.0,1e-06,0.0,0.0,0.0,0.0,0.0,0.0,1e-06,0.0,0.0,0.0,0.0,0.0,0.0,1e-06,0.0,0.0,0.0,0.0,0.0,0.0,1e-06,0.0,0.0,0.0,0.0,0.0,0.0,1e-06,13.515533176,0.394628027739,-0.580950297619,-0.0608680099249,-0.0150123201311,-0.213839709759,0.0001,0.0,0.0,0.0,0.0,0.0,0.0,0.0001,0.0,0.0,0.0,0.0,0.0,0.0,0.0001,0.0,0.0,0.0,0.0,0.0,0.0,0.0001,0.0,0.0,0.0,0.0,0.0,0.0,0.0001,0.0,0.0,0.0,0.0,0.0,0.0,0.0001
1532986849392238776,1283,1532986849389356224,map,base_link,178.73500061,160.203857422,50.4698562622,-0.0963818928719,0.0909741538969,0.675557862129,-0.725297048777,1e-06,0.0,0.0,0.0,0.0,0.0,0.0,1e-06,0.0,0.0,0.0,0.0,0.0,0.0,1e-06,0.0,0.0,0.0,0.0,0.0,0.0,1e-06,0.0,0.0,0.0,0.0,0.0,0.0,1e-06,0.0,0.0,0.0,0.0,0.0,0.0,1e-06,13.3670758712,0.472580619083,-0.876488695593,-0.0735819786787,0.0127600105479,-0.138586089015,0.0001,0.0,0.0,0.0,0.0,0.0,0.0,0.0001,0.0,0.0,0.0,0.0,0.0,0.0,0.0001,0.0,0.0,0.0,0.0,0.0,0.0,0.0001,0.0,0.0,0.0,0.0,0.0,0.0,0.0001,0.0,0.0,0.0,0.0,0.0,0.0,0.0001
1532986849669547382,1284,1532986849666203136,map,base_link,179.099975586,157.223800659,50.3232879639,-0.0963818928719,0.0909741538969,0.675557862129,-0.725297048777,1e-06,0.0,0.0,0.0,0.0,0.0,0.0,1e-06,0.0,0.0,0.0,0.0,0.0,0.0,1e-06,0.0,0.0,0.0,0.0,0.0,0.0,1e-06,0.0,0.0,0.0,0.0,0.0,0.0,1e-06,0.0,0.0,0.0,0.0,0.0,0.0,1e-06,13.3397098392,0.0800945461312,-1.0535315509,-0.0735819786787,0.0127600105479,-0.138586089015,0.0001,0.0,0.0,0.0,0.0,0.0,0.0,0.0001,0.0,0.0,0.0,0.0,0.0,0.0,0.0001,0.0,0.0,0.0,0.0,0.0,0.0,0.0001,0.0,0.0,0.0,0.0,0.0,0.0,0.0001,0.0,0.0,0.0,0.0,0.0,0.0,0.0001
1532986849897670824,1285,1532986849896837899,map,base_link,179.403060913,154.209854126,50.1081848145,0.0674956158398,-0.0553972830546,-0.704963072515,0.703848385139,1e-06,0.0,0.0,0.0,0.0,0.0,0.0,1e-06,0.0,0.0,0.0,0.0,0.0,0.0,1e-06,0.0,0.0,0.0,0.0,0.0,0.0,1e-06,0.0,0.0,0.0,0.0,0.0,0.0,1e-06,0.0,0.0,0.0,0.0,0.0,0.0,1e-06,13.3769160456,0.829782274027,-1.01359720509,-0.0742913633585,0.00486751040444,-0.123135171831,0.0001,0.0,0.0,0.0,0.0,0.0,0.0,0.0001,0.0,0.0,0.0,0.0,0.0,0.0,0.0001,0.0,0.0,0.0,0.0,0.0,0.0,0.0001,0.0,0.0,0.0,0.0,0.0,0.0,0.0001,0.0,0.0,0.0,0.0,0.0,0.0,0.0001
1532986850165958050,1286,1532986850164943525,map,base_link,179.674850464,150.648468018,49.8186302185,0.0601979830564,-0.0522323216894,-0.712701753415,0.696924815232,1e-06,0.0,0.0,0.0,0.0,0.0,0.0,1e-06,0.0,0.0,0.0,0.0,0.0,0.0,1e-06,0.0,0.0,0.0,0.0,0.0,0.0,1e-06,0.0,0.0,0.0,0.0,0.0,0.0,1e-06,0.0,0.0,0.0,0.0,0.0,0.0,1e-06,13.4447917041,0.818772173322,-0.929972875344,0.0220959968865,-0.0522345006466,-0.0147914551198,0.0001,0.0,0.0,0.0,0.0,0.0,0.0,0.0001,0.0,0.0,0.0,0.0,0.0,0.0,0.0001,0.0,0.0,0.0,0.0,0.0,0.0,0.0001,0.0,0.0,0.0,0.0,0.0,0.0,0.0001,0.0,0.0,0.0,0.0,0.0,0.0,0.0001
1532986850406022160,1287,1532986850405392626,map,base_link,179.843566895,147.581085205,49.6141014099,0.0601979830564,-0.0522323216894,-0.712701753415,0.696924815232,1e-06,0.0,0.0,0.0,0.0,0.0,0.0,1e-06,0.0,0.0,0.0,0.0,0.0,0.0,1e-06,0.0,0.0,0.0,0.0,0.0,0.0,1e-06,0.0,0.0,0.0,0.0,0.0,0.0,1e-06,0.0,0.0,0.0,0.0,0.0,0.0,1e-06,13.4740592478,0.627015399892,-0.89969599449,0.0220959968865,-0.0522345006466,-0.0147914551198,0.0001,0.0,0.0,0.0,0.0,0.0,0.0,0.0001,0.0,0.0,0.0,0.0,0.0,0.0,0.0001,0.0,0.0,0.0,0.0,0.0,0.0,0.0001,0.0,0.0,0.0,0.0,0.0,0.0,0.0001,0.0,0.0,0.0,0.0,0.0,0.0,0.0001
1532986850659267031,1288,1532986850655895233,map,base_link,179.986358643,144.250930786,49.3706855774,0.0357212098085,-0.0378856442293,-0.718549276238,0.693524052033,1e-06,0.0,0.0,0.0,0.0,0.0,0.0,1e-06,0.0,0.0,0.0,0.0,0.0,0.0,1e-06,0.0,0.0,0.0,0.0,0.0,0.0,1e-06,0.0,0.0,0.0,0.0,0.0,0.0,1e-06,0.0,0.0,0.0,0.0,0.0,0.0,1e-06,13.432369333,0.732981288895,-1.06345712861,-0.192317083478,-0.0277719199657,-0.0392195284367,0.0001,0.0,0.0,0.0,0.0,0.0,0.0,0.0001,0.0,0.0,0.0,0.0,0.0,0.0,0.0001,0.0,0.0,0.0,0.0,0.0,0.0,0.0001,0.0,0.0,0.0,0.0,0.0,0.0,0.0001,0.0,0.0,0.0,0.0,0.0,0.0,0.0001
1532986850892140347,1289,1532986850890870271,map,base_link,180.105865479,141.139602661,49.1566963196,0.0357212098085,-0.0378856442293,-0.718549276238,0.693524052033,1e-06,0.0,0.0,0.0,0.0,0.0,0.0,1e-06,0.0,0.0,0.0,0.0,0.0,0.0,1e-06,0.0,0.0,0.0,0.0,0.0,0.0,1e-06,0.0,0.0,0.0,0.0,0.0,0.0,1e-06,0.0,0.0,0.0,0.0,0.0,0.0,1e-06,13.4116909317,0.726712005569,-0.767807082626,-0.192317083478,-0.0277719199657,-0.0392195284367,0.0001,0.0,0.0,0.0,0.0,0.0,0.0,0.0001,0.0,0.0,0.0,0.0,0.0,0.0,0.0001,0.0,0.0,0.0,0.0,0.0,0.0,0.0001,0.0,0.0,0.0,0.0,0.0,0.0,0.0001,0.0,0.0,0.0,0.0,0.0,0.0,0.0001
1532986851167292992,1290,1532986851166284323,map,base_link,180.239624023,137.796875,48.9883918762,0.00887396963299,-0.0253621984842,-0.725288581134,0.687920406463,1e-06,0.0,0.0,0.0,0.0,0.0,0.0,1e-06,0.0,0.0,0.0,0.0,0.0,0.0,1e-06,0.0,0.0,0.0,0.0,0.0,0.0,1e-06,0.0,0.0,0.0,0.0,0.0,0.0,1e-06,0.0,0.0,0.0,0.0,0.0,0.0,1e-06,13.2941189055,1.05537191959,-0.962002420395,-0.308097779751,-0.0415625944734,-0.0143109252676,0.0001,0.0,0.0,0.0,0.0,0.0,0.0,0.0001,0.0,0.0,0.0,0.0,0.0,0.0,0.0001,0.0,0.0,0.0,0.0,0.0,0.0,0.0001,0.0,0.0,0.0,0.0,0.0,0.0,0.0001,0.0,0.0,0.0,0.0,0.0,0.0,0.0001
1532986851415753269,1291,1532986851414709560,map,base_link,180.404678345,134.467147827,48.8677368164,-0.015465585893,-0.00857221123934,-0.729785248851,0.683447747386,1e-06,0.0,0.0,0.0,0.0,0.0,0.0,1e-06,0.0,0.0,0.0,0.0,0.0,0.0,1e-06,0.0,0.0,0.0,0.0,0.0,0.0,1e-06,0.0,0.0,0.0,0.0,0.0,0.0,1e-06,0.0,0.0,0.0,0.0,0.0,0.0,1e-06,13.1815745965,1.39638533391,-0.7935036399,-0.147579967976,-0.0498503372073,-0.00235960516147,0.0001,0.0,0.0,0.0,0.0,0.0,0.0,0.0001,0.0,0.0,0.0,0.0,0.0,0.0,0.0001,0.0,0.0,0.0,0.0,0.0,0.0,0.0001,0.0,0.0,0.0,0.0,0.0,0.0,0.0001,0.0,0.0,0.0,0.0,0.0,0.0,0.0001
1532986851655855684,1292,1532986851655376389,map,base_link,180.571884155,131.664428711,48.8109512329,-0.015465585893,-0.00857221123934,-0.729785248851,0.683447747386,1e-06,0.0,0.0,0.0,0.0,0.0,0.0,1e-06,0.0,0.0,0.0,0.0,0.0,0.0,1e-06,0.0,0.0,0.0,0.0,0.0,0.0,1e-06,0.0,0.0,0.0,0.0,0.0,0.0,1e-06,0.0,0.0,0.0,0.0,0.0,0.0,1e-06,13.1022981311,1.50034991534,-0.665887568931,-0.147579967976,-0.0498503372073,-0.00235960516147,0.0001,0.0,0.0,0.0,0.0,0.0,0.0,0.0001,0.0,0.0,0.0,0.0,0.0,0.0,0.0001,0.0,0.0,0.0,0.0,0.0,0.0,0.0001,0.0,0.0,0.0,0.0,0.0,0.0,0.0001,0.0,0.0,0.0,0.0,0.0,0.0,0.0001
1532986851897230766,1293,1532986851896409681,map,base_link,180.766677856,128.637130737,48.7584381104,-0.0135080641819,-0.0206036716268,-0.725462487681,0.687820616066,1e-06,0.0,0.0,0.0,0.0,0.0,0.0,1e-06,0.0,0.0,0.0,0.0,0.0,0.0,1e-06,0.0,0.0,0.0,0.0,0.0,0.0,1e-06,0.0,0.0,0.0,0.0,0.0,0.0,1e-06,0.0,0.0,0.0,0.0,0.0,0.0,1e-06,13.036376039,1.37645989841,-0.814344390144,0.262085914612,-0.00297790113837,0.0529165454209,0.0001,0.0,0.0,0.0,0.0,0.0,0.0,0.0001,0.0,0.0,0.0,0.0,0.0,0.0,0.0001,0.0,0.0,0.0,0.0,0.0,0.0,0.0001,0.0,0.0,0.0,0.0,0.0,0.0,0.0001,0.0,0.0,0.0,0.0,0.0,0.0,0.0001
1532986852173882191,1294,1532986852173105073,map,base_link,180.972595215,125.112510681,48.7708282471,0.00489264124058,-0.044852850276,-0.719245399753,0.693289505775,1e-06,0.0,0.0,0.0,0.0,0.0,0.0,1e-06,0.0,0.0,0.0,0.0,0.0,0.0,1e-06,0.0,0.0,0.0,0.0,0.0,0.0,1e-06,0.0,0.0,0.0,0.0,0.0,0.0,1e-06,0.0,0.0,0.0,0.0,0.0,0.0,1e-06,12.9954754963,1.03929174565,-0.556851581652,0.0815930813551,-0.0184639040381,0.038299895823,0.0001,0.0,0.0,0.0,0.0,0.0,0.0,0.0001,0.0,0.0,0.0,0.0,0.0,0.0,0.0001,0.0,0.0,0.0,0.0,0.0,0.0,0.0001,0.0,0.0,0.0,0.0,0.0,0.0,0.0001,0.0,0.0,0.0,0.0,0.0,0.0,0.0001
1532986852413850173,1295,1532986852412554721,map,base_link,181.098617554,122.111305237,48.8546066284,0.0153500259513,-0.0540429452386,-0.714393422351,0.697485322337,1e-06,0.0,0.0,0.0,0.0,0.0,0.0,1e-06,0.0,0.0,0.0,0.0,0.0,0.0,1e-06,0.0,0.0,0.0,0.0,0.0,0.0,1e-06,0.0,0.0,0.0,0.0,0.0,0.0,1e-06,0.0,0.0,0.0,0.0,0.0,0.0,1e-06,12.9297660727,0.74989564924,-0.499347043302,0.0114493314177,0.0160352550447,0.0241114795208,0.0001,0.0,0.0,0.0,0.0,0.0,0.0,0.0001,0.0,0.0,0.0,0.0,0.0,0.0,0.0001,0.0,0.0,0.0,0.0,0.0,0.0,0.0001,0.0,0.0,0.0,0.0,0.0,0.0,0.0001,0.0,0.0,0.0,0.0,0.0,0.0,0.0001
1532986852690167327,1296,1532986852689280897,map,base_link,181.198364258,118.616882324,48.9233665466,0.0153500259513,-0.0540429452386,-0.714393422351,0.697485322337,1e-06,0.0,0.0,0.0,0.0,0.0,0.0,1e-06,0.0,0.0,0.0,0.0,0.0,0.0,1e-06,0.0,0.0,0.0,0.0,0.0,0.0,1e-06,0.0,0.0,0.0,0.0,0.0,0.0,1e-06,0.0,0.0,0.0,0.0,0.0,0.0,1e-06,12.8768330875,0.627989771397,-0.510004326462,0.0114493314177,0.0160352550447,0.0241114795208,0.0001,0.0,0.0,0.0,0.0,0.0,0.0,0.0001,0.0,0.0,0.0,0.0,0.0,0.0,0.0001,0.0,0.0,0.0,0.0,0.0,0.0,0.0001,0.0,0.0,0.0,0.0,0.0,0.0,0.0001,0.0,0.0,0.0,0.0,0.0,0.0,0.0001
1532986852898446701,1297,1532986852898037838,map,base_link,181.251190186,115.883926392,48.963432312,0.018952083831,-0.0480917430011,-0.717024659114,0.695128506821,1e-06,0.0,0.0,0.0,0.0,0.0,0.0,1e-06,0.0,0.0,0.0,0.0,0.0,0.0,1e-06,0.0,0.0,0.0,0.0,0.0,0.0,1e-06,0.0,0.0,0.0,0.0,0.0,0.0,1e-06,0.0,0.0,0.0,0.0,0.0,0.0,1e-06,12.8726957562,0.636692457004,-0.420361935943,0.0571905300021,0.0352142825723,-0.0616690218449,0.0001,0.0,0.0,0.0,0.0,0.0,0.0,0.0001,0.0,0.0,0.0,0.0,0.0,0.0,0.0001,0.0,0.0,0.0,0.0,0.0,0.0,0.0001,0.0,0.0,0.0,0.0,0.0,0.0,0.0001,0.0,0.0,0.0,0.0,0.0,0.0,0.0001
1532986853173949617,1298,1532986853173589522,map,base_link,181.275466919,112.630340576,48.958732605,0.0360409581201,-0.055639023338,-0.723847872476,0.686767505005,1e-06,0.0,0.0,0.0,0.0,0.0,0.0,1e-06,0.0,0.0,0.0,0.0,0.0,0.0,1e-06,0.0,0.0,0.0,0.0,0.0,0.0,1e-06,0.0,0.0,0.0,0.0,0.0,0.0,1e-06,0.0,0.0,0.0,0.0,0.0,0.0,1e-06,12.906130749,0.697762277537,-0.407081196155,0.079001031816,0.0320453308523,-0.0894298702478,0.0001,0.0,0.0,0.0,0.0,0.0,0.0,0.0001,0.0,0.0,0.0,0.0,0.0,0.0,0.0001,0.0,0.0,0.0,0.0,0.0,0.0,0.0001,0.0,0.0,0.0,0.0,0.0,0.0,0.0001,0.0,0.0,0.0,0.0,0.0,0.0,0.0001
1532986853401369541,1299,1532986853400708167,map,base_link,181.231536865,109.617500305,48.9535446167,0.0360409581201,-0.055639023338,-0.723847872476,0.686767505005,1e-06,0.0,0.0,0.0,0.0,0.0,0.0,1e-06,0.0,0.0,0.0,0.0,0.0,0.0,1e-06,0.0,0.0,0.0,0.0,0.0,0.0,1e-06,0.0,0.0,0.0,0.0,0.0,0.0,1e-06,0.0,0.0,0.0,0.0,0.0,0.0,1e-06,12.9984627307,0.459197990275,-0.176695189265,0.079001031816,0.0320453308523,-0.0894298702478,0.0001,0.0,0.0,0.0,0.0,0.0,0.0,0.0001,0.0,0.0,0.0,0.0,0.0,0.0,0.0001,0.0,0.0,0.0,0.0,0.0,0.0,0.0001,0.0,0.0,0.0,0.0,0.0,0.0,0.0001,0.0,0.0,0.0,0.0,0.0,0.0,0.0001
1532986853648473086,1300,1532986853647705697,map,base_link,181.116714478,106.331832886,49.0245780945,0.0387053024517,-0.0535853387622,-0.727601632195,0.682807715143,1e-06,0.0,0.0,0.0,0.0,0.0,0.0,1e-06,0.0,0.0,0.0,0.0,0.0,0.0,1e-06,0.0,0.0,0.0,0.0,0.0,0.0,1e-06,0.0,0.0,0.0,0.0,0.0,0.0,1e-06,0.0,0.0,0.0,0.0,0.0,0.0,1e-06,13.0911219332,0.413009647356,0.117703107122,-0.057774502784,0.00348936440423,-0.00869471300393,0.0001,0.0,0.0,0.0,0.0,0.0,0.0,0.0001,0.0,0.0,0.0,0.0,0.0,0.0,0.0001,0.0,0.0,0.0,0.0,0.0,0.0,0.0001,0.0,0.0,0.0,0.0,0.0,0.0,0.0001,0.0,0.0,0.0,0.0,0.0,0.0,0.0001
1532986853883562396,1301,1532986853880832708,map,base_link,180.982223511,103.517471313,49.1083030701,0.0328017862697,-0.0420211965226,-0.729738539745,0.681645014264,1e-06,0.0,0.0,0.0,0.0,0.0,0.0,1e-06,0.0,0.0,0.0,0.0,0.0,0.0,1e-06,0.0,0.0,0.0,0.0,0.0,0.0,1e-06,0.0,0.0,0.0,0.0,0.0,0.0,1e-06,0.0,0.0,0.0,0.0,0.0,0.0,1e-06,13.1509694382,0.345637805685,0.12063806919,-0.0710706487298,0.0594313964248,-0.0389974117279,0.0001,0.0,0.0,0.0,0.0,0.0,0.0,0.0001,0.0,0.0,0.0,0.0,0.0,0.0,0.0001,0.0,0.0,0.0,0.0,0.0,0.0,0.0001,0.0,0.0,0.0,0.0,0.0,0.0,0.0001,0.0,0.0,0.0,0.0,0.0,0.0,0.0001
1532986854133167149,1302,1532986854131866609,map,base_link,180.826004028,100.429420471,49.1295280457,0.0328017862697,-0.0420211965226,-0.729738539745,0.681645014264,1e-06,0.0,0.0,0.0,0.0,0.0,0.0,1e-06,0.0,0.0,0.0,0.0,0.0,0.0,1e-06,0.0,0.0,0.0,0.0,0.0,0.0,1e-06,0.0,0.0,0.0,0.0,0.0,0.0,1e-06,0.0,0.0,0.0,0.0,0.0,0.0,1e-06,13.2175162687,0.31888455287,-0.122436381791,-0.0710706487298,0.0594313964248,-0.0389974117279,0.0001,0.0,0.0,0.0,0.0,0.0,0.0,0.0001,0.0,0.0,0.0,0.0,0.0,0.0,0.0001,0.0,0.0,0.0,0.0,0.0,0.0,0.0001,0.0,0.0,0.0,0.0,0.0,0.0,0.0001,0.0,0.0,0.0,0.0,0.0,0.0,0.0001
1532986854355699281,1303,1532986854355226450,map,base_link,180.695327759,97.5975646973,49.1379737854,0.0184277924171,-0.011728242923,-0.740692730785,0.671488751467,1e-06,0.0,0.0,0.0,0.0,0.0,0.0,1e-06,0.0,0.0,0.0,0.0,0.0,0.0,1e-06,0.0,0.0,0.0,0.0,0.0,0.0,1e-06,0.0,0.0,0.0,0.0,0.0,0.0,1e-06,0.0,0.0,0.0,0.0,0.0,0.0,1e-06,13.2975107702,0.726409903289,0.264304974252,-0.0150801260024,0.0341524705291,-0.124728001654,0.0001,0.0,0.0,0.0,0.0,0.0,0.0,0.0001,0.0,0.0,0.0,0.0,0.0,0.0,0.0001,0.0,0.0,0.0,0.0,0.0,0.0,0.0001,0.0,0.0,0.0,0.0,0.0,0.0,0.0001,0.0,0.0,0.0,0.0,0.0,0.0,0.0001
1532986854649707165,1304,1532986854649135487,map,base_link,180.506469727,93.6877288818,49.179069519,0.0184277924171,-0.011728242923,-0.740692730785,0.671488751467,1e-06,0.0,0.0,0.0,0.0,0.0,0.0,1e-06,0.0,0.0,0.0,0.0,0.0,0.0,1e-06,0.0,0.0,0.0,0.0,0.0,0.0,1e-06,0.0,0.0,0.0,0.0,0.0,0.0,1e-06,0.0,0.0,0.0,0.0,0.0,0.0,1e-06,13.445656492,0.671041490543,0.282998195378,-0.0150801260024,0.0341524705291,-0.124728001654,0.0001,0.0,0.0,0.0,0.0,0.0,0.0,0.0001,0.0,0.0,0.0,0.0,0.0,0.0,0.0001,0.0,0.0,0.0,0.0,0.0,0.0,0.0001,0.0,0.0,0.0,0.0,0.0,0.0,0.0001,0.0,0.0,0.0,0.0,0.0,0.0,0.0001
1532986854849402693,1305,1532986854848862470,map,base_link,180.368469238,90.7886505127,49.2154502869,0.0211875318568,-0.0155935056065,-0.748519663742,0.662590555372,1e-06,0.0,0.0,0.0,0.0,0.0,0.0,1e-06,0.0,0.0,0.0,0.0,0.0,0.0,1e-06,0.0,0.0,0.0,0.0,0.0,0.0,1e-06,0.0,0.0,0.0,0.0,0.0,0.0,1e-06,0.0,0.0,0.0,0.0,0.0,0.0,1e-06,13.5112478395,1.06662307314,0.451992700278,-0.0980573222041,-0.00133031979203,-0.000802230322734,0.0001,0.0,0.0,0.0,0.0,0.0,0.0,0.0001,0.0,0.0,0.0,0.0,0.0,0.0,0.0001,0.0,0.0,0.0,0.0,0.0,0.0,0.0001,0.0,0.0,0.0,0.0,0.0,0.0,0.0001,0.0,0.0,0.0,0.0,0.0,0.0,0.0001
1532986855097625179,1306,1532986855094920771,map,base_link,180.242095947,87.6064147949,49.3099250793,-0.0017287181228,0.00622779408884,-0.75260097581,0.658445136154,1e-06,0.0,0.0,0.0,0.0,0.0,0.0,1e-06,0.0,0.0,0.0,0.0,0.0,0.0,1e-06,0.0,0.0,0.0,0.0,0.0,0.0,1e-06,0.0,0.0,0.0,0.0,0.0,0.0,1e-06,0.0,0.0,0.0,0.0,0.0,0.0,1e-06,13.585674007,1.28814178011,0.627275470428,-0.081726282835,-0.0257080197334,-0.0341211110353,0.0001,0.0,0.0,0.0,0.0,0.0,0.0,0.0001,0.0,0.0,0.0,0.0,0.0,0.0,0.0001,0.0,0.0,0.0,0.0,0.0,0.0,0.0001,0.0,0.0,0.0,0.0,0.0,0.0,0.0001,0.0,0.0,0.0,0.0,0.0,0.0,0.0001
1532986855354867413,1307,1532986855353730137,map,base_link,180.136932373,84.3815612793,49.4410858154,-0.0017287181228,0.00622779408884,-0.75260097581,0.658445136154,1e-06,0.0,0.0,0.0,0.0,0.0,0.0,1e-06,0.0,0.0,0.0,0.0,0.0,0.0,1e-06,0.0,0.0,0.0,0.0,0.0,0.0,1e-06,0.0,0.0,0.0,0.0,0.0,0.0,1e-06,0.0,0.0,0.0,0.0,0.0,0.0,1e-06,13.6496397873,1.39832185576,0.661906235311,-0.081726282835,-0.0257080197334,-0.0341211110353,0.0001,0.0,0.0,0.0,0.0,0.0,0.0,0.0001,0.0,0.0,0.0,0.0,0.0,0.0,0.0001,0.0,0.0,0.0,0.0,0.0,0.0,0.0001,0.0,0.0,0.0,0.0,0.0,0.0,0.0001,0.0,0.0,0.0,0.0,0.0,0.0,0.0001
1532986855600789362,1308,1532986855599809109,map,base_link,180.061126709,80.8860168457,49.6124420166,-0.0128379129728,0.0105988307644,-0.748194063301,0.663271058029,1e-06,0.0,0.0,0.0,0.0,0.0,0.0,1e-06,0.0,0.0,0.0,0.0,0.0,0.0,1e-06,0.0,0.0,0.0,0.0,0.0,0.0,1e-06,0.0,0.0,0.0,0.0,0.0,0.0,1e-06,0.0,0.0,0.0,0.0,0.0,0.0,1e-06,13.6795870193,1.35482752995,0.644798461523,-0.0423388294876,-0.0420118272305,0.0718566328287,0.0001,0.0,0.0,0.0,0.0,0.0,0.0,0.0001,0.0,0.0,0.0,0.0,0.0,0.0,0.0001,0.0,0.0,0.0,0.0,0.0,0.0,0.0001,0.0,0.0,0.0,0.0,0.0,0.0,0.0001,0.0,0.0,0.0,0.0,0.0,0.0,0.0001
1532986855860304486,1309,1532986855859833864,map,base_link,180.030990601,77.3815383911,49.6972160339,-0.0236626358537,0.0207997279556,-0.738653760725,0.673348403688,1e-06,0.0,0.0,0.0,0.0,0.0,0.0,1e-06,0.0,0.0,0.0,0.0,0.0,0.0,1e-06,0.0,0.0,0.0,0.0,0.0,0.0,1e-06,0.0,0.0,0.0,0.0,0.0,0.0,1e-06,0.0,0.0,0.0,0.0,0.0,0.0,1e-06,13.6740788128,1.20770350111,-0.0241237849723,-0.123349413276,0.00429129088297,0.0376235246658,0.0001,0.0,0.0,0.0,0.0,0.0,0.0,0.0001,0.0,0.0,0.0,0.0,0.0,0.0,0.0001,0.0,0.0,0.0,0.0,0.0,0.0,0.0001,0.0,0.0,0.0,0.0,0.0,0.0,0.0001,0.0,0.0,0.0,0.0,0.0,0.0,0.0001
1532986856133505073,1310,1532986856133040498,map,base_link,180.077316284,73.8906707764,49.6290359497,-0.0236626358537,0.0207997279556,-0.738653760725,0.673348403688,1e-06,0.0,0.0,0.0,0.0,0.0,0.0,1e-06,0.0,0.0,0.0,0.0,0.0,0.0,1e-06,0.0,0.0,0.0,0.0,0.0,0.0,1e-06,0.0,0.0,0.0,0.0,0.0,0.0,1e-06,0.0,0.0,0.0,0.0,0.0,0.0,1e-06,13.6492264843,1.50114411105,-0.338245179151,-0.123349413276,0.00429129088297,0.0376235246658,0.0001,0.0,0.0,0.0,0.0,0.0,0.0,0.0001,0.0,0.0,0.0,0.0,0.0,0.0,0.0001,0.0,0.0,0.0,0.0,0.0,0.0,0.0001,0.0,0.0,0.0,0.0,0.0,0.0,0.0001,0.0,0.0,0.0,0.0,0.0,0.0,0.0001
1532986856384106080,1311,1532986856383447874,map,base_link,180.195449829,70.3811950684,49.5040092468,-0.0362246768149,0.0294546994843,-0.73863891323,0.672482527156,1e-06,0.0,0.0,0.0,0.0,0.0,0.0,1e-06,0.0,0.0,0.0,0.0,0.0,0.0,1e-06,0.0,0.0,0.0,0.0,0.0,0.0,1e-06,0.0,0.0,0.0,0.0,0.0,0.0,1e-06,0.0,0.0,0.0,0.0,0.0,0.0,1e-06,13.6309659975,1.77862158435,-0.336890880956,0.111521422863,-0.02745103091,0.00161405047402,0.0001,0.0,0.0,0.0,0.0,0.0,0.0,0.0001,0.0,0.0,0.0,0.0,0.0,0.0,0.0001,0.0,0.0,0.0,0.0,0.0,0.0,0.0001,0.0,0.0,0.0,0.0,0.0,0.0,0.0001,0.0,0.0,0.0,0.0,0.0,0.0,0.0001
1532986856619619164,1312,1532986856618564831,map,base_link,180.35647583,67.1355514526,49.4354629517,-0.0241781496665,0.00463297730042,-0.729605177384,0.683425371006,1e-06,0.0,0.0,0.0,0.0,0.0,0.0,1e-06,0.0,0.0,0.0,0.0,0.0,0.0,1e-06,0.0,0.0,0.0,0.0,0.0,0.0,1e-06,0.0,0.0,0.0,0.0,0.0,0.0,1e-06,0.0,0.0,0.0,0.0,0.0,0.0,1e-06,13.6207263405,1.5696503823,-0.534463268964,0.00201709289104,-0.0113471169025,0.101641990244,0.0001,0.0,0.0,0.0,0.0,0.0,0.0,0.0001,0.0,0.0,0.0,0.0,0.0,0.0,0.0001,0.0,0.0,0.0,0.0,0.0,0.0,0.0001,0.0,0.0,0.0,0.0,0.0,0.0,0.0001,0.0,0.0,0.0,0.0,0.0,0.0,0.0001
1532986856853793340,1313,1532986856850964389,map,base_link,180.537918091,64.1765060425,49.395236969,-0.0241781496665,0.00463297730042,-0.729605177384,0.683425371006,1e-06,0.0,0.0,0.0,0.0,0.0,0.0,1e-06,0.0,0.0,0.0,0.0,0.0,0.0,1e-06,0.0,0.0,0.0,0.0,0.0,0.0,1e-06,0.0,0.0,0.0,0.0,0.0,0.0,1e-06,0.0,0.0,0.0,0.0,0.0,0.0,1e-06,13.5885929406,1.75982140667,-0.467462943527,0.00201709289104,-0.0113471169025,0.101641990244,0.0001,0.0,0.0,0.0,0.0,0.0,0.0,0.0001,0.0,0.0,0.0,0.0,0.0,0.0,0.0001,0.0,0.0,0.0,0.0,0.0,0.0,0.0001,0.0,0.0,0.0,0.0,0.0,0.0,0.0001,0.0,0.0,0.0,0.0,0.0,0.0,0.0001
1532986857074876612,1314,1532986857074211366,map,base_link,180.780075073,60.9326591492,49.3547668457,-0.027745411913,0.00588265558603,-0.71899965528,0.694431481277,1e-06,0.0,0.0,0.0,0.0,0.0,0.0,1e-06,0.0,0.0,0.0,0.0,0.0,0.0,1e-06,0.0,0.0,0.0,0.0,0.0,0.0,1e-06,0.0,0.0,0.0,0.0,0.0,0.0,1e-06,0.0,0.0,0.0,0.0,0.0,0.0,1e-06,13.5777487038,1.55209736533,-0.577031167683,0.125241115689,0.00927801802754,0.0497526302934,0.0001,0.0,0.0,0.0,0.0,0.0,0.0,0.0001,0.0,0.0,0.0,0.0,0.0,0.0,0.0001,0.0,0.0,0.0,0.0,0.0,0.0,0.0001,0.0,0.0,0.0,0.0,0.0,0.0,0.0001,0.0,0.0,0.0,0.0,0.0,0.0,0.0001
1532986857313278199,1315,1532986857310670623,map,base_link,181.046981812,57.6897659302,49.2951545715,-0.027745411913,0.00588265558603,-0.71899965528,0.694431481277,1e-06,0.0,0.0,0.0,0.0,0.0,0.0,1e-06,0.0,0.0,0.0,0.0,0.0,0.0,1e-06,0.0,0.0,0.0,0.0,0.0,0.0,1e-06,0.0,0.0,0.0,0.0,0.0,0.0,1e-06,0.0,0.0,0.0,0.0,0.0,0.0,1e-06,13.5467123268,1.61118924081,-0.615608305909,0.125241115689,0.00927801802754,0.0497526302934,0.0001,0.0,0.0,0.0,0.0,0.0,0.0,0.0001,0.0,0.0,0.0,0.0,0.0,0.0,0.0001,0.0,0.0,0.0,0.0,0.0,0.0,0.0001,0.0,0.0,0.0,0.0,0.0,0.0,0.0001,0.0,0.0,0.0,0.0,0.0,0.0,0.0001
1532986857562826185,1316,1532986857562357578,map,base_link,181.30607605,54.4478111267,49.2402954102,0.00563875068271,-0.0285944144982,-0.717239240236,0.696217233495,1e-06,0.0,0.0,0.0,0.0,0.0,0.0,1e-06,0.0,0.0,0.0,0.0,0.0,0.0,1e-06,0.0,0.0,0.0,0.0,0.0,0.0,1e-06,0.0,0.0,0.0,0.0,0.0,0.0,1e-06,0.0,0.0,0.0,0.0,0.0,0.0,1e-06,13.5455092698,1.42692545118,-0.726636705008,0.2465865165,-0.00797486118972,0.0120437480509,0.0001,0.0,0.0,0.0,0.0,0.0,0.0,0.0001,0.0,0.0,0.0,0.0,0.0,0.0,0.0001,0.0,0.0,0.0,0.0,0.0,0.0,0.0001,0.0,0.0,0.0,0.0,0.0,0.0,0.0001,0.0,0.0,0.0,0.0,0.0,0.0,0.0001
1532986857805393456,1317,1532986857804437939,map,base_link,181.51953125,51.2225112915,49.2004318237,0.00563875068271,-0.0285944144982,-0.717239240236,0.696217233495,1e-06,0.0,0.0,0.0,0.0,0.0,0.0,1e-06,0.0,0.0,0.0,0.0,0.0,0.0,1e-06,0.0,0.0,0.0,0.0,0.0,0.0,1e-06,0.0,0.0,0.0,0.0,0.0,0.0,1e-06,0.0,0.0,0.0,0.0,0.0,0.0,1e-06,13.541482514,1.2248898501,-0.66848496878,0.2465865165,-0.00797486118972,0.0120437480509,0.0001,0.0,0.0,0.0,0.0,0.0,0.0,0.0001,0.0,0.0,0.0,0.0,0.0,0.0,0.0001,0.0,0.0,0.0,0.0,0.0,0.0,0.0001,0.0,0.0,0.0,0.0,0.0,0.0,0.0001,0.0,0.0,0.0,0.0,0.0,0.0,0.0001
1532986858050588911,1318,1532986858049644882,map,base_link,181.664245605,47.9778251648,49.1578826904,0.0318073664995,-0.0558343383763,-0.713844291342,0.697350088416,1e-06,0.0,0.0,0.0,0.0,0.0,0.0,1e-06,0.0,0.0,0.0,0.0,0.0,0.0,1e-06,0.0,0.0,0.0,0.0,0.0,0.0,1e-06,0.0,0.0,0.0,0.0,0.0,0.0,1e-06,0.0,0.0,0.0,0.0,0.0,0.0,1e-06,13.5469512533,0.870249528518,-0.79270715402,0.115198418498,0.0136989541352,0.0294240545481,0.0001,0.0,0.0,0.0,0.0,0.0,0.0,0.0001,0.0,0.0,0.0,0.0,0.0,0.0,0.0001,0.0,0.0,0.0,0.0,0.0,0.0,0.0001,0.0,0.0,0.0,0.0,0.0,0.0,0.0001,0.0,0.0,0.0,0.0,0.0,0.0,0.0001
1532986858285681036,1319,1532986858284795823,map,base_link,181.743179321,44.721244812,49.0862045288,0.0441258760778,-0.0674029672389,-0.713024185852,0.69649569809,1e-06,0.0,0.0,0.0,0.0,0.0,0.0,1e-06,0.0,0.0,0.0,0.0,0.0,0.0,1e-06,0.0,0.0,0.0,0.0,0.0,0.0,1e-06,0.0,0.0,0.0,0.0,0.0,0.0,1e-06,0.0,0.0,0.0,0.0,0.0,0.0,1e-06,13.5777710701,0.597481946278,-0.948649734531,-0.0442888438702,0.0206497348845,-0.0259204134345,0.0001,0.0,0.0,0.0,0.0,0.0,0.0,0.0001,0.0,0.0,0.0,0.0,0.0,0.0,0.0001,0.0,0.0,0.0,0.0,0.0,0.0,0.0001,0.0,0.0,0.0,0.0,0.0,0.0,0.0001,0.0,0.0,0.0,0.0,0.0,0.0,0.0001
1532986858541406316,1320,1532986858530480781,map,base_link,181.767196655,41.4626121521,48.9666099548,0.0441258760778,-0.0674029672389,-0.713024185852,0.69649569809,1e-06,0.0,0.0,0.0,0.0,0.0,0.0,1e-06,0.0,0.0,0.0,0.0,0.0,0.0,1e-06,0.0,0.0,0.0,0.0,0.0,0.0,1e-06,0.0,0.0,0.0,0.0,0.0,0.0,1e-06,0.0,0.0,0.0,0.0,0.0,0.0,1e-06,13.6320675698,0.351260767003,-1.0152514719,-0.0442888438702,0.0206497348845,-0.0259204134345,0.0001,0.0,0.0,0.0,0.0,0.0,0.0,0.0001,0.0,0.0,0.0,0.0,0.0,0.0,0.0001,0.0,0.0,0.0,0.0,0.0,0.0,0.0001,0.0,0.0,0.0,0.0,0.0,0.0,0.0001,0.0,0.0,0.0,0.0,0.0,0.0,0.0001
1532986858781454778,1321,1532986858780410142,map,base_link,181.743011475,37.8920021057,48.8262290955,0.0340102144383,-0.0468939721573,-0.72498452837,0.686324773204,1e-06,0.0,0.0,0.0,0.0,0.0,0.0,1e-06,0.0,0.0,0.0,0.0,0.0,0.0,1e-06,0.0,0.0,0.0,0.0,0.0,0.0,1e-06,0.0,0.0,0.0,0.0,0.0,0.0,1e-06,0.0,0.0,0.0,0.0,0.0,0.0,1e-06,13.7134944683,0.643547927329,-0.677637710225,-0.124632060528,0.00331403454766,-0.0681766495109,0.0001,0.0,0.0,0.0,0.0,0.0,0.0,0.0001,0.0,0.0,0.0,0.0,0.0,0.0,0.0001,0.0,0.0,0.0,0.0,0.0,0.0,0.0001,0.0,0.0,0.0,0.0,0.0,0.0,0.0001,0.0,0.0,0.0,0.0,0.0,0.0,0.0001
1532986858995170840,1322,1532986858994007932,map,base_link,181.691146851,34.8464584351,48.7434501648,0.0188233931343,-0.0315313223568,-0.732455343353,0.679823966608,1e-06,0.0,0.0,0.0,0.0,0.0,0.0,1e-06,0.0,0.0,0.0,0.0,0.0,0.0,1e-06,0.0,0.0,0.0,0.0,0.0,0.0,1e-06,0.0,0.0,0.0,0.0,0.0,0.0,1e-06,0.0,0.0,0.0,0.0,0.0,0.0,1e-06,13.7579094807,0.847202528725,-0.563956315769,-0.123757220805,-0.0397468432784,-0.0507995858788,0.0001,0.0,0.0,0.0,0.0,0.0,0.0,0.0001,0.0,0.0,0.0,0.0,0.0,0.0,0.0001,0.0,0.0,0.0,0.0,0.0,0.0,0.0001,0.0,0.0,0.0,0.0,0.0,0.0,0.0001,0.0,0.0,0.0,0.0,0.0,0.0,0.0001
1532986859313218684,1323,1532986859307833228,map,base_link,181.582138062,30.3860015869,48.7007141113,0.0188233931343,-0.0315313223568,-0.732455343353,0.679823966608,1e-06,0.0,0.0,0.0,0.0,0.0,0.0,1e-06,0.0,0.0,0.0,0.0,0.0,0.0,1e-06,0.0,0.0,0.0,0.0,0.0,0.0,1e-06,0.0,0.0,0.0,0.0,0.0,0.0,1e-06,0.0,0.0,0.0,0.0,0.0,0.0,1e-06,13.8314002434,0.727522466617,-0.29888088294,-0.123757220805,-0.0397468432784,-0.0507995858788,0.0001,0.0,0.0,0.0,0.0,0.0,0.0,0.0001,0.0,0.0,0.0,0.0,0.0,0.0,0.0001,0.0,0.0,0.0,0.0,0.0,0.0,0.0001,0.0,0.0,0.0,0.0,0.0,0.0,0.0001,0.0,0.0,0.0,0.0,0.0,0.0,0.0001
1532986859535617408,1324,1532986859534728610,map,base_link,181.510101318,27.6119232178,48.7102546692,0.00239261715304,-0.0221137913614,-0.733238035368,0.679608151146,1e-06,0.0,0.0,0.0,0.0,0.0,0.0,1e-06,0.0,0.0,0.0,0.0,0.0,0.0,1e-06,0.0,0.0,0.0,0.0,0.0,0.0,1e-06,0.0,0.0,0.0,0.0,0.0,0.0,1e-06,0.0,0.0,0.0,0.0,0.0,0.0,1e-06,13.8431340813,0.754812054389,-0.357453024293,-0.145739868283,-0.00633048824966,0.00251360842958,0.0001,0.0,0.0,0.0,0.0,0.0,0.0,0.0001,0.0,0.0,0.0,0.0,0.0,0.0,0.0001,0.0,0.0,0.0,0.0,0.0,0.0,0.0001,0.0,0.0,0.0,0.0,0.0,0.0,0.0001,0.0,0.0,0.0,0.0,0.0,0.0,0.0001
1532986859770752541,1325,1532986859770186079,map,base_link,181.442749023,24.2689151764,48.7374839783,0.00239261715304,-0.0221137913614,-0.733238035368,0.679608151146,1e-06,0.0,0.0,0.0,0.0,0.0,0.0,1e-06,0.0,0.0,0.0,0.0,0.0,0.0,1e-06,0.0,0.0,0.0,0.0,0.0,0.0,1e-06,0.0,0.0,0.0,0.0,0.0,0.0,1e-06,0.0,0.0,0.0,0.0,0.0,0.0,1e-06,13.8794627831,0.799216490607,-0.319488156923,-0.145739868283,-0.00633048824966,0.00251360842958,0.0001,0.0,0.0,0.0,0.0,0.0,0.0,0.0001,0.0,0.0,0.0,0.0,0.0,0.0,0.0001,0.0,0.0,0.0,0.0,0.0,0.0,0.0001,0.0,0.0,0.0,0.0,0.0,0.0,0.0001,0.0,0.0,0.0,0.0,0.0,0.0,0.0001
1532986860009290800,1326,1532986860007905524,map,base_link,181.391464233,20.6490039825,48.7785148621,-0.00821693655063,-0.0165265796155,-0.733347324861,0.67960360155,1e-06,0.0,0.0,0.0,0.0,0.0,0.0,1e-06,0.0,0.0,0.0,0.0,0.0,0.0,1e-06,0.0,0.0,0.0,0.0,0.0,0.0,1e-06,0.0,0.0,0.0,0.0,0.0,0.0,1e-06,0.0,0.0,0.0,0.0,0.0,0.0,1e-06,13.8781592145,0.859814345582,-0.242334204051,-0.060971736908,-0.034698702395,0.0248684585094,0.0001,0.0,0.0,0.0,0.0,0.0,0.0,0.0001,0.0,0.0,0.0,0.0,0.0,0.0,0.0001,0.0,0.0,0.0,0.0,0.0,0.0,0.0001,0.0,0.0,0.0,0.0,0.0,0.0,0.0001,0.0,0.0,0.0,0.0,0.0,0.0,0.0001
1532986860262373751,1327,1532986860261039804,map,base_link,181.357498169,17.306640625,48.8418731689,-0.00821693655063,-0.0165265796155,-0.733347324861,0.67960360155,1e-06,0.0,0.0,0.0,0.0,0.0,0.0,1e-06,0.0,0.0,0.0,0.0,0.0,0.0,1e-06,0.0,0.0,0.0,0.0,0.0,0.0,1e-06,0.0,0.0,0.0,0.0,0.0,0.0,1e-06,0.0,0.0,0.0,0.0,0.0,0.0,1e-06,13.8823155203,0.869096728238,-0.149976175664,-0.060971736908,-0.034698702395,0.0248684585094,0.0001,0.0,0.0,0.0,0.0,0.0,0.0,0.0001,0.0,0.0,0.0,0.0,0.0,0.0,0.0001,0.0,0.0,0.0,0.0,0.0,0.0,0.0001,0.0,0.0,0.0,0.0,0.0,0.0,0.0001,0.0,0.0,0.0,0.0,0.0,0.0,0.0001
1532986860481872740,1328,1532986860481153798,map,base_link,181.326431274,14.5230674744,48.9028816223,-0.00690296632809,-0.026384295784,-0.729531029747,0.683403756669,1e-06,0.0,0.0,0.0,0.0,0.0,0.0,1e-06,0.0,0.0,0.0,0.0,0.0,0.0,1e-06,0.0,0.0,0.0,0.0,0.0,0.0,1e-06,0.0,0.0,0.0,0.0,0.0,0.0,1e-06,0.0,0.0,0.0,0.0,0.0,0.0,1e-06,13.8437541717,0.720679631727,-0.339656346229,0.108255960047,-0.0437286421657,0.0663317739964,0.0001,0.0,0.0,0.0,0.0,0.0,0.0,0.0001,0.0,0.0,0.0,0.0,0.0,0.0,0.0001,0.0,0.0,0.0,0.0,0.0,0.0,0.0001,0.0,0.0,0.0,0.0,0.0,0.0,0.0001,0.0,0.0,0.0,0.0,0.0,0.0,0.0001
1532986860747168998,1329,1532986860745069293,map,base_link,181.28062439,10.6593036652,48.9673042297,-0.00690296632809,-0.026384295784,-0.729531029747,0.683403756669,1e-06,0.0,0.0,0.0,0.0,0.0,0.0,1e-06,0.0,0.0,0.0,0.0,0.0,0.0,1e-06,0.0,0.0,0.0,0.0,0.0,0.0,1e-06,0.0,0.0,0.0,0.0,0.0,0.0,1e-06,0.0,0.0,0.0,0.0,0.0,0.0,1e-06,13.7695643501,0.688800019455,-0.510786490382,0.108255960047,-0.0437286421657,0.0663317739964,0.0001,0.0,0.0,0.0,0.0,0.0,0.0,0.0001,0.0,0.0,0.0,0.0,0.0,0.0,0.0001,0.0,0.0,0.0,0.0,0.0,0.0,0.0001,0.0,0.0,0.0,0.0,0.0,0.0,0.0001,0.0,0.0,0.0,0.0,0.0,0.0,0.0001
1532986860991670792,1330,1532986860991144521,map,base_link,181.22769165,7.3896946907,48.9771995544,0.0110576334698,-0.0459727504424,-0.724929090902,0.687198696247,1e-06,0.0,0.0,0.0,0.0,0.0,0.0,1e-06,0.0,0.0,0.0,0.0,0.0,0.0,1e-06,0.0,0.0,0.0,0.0,0.0,0.0,1e-06,0.0,0.0,0.0,0.0,0.0,0.0,1e-06,0.0,0.0,0.0,0.0,0.0,0.0,1e-06,13.734813623,0.389012922179,-0.654946259341,0.13675686717,-0.00126605387777,-0.0268847662956,0.0001,0.0,0.0,0.0,0.0,0.0,0.0,0.0001,0.0,0.0,0.0,0.0,0.0,0.0,0.0001,0.0,0.0,0.0,0.0,0.0,0.0,0.0001,0.0,0.0,0.0,0.0,0.0,0.0,0.0001,0.0,0.0,0.0,0.0,0.0,0.0,0.0001
1532986861212623216,1331,1532986861211821650,map,base_link,181.132278442,4.10740804672,48.9445114136,0.027419919516,-0.0597976835625,-0.72918475432,0.68114754578,1e-06,0.0,0.0,0.0,0.0,0.0,0.0,1e-06,0.0,0.0,0.0,0.0,0.0,0.0,1e-06,0.0,0.0,0.0,0.0,0.0,0.0,1e-06,0.0,0.0,0.0,0.0,0.0,0.0,1e-06,0.0,0.0,0.0,0.0,0.0,0.0,1e-06,13.705673445,0.364369128733,-0.806357602912,0.137982934713,-0.0037351353094,-0.0487450994551,0.0001,0.0,0.0,0.0,0.0,0.0,0.0,0.0001,0.0,0.0,0.0,0.0,0.0,0.0,0.0001,0.0,0.0,0.0,0.0,0.0,0.0,0.0001,0.0,0.0,0.0,0.0,0.0,0.0,0.0001,0.0,0.0,0.0,0.0,0.0,0.0,0.0001
1532986861460511623,1332,1532986861458127598,map,base_link,180.966445923,0.815317392349,48.8665237427,0.027419919516,-0.0597976835625,-0.72918475432,0.68114754578,1e-06,0.0,0.0,0.0,0.0,0.0,0.0,1e-06,0.0,0.0,0.0,0.0,0.0,0.0,1e-06,0.0,0.0,0.0,0.0,0.0,0.0,1e-06,0.0,0.0,0.0,0.0,0.0,0.0,1e-06,0.0,0.0,0.0,0.0,0.0,0.0,1e-06,13.7578350319,0.0611735060187,-0.87859519771,0.137982934713,-0.0037351353094,-0.0487450994551,0.0001,0.0,0.0,0.0,0.0,0.0,0.0,0.0001,0.0,0.0,0.0,0.0,0.0,0.0,0.0001,0.0,0.0,0.0,0.0,0.0,0.0,0.0001,0.0,0.0,0.0,0.0,0.0,0.0,0.0001,0.0,0.0,0.0,0.0,0.0,0.0,0.0001
1532986861711712340,1333,1532986861710954006,map,base_link,180.672668457,-2.75838947296,48.8135566711,0.0566661113756,-0.0868585160542,-0.733442913061,0.671793155139,1e-06,0.0,0.0,0.0,0.0,0.0,0.0,1e-06,0.0,0.0,0.0,0.0,0.0,0.0,1e-06,0.0,0.0,0.0,0.0,0.0,0.0,1e-06,0.0,0.0,0.0,0.0,0.0,0.0,1e-06,0.0,0.0,0.0,0.0,0.0,0.0,1e-06,13.8804307851,-0.143340406804,-0.522554318013,0.237251326442,0.00127256568521,-0.0515243113041,0.0001,0.0,0.0,0.0,0.0,0.0,0.0,0.0001,0.0,0.0,0.0,0.0,0.0,0.0,0.0001,0.0,0.0,0.0,0.0,0.0,0.0,0.0001,0.0,0.0,0.0,0.0,0.0,0.0,0.0001,0.0,0.0,0.0,0.0,0.0,0.0,0.0001
1532986861953859484,1334,1532986861953307517,map,base_link,180.268783569,-6.09099340439,48.8176727295,0.0758318782548,-0.107139281309,-0.738073749159,0.661829163337,1e-06,0.0,0.0,0.0,0.0,0.0,0.0,1e-06,0.0,0.0,0.0,0.0,0.0,0.0,1e-06,0.0,0.0,0.0,0.0,0.0,0.0,1e-06,0.0,0.0,0.0,0.0,0.0,0.0,1e-06,0.0,0.0,0.0,0.0,0.0,0.0,1e-06,13.9606005803,-0.307885549971,-0.17777098768,0.0114544490352,-0.0380572006106,-0.137875109911,0.0001,0.0,0.0,0.0,0.0,0.0,0.0,0.0001,0.0,0.0,0.0,0.0,0.0,0.0,0.0001,0.0,0.0,0.0,0.0,0.0,0.0,0.0001,0.0,0.0,0.0,0.0,0.0,0.0,0.0001,0.0,0.0,0.0,0.0,0.0,0.0,0.0001
1532986862181449744,1335,1532986862180686514,map,base_link,179.79057312,-9.16240310669,48.8352394104,0.0834536899385,-0.108297840305,-0.755809435678,0.640358615435,1e-06,0.0,0.0,0.0,0.0,0.0,0.0,1e-06,0.0,0.0,0.0,0.0,0.0,0.0,1e-06,0.0,0.0,0.0,0.0,0.0,0.0,1e-06,0.0,0.0,0.0,0.0,0.0,0.0,1e-06,0.0,0.0,0.0,0.0,0.0,0.0,1e-06,14.0683848673,0.0328164645115,-0.22070437132,0.0512160509825,0.0104325367138,-0.193833485246,0.0001,0.0,0.0,0.0,0.0,0.0,0.0,0.0001,0.0,0.0,0.0,0.0,0.0,0.0,0.0001,0.0,0.0,0.0,0.0,0.0,0.0,0.0001,0.0,0.0,0.0,0.0,0.0,0.0,0.0001,0.0,0.0,0.0,0.0,0.0,0.0,0.0001
1532986862441156163,1336,1532986862430581475,map,base_link,179.157196045,-12.5175266266,48.764175415,0.0834536899385,-0.108297840305,-0.755809435678,0.640358615435,1e-06,0.0,0.0,0.0,0.0,0.0,0.0,1e-06,0.0,0.0,0.0,0.0,0.0,0.0,1e-06,0.0,0.0,0.0,0.0,0.0,0.0,1e-06,0.0,0.0,0.0,0.0,0.0,0.0,1e-06,0.0,0.0,0.0,0.0,0.0,0.0,1e-06,14.1037106855,-0.596967451741,-0.465079558946,0.0512160509825,0.0104325367138,-0.193833485246,0.0001,0.0,0.0,0.0,0.0,0.0,0.0,0.0001,0.0,0.0,0.0,0.0,0.0,0.0,0.0001,0.0,0.0,0.0,0.0,0.0,0.0,0.0001,0.0,0.0,0.0,0.0,0.0,0.0,0.0001,0.0,0.0,0.0,0.0,0.0,0.0,0.0001
1532986862656695867,1337,1532986862656019230,map,base_link,178.369857788,-15.8335437775,48.6251449585,0.102151313767,-0.137961206547,-0.774618766118,0.6086851253,1e-06,0.0,0.0,0.0,0.0,0.0,0.0,1e-06,0.0,0.0,0.0,0.0,0.0,0.0,1e-06,0.0,0.0,0.0,0.0,0.0,0.0,1e-06,0.0,0.0,0.0,0.0,0.0,0.0,1e-06,0.0,0.0,0.0,0.0,0.0,0.0,1e-06,14.155112293,-0.430473239207,-0.445477073481,0.24109531939,-0.0807562321424,-0.156234145164,0.0001,0.0,0.0,0.0,0.0,0.0,0.0,0.0001,0.0,0.0,0.0,0.0,0.0,0.0,0.0001,0.0,0.0,0.0,0.0,0.0,0.0,0.0001,0.0,0.0,0.0,0.0,0.0,0.0,0.0001,0.0,0.0,0.0,0.0,0.0,0.0,0.0001
1532986862945499608,1338,1532986862945081433,map,base_link,177.155990601,-19.6594867706,48.515789032,0.102151313767,-0.137961206547,-0.774618766118,0.6086851253,1e-06,0.0,0.0,0.0,0.0,0.0,0.0,1e-06,0.0,0.0,0.0,0.0,0.0,0.0,1e-06,0.0,0.0,0.0,0.0,0.0,0.0,1e-06,0.0,0.0,0.0,0.0,0.0,0.0,1e-06,0.0,0.0,0.0,0.0,0.0,0.0,1e-06,14.1444892132,-1.40227580834,0.118048790894,0.24109531939,-0.0807562321424,-0.156234145164,0.0001,0.0,0.0,0.0,0.0,0.0,0.0,0.0001,0.0,0.0,0.0,0.0,0.0,0.0,0.0001,0.0,0.0,0.0,0.0,0.0,0.0,0.0001,0.0,0.0,0.0,0.0,0.0,0.0,0.0001,0.0,0.0,0.0,0.0,0.0,0.0,0.0001
1532986863176373634,1339,1532986863167637212,map,base_link,175.970932007,-22.609331131,48.4692955017,0.107832711169,-0.182333801867,-0.780676740403,0.587937341978,1e-06,0.0,0.0,0.0,0.0,0.0,0.0,1e-06,0.0,0.0,0.0,0.0,0.0,0.0,1e-06,0.0,0.0,0.0,0.0,0.0,0.0,1e-06,0.0,0.0,0.0,0.0,0.0,0.0,1e-06,0.0,0.0,0.0,0.0,0.0,0.0,1e-06,14.1636552311,-1.82678256449,-0.14803623905,0.370332658291,-0.118569761515,-0.0980623438954,0.0001,0.0,0.0,0.0,0.0,0.0,0.0,0.0001,0.0,0.0,0.0,0.0,0.0,0.0,0.0001,0.0,0.0,0.0,0.0,0.0,0.0,0.0001,0.0,0.0,0.0,0.0,0.0,0.0,0.0001,0.0,0.0,0.0,0.0,0.0,0.0,0.0001
1532986863420307525,1340,1532986863419384455,map,base_link,174.314712524,-26.0008621216,48.3936195374,0.118384603245,-0.223046797853,-0.794663918199,0.552036655299,1e-06,0.0,0.0,0.0,0.0,0.0,0.0,1e-06,0.0,0.0,0.0,0.0,0.0,0.0,1e-06,0.0,0.0,0.0,0.0,0.0,0.0,1e-06,0.0,0.0,0.0,0.0,0.0,0.0,1e-06,0.0,0.0,0.0,0.0,0.0,0.0,1e-06,14.2783622134,-1.9252228039,-0.213235117374,0.00202211318538,-0.0917578190565,-0.214000239968,0.0001,0.0,0.0,0.0,0.0,0.0,0.0,0.0001,0.0,0.0,0.0,0.0,0.0,0.0,0.0001,0.0,0.0,0.0,0.0,0.0,0.0,0.0001,0.0,0.0,0.0,0.0,0.0,0.0,0.0001,0.0,0.0,0.0,0.0,0.0,0.0,0.0001
1532986863638957875,1341,1532986863638569333,map,base_link,172.702606201,-28.8062496185,48.3097267151,0.118384603245,-0.223046797853,-0.794663918199,0.552036655299,1e-06,0.0,0.0,0.0,0.0,0.0,0.0,1e-06,0.0,0.0,0.0,0.0,0.0,0.0,1e-06,0.0,0.0,0.0,0.0,0.0,0.0,1e-06,0.0,0.0,0.0,0.0,0.0,0.0,1e-06,0.0,0.0,0.0,0.0,0.0,0.0,1e-06,14.2599834422,-2.80059235844,0.0813750930129,0.00202211318538,-0.0917578190565,-0.214000239968,0.0001,0.0,0.0,0.0,0.0,0.0,0.0,0.0001,0.0,0.0,0.0,0.0,0.0,0.0,0.0001,0.0,0.0,0.0,0.0,0.0,0.0,0.0001,0.0,0.0,0.0,0.0,0.0,0.0,0.0001,0.0,0.0,0.0,0.0,0.0,0.0,0.0001
1532986863914558551,1342,1532986863911033890,map,base_link,170.554107666,-32.0176696777,48.1824378967,0.115159658007,-0.224498237024,-0.821958667709,0.510610167661,1e-06,0.0,0.0,0.0,0.0,0.0,0.0,1e-06,0.0,0.0,0.0,0.0,0.0,0.0,1e-06,0.0,0.0,0.0,0.0,0.0,0.0,1e-06,0.0,0.0,0.0,0.0,0.0,0.0,1e-06,0.0,0.0,0.0,0.0,0.0,0.0,1e-06,14.5019183189,-2.52949290641,0.124823262859,-0.0622892044485,-0.117177397013,-0.312971830368,0.0001,0.0,0.0,0.0,0.0,0.0,0.0,0.0001,0.0,0.0,0.0,0.0,0.0,0.0,0.0001,0.0,0.0,0.0,0.0,0.0,0.0,0.0001,0.0,0.0,0.0,0.0,0.0,0.0,0.0001,0.0,0.0,0.0,0.0,0.0,0.0,0.0001
1532986864121576905,1343,1532986864120370285,map,base_link,168.513641357,-34.6139984131,48.0771064758,0.115159658007,-0.224498237024,-0.821958667709,0.510610167661,1e-06,0.0,0.0,0.0,0.0,0.0,0.0,1e-06,0.0,0.0,0.0,0.0,0.0,0.0,1e-06,0.0,0.0,0.0,0.0,0.0,0.0,1e-06,0.0,0.0,0.0,0.0,0.0,0.0,1e-06,0.0,0.0,0.0,0.0,0.0,0.0,1e-06,14.4984800045,-3.45998258676,0.749648357067,-0.0622892044485,-0.117177397013,-0.312971830368,0.0001,0.0,0.0,0.0,0.0,0.0,0.0,0.0001,0.0,0.0,0.0,0.0,0.0,0.0,0.0001,0.0,0.0,0.0,0.0,0.0,0.0,0.0001,0.0,0.0,0.0,0.0,0.0,0.0,0.0001,0.0,0.0,0.0,0.0,0.0,0.0,0.0001
1532986864433008737,1344,1532986864431772357,map,base_link,165.36529541,-37.9472541809,47.9880447388,0.0993750063095,-0.231646913592,-0.854970295657,0.453310168746,1e-06,0.0,0.0,0.0,0.0,0.0,0.0,1e-06,0.0,0.0,0.0,0.0,0.0,0.0,1e-06,0.0,0.0,0.0,0.0,0.0,0.0,1e-06,0.0,0.0,0.0,0.0,0.0,0.0,1e-06,0.0,0.0,0.0,0.0,0.0,0.0,1e-06,14.7876671954,-2.99221672338,0.810588293903,0.0362009182572,-0.197302892804,-0.21762059629,0.0001,0.0,0.0,0.0,0.0,0.0,0.0,0.0001,0.0,0.0,0.0,0.0,0.0,0.0,0.0001,0.0,0.0,0.0,0.0,0.0,0.0,0.0001,0.0,0.0,0.0,0.0,0.0,0.0,0.0001,0.0,0.0,0.0,0.0,0.0,0.0,0.0001
1532986864601777382,1345,1532986864601139752,map,base_link,163.294052124,-39.7910003662,47.9919013977,0.0993750063095,-0.231646913592,-0.854970295657,0.453310168746,1e-06,0.0,0.0,0.0,0.0,0.0,0.0,1e-06,0.0,0.0,0.0,0.0,0.0,0.0,1e-06,0.0,0.0,0.0,0.0,0.0,0.0,1e-06,0.0,0.0,0.0,0.0,0.0,0.0,1e-06,0.0,0.0,0.0,0.0,0.0,0.0,1e-06,14.6612268131,-3.75223868503,1.4933104139,0.0362009182572,-0.197302892804,-0.21762059629,0.0001,0.0,0.0,0.0,0.0,0.0,0.0,0.0001,0.0,0.0,0.0,0.0,0.0,0.0,0.0001,0.0,0.0,0.0,0.0,0.0,0.0,0.0001,0.0,0.0,0.0,0.0,0.0,0.0,0.0001,0.0,0.0,0.0,0.0,0.0,0.0,0.0001
1532986864875819086,1346,1532986864874274835,map,base_link,160.09803772,-42.2173690796,48.0851364136,0.0678155894441,-0.255408572545,-0.878172334265,0.398724037689,1e-06,0.0,0.0,0.0,0.0,0.0,0.0,1e-06,0.0,0.0,0.0,0.0,0.0,0.0,1e-06,0.0,0.0,0.0,0.0,0.0,0.0,1e-06,0.0,0.0,0.0,0.0,0.0,0.0,1e-06,0.0,0.0,0.0,0.0,0.0,0.0,1e-06,14.9044949381,-3.38704401325,0.891414564178,-0.0601159855723,-0.213985472918,-0.21491470933,0.0001,0.0,0.0,0.0,0.0,0.0,0.0,0.0001,0.0,0.0,0.0,0.0,0.0,0.0,0.0001,0.0,0.0,0.0,0.0,0.0,0.0,0.0001,0.0,0.0,0.0,0.0,0.0,0.0,0.0001,0.0,0.0,0.0,0.0,0.0,0.0,0.0001
1532986865150799668,1347,1532986865149257496,map,base_link,156.409896851,-44.535243988,48.2498283386,0.0519860822352,-0.259948308452,-0.893531364306,0.362389328194,1e-06,0.0,0.0,0.0,0.0,0.0,0.0,1e-06,0.0,0.0,0.0,0.0,0.0,0.0,1e-06,0.0,0.0,0.0,0.0,0.0,0.0,1e-06,0.0,0.0,0.0,0.0,0.0,0.0,1e-06,0.0,0.0,0.0,0.0,0.0,0.0,1e-06,14.9494056503,-3.53501413341,0.936114212781,-0.00703565124422,-0.181964591146,-0.263148725033,0.0001,0.0,0.0,0.0,0.0,0.0,0.0,0.0001,0.0,0.0,0.0,0.0,0.0,0.0,0.0001,0.0,0.0,0.0,0.0,0.0,0.0,0.0001,0.0,0.0,0.0,0.0,0.0,0.0,0.0001,0.0,0.0,0.0,0.0,0.0,0.0,0.0001
1532986865362563223,1348,1532986865362035801,map,base_link,153.375839233,-46.1134681702,48.3940505981,0.0519860822352,-0.259948308452,-0.893531364306,0.362389328194,1e-06,0.0,0.0,0.0,0.0,0.0,0.0,1e-06,0.0,0.0,0.0,0.0,0.0,0.0,1e-06,0.0,0.0,0.0,0.0,0.0,0.0,1e-06,0.0,0.0,0.0,0.0,0.0,0.0,1e-06,0.0,0.0,0.0,0.0,0.0,0.0,1e-06,14.7177683355,-4.43769804781,1.49545190398,-0.00703565124422,-0.181964591146,-0.263148725033,0.0001,0.0,0.0,0.0,0.0,0.0,0.0,0.0001,0.0,0.0,0.0,0.0,0.0,0.0,0.0001,0.0,0.0,0.0,0.0,0.0,0.0,0.0001,0.0,0.0,0.0,0.0,0.0,0.0,0.0001,0.0,0.0,0.0,0.0,0.0,0.0,0.0001
1532986865630596850,1349,1532986865629553141,map,base_link,149.663665771,-47.7014465332,48.573299408,0.0305184779123,-0.259904922454,-0.917857104765,0.298423171055,1e-06,0.0,0.0,0.0,0.0,0.0,0.0,1e-06,0.0,0.0,0.0,0.0,0.0,0.0,1e-06,0.0,0.0,0.0,0.0,0.0,0.0,1e-06,0.0,0.0,0.0,0.0,0.0,0.0,1e-06,0.0,0.0,0.0,0.0,0.0,0.0,1e-06,15.0424360209,-3.70096982338,0.96280805191,-0.0747161284089,-0.134069159627,-0.25297087431,0.0001,0.0,0.0,0.0,0.0,0.0,0.0,0.0001,0.0,0.0,0.0,0.0,0.0,0.0,0.0001,0.0,0.0,0.0,0.0,0.0,0.0,0.0001,0.0,0.0,0.0,0.0,0.0,0.0,0.0001,0.0,0.0,0.0,0.0,0.0,0.0,0.0001
1532986865864603219,1350,1532986865864006260,map,base_link,145.852783203,-49.0012054443,48.7552261353,0.0146843112645,-0.247576159845,-0.935278572307,0.252476549925,1e-06,0.0,0.0,0.0,0.0,0.0,0.0,1e-06,0.0,0.0,0.0,0.0,0.0,0.0,1e-06,0.0,0.0,0.0,0.0,0.0,0.0,1e-06,0.0,0.0,0.0,0.0,0.0,0.0,1e-06,0.0,0.0,0.0,0.0,0.0,0.0,1e-06,15.2264499844,-3.39020088735,0.683427659516,-0.122123658657,-0.128758296371,-0.222197413445,0.0001,0.0,0.0,0.0,0.0,0.0,0.0,0.0001,0.0,0.0,0.0,0.0,0.0,0.0,0.0001,0.0,0.0,0.0,0.0,0.0,0.0,0.0001,0.0,0.0,0.0,0.0,0.0,0.0,0.0001,0.0,0.0,0.0,0.0,0.0,0.0,0.0001
1532986866105984637,1351,1532986866101044748,map,base_link,142.545333862,-49.8975448608,48.906703949,0.0146843112645,-0.247576159845,-0.935278572307,0.252476549925,1e-06,0.0,0.0,0.0,0.0,0.0,0.0,1e-06,0.0,0.0,0.0,0.0,0.0,0.0,1e-06,0.0,0.0,0.0,0.0,0.0,0.0,1e-06,0.0,0.0,0.0,0.0,0.0,0.0,1e-06,0.0,0.0,0.0,0.0,0.0,0.0,1e-06,15.0645400288,-4.16382601161,1.12808810789,-0.122123658657,-0.128758296371,-0.222197413445,0.0001,0.0,0.0,0.0,0.0,0.0,0.0,0.0001,0.0,0.0,0.0,0.0,0.0,0.0,0.0001,0.0,0.0,0.0,0.0,0.0,0.0,0.0001,0.0,0.0,0.0,0.0,0.0,0.0,0.0001,0.0,0.0,0.0,0.0,0.0,0.0,0.0001
1532986866356807915,1352,1532986866356157613,map,base_link,138.577285767,-50.7274475098,49.073890686,3.87767953536e-05,-0.225264207164,-0.951136264083,0.211177277694,1e-06,0.0,0.0,0.0,0.0,0.0,0.0,1e-06,0.0,0.0,0.0,0.0,0.0,0.0,1e-06,0.0,0.0,0.0,0.0,0.0,0.0,1e-06,0.0,0.0,0.0,0.0,0.0,0.0,1e-06,0.0,0.0,0.0,0.0,0.0,0.0,1e-06,15.2293804473,-3.83900511959,0.741733966764,-0.188083857298,-0.0994009375572,-0.218649551272,0.0001,0.0,0.0,0.0,0.0,0.0,0.0,0.0001,0.0,0.0,0.0,0.0,0.0,0.0,0.0001,0.0,0.0,0.0,0.0,0.0,0.0,0.0001,0.0,0.0,0.0,0.0,0.0,0.0,0.0001,0.0,0.0,0.0,0.0,0.0,0.0,0.0001
1532986866609695347,1353,1532986866609436756,map,base_link,134.586608887,-51.3501930237,49.2364578247,-0.013623427983,-0.186526727556,-0.968597652244,0.163831529885,1e-06,0.0,0.0,0.0,0.0,0.0,0.0,1e-06,0.0,0.0,0.0,0.0,0.0,0.0,1e-06,0.0,0.0,0.0,0.0,0.0,0.0,1e-06,0.0,0.0,0.0,0.0,0.0,0.0,1e-06,0.0,0.0,0.0,0.0,0.0,0.0,1e-06,15.422059059,-3.20440586069,0.237778670044,-0.247922077775,-0.068958543241,-0.196772515774,0.0001,0.0,0.0,0.0,0.0,0.0,0.0,0.0001,0.0,0.0,0.0,0.0,0.0,0.0,0.0001,0.0,0.0,0.0,0.0,0.0,0.0,0.0001,0.0,0.0,0.0,0.0,0.0,0.0,0.0001,0.0,0.0,0.0,0.0,0.0,0.0,0.0001
1532986866861461183,1354,1532986866860707521,map,base_link,130.866622925,-51.7688980103,49.3821258545,-0.013623427983,-0.186526727556,-0.968597652244,0.163831529885,1e-06,0.0,0.0,0.0,0.0,0.0,0.0,1e-06,0.0,0.0,0.0,0.0,0.0,0.0,1e-06,0.0,0.0,0.0,0.0,0.0,0.0,1e-06,0.0,0.0,0.0,0.0,0.0,0.0,1e-06,0.0,0.0,0.0,0.0,0.0,0.0,1e-06,15.3094428776,-3.77409435702,0.386484200544,-0.247922077775,-0.068958543241,-0.196772515774,0.0001,0.0,0.0,0.0,0.0,0.0,0.0,0.0001,0.0,0.0,0.0,0.0,0.0,0.0,0.0001,0.0,0.0,0.0,0.0,0.0,0.0,0.0001,0.0,0.0,0.0,0.0,0.0,0.0,0.0001,0.0,0.0,0.0,0.0,0.0,0.0,0.0001
1532986867087879094,1355,1532986867087284344,map,base_link,127.440589905,-52.0462722778,49.4882888794,-0.0180433777144,-0.14207341648,-0.981234311167,0.129107735783,1e-06,0.0,0.0,0.0,0.0,0.0,0.0,1e-06,0.0,0.0,0.0,0.0,0.0,0.0,1e-06,0.0,0.0,0.0,0.0,0.0,0.0,1e-06,0.0,0.0,0.0,0.0,0.0,0.0,1e-06,0.0,0.0,0.0,0.0,0.0,0.0,1e-06,15.4842488526,-3.18057233503,-0.0359306332564,-0.218349516392,-0.012406649068,-0.146124452353,0.0001,0.0,0.0,0.0,0.0,0.0,0.0,0.0001,0.0,0.0,0.0,0.0,0.0,0.0,0.0001,0.0,0.0,0.0,0.0,0.0,0.0,0.0001,0.0,0.0,0.0,0.0,0.0,0.0,0.0001,0.0,0.0,0.0,0.0,0.0,0.0,0.0001
1532986867290603317,1356,1532986867289470616,map,base_link,124.004524231,-52.2407226563,49.5657119751,-0.0180433777144,-0.14207341648,-0.981234311167,0.129107735783,1e-06,0.0,0.0,0.0,0.0,0.0,0.0,1e-06,0.0,0.0,0.0,0.0,0.0,0.0,1e-06,0.0,0.0,0.0,0.0,0.0,0.0,1e-06,0.0,0.0,0.0,0.0,0.0,0.0,1e-06,0.0,0.0,0.0,0.0,0.0,0.0,1e-06,15.4355163462,-3.54249405844,0.0416028523333,-0.218349516392,-0.012406649068,-0.146124452353,0.0001,0.0,0.0,0.0,0.0,0.0,0.0,0.0001,0.0,0.0,0.0,0.0,0.0,0.0,0.0001,0.0,0.0,0.0,0.0,0.0,0.0,0.0001,0.0,0.0,0.0,0.0,0.0,0.0,0.0001,0.0,0.0,0.0,0.0,0.0,0.0,0.0001
1532986867550947943,1357,1532986867549830346,map,base_link,119.941146851,-52.3809242249,49.6435203552,-0.0224744429994,-0.0962675169864,-0.990047996124,0.100162018528,1e-06,0.0,0.0,0.0,0.0,0.0,0.0,1e-06,0.0,0.0,0.0,0.0,0.0,0.0,1e-06,0.0,0.0,0.0,0.0,0.0,0.0,1e-06,0.0,0.0,0.0,0.0,0.0,0.0,1e-06,0.0,0.0,0.0,0.0,0.0,0.0,1e-06,15.5950621035,-2.96831331986,-0.26675131316,-0.201577961445,-0.0171582307667,-0.0690617412329,0.0001,0.0,0.0,0.0,0.0,0.0,0.0,0.0001,0.0,0.0,0.0,0.0,0.0,0.0,0.0001,0.0,0.0,0.0,0.0,0.0,0.0,0.0001,0.0,0.0,0.0,0.0,0.0,0.0,0.0001,0.0,0.0,0.0,0.0,0.0,0.0,0.0001
1532986867789267002,1358,1532986867788820956,map,base_link,116.188858032,-52.4498291016,49.7250213623,-0.0224744429994,-0.0962675169864,-0.990047996124,0.100162018528,1e-06,0.0,0.0,0.0,0.0,0.0,0.0,1e-06,0.0,0.0,0.0,0.0,0.0,0.0,1e-06,0.0,0.0,0.0,0.0,0.0,0.0,1e-06,0.0,0.0,0.0,0.0,0.0,0.0,1e-06,0.0,0.0,0.0,0.0,0.0,0.0,1e-06,15.5601191396,-3.1483285001,-0.166364842324,-0.201577961445,-0.0171582307667,-0.0690617412329,0.0001,0.0,0.0,0.0,0.0,0.0,0.0,0.0001,0.0,0.0,0.0,0.0,0.0,0.0,0.0001,0.0,0.0,0.0,0.0,0.0,0.0,0.0001,0.0,0.0,0.0,0.0,0.0,0.0,0.0001,0.0,0.0,0.0,0.0,0.0,0.0,0.0001
1532986868051761286,1359,1532986868051310119,map,base_link,112.134117126,-52.474281311,49.8464202881,-0.0280733655411,-0.0568392867667,-0.994491166097,0.0834775549602,1e-06,0.0,0.0,0.0,0.0,0.0,0.0,1e-06,0.0,0.0,0.0,0.0,0.0,0.0,1e-06,0.0,0.0,0.0,0.0,0.0,0.0,1e-06,0.0,0.0,0.0,0.0,0.0,0.0,1e-06,0.0,0.0,0.0,0.0,0.0,0.0,1e-06,15.6173414666,-2.77759683844,-0.364127770988,-0.153054848313,-0.0053127836436,-0.0411885604262,0.0001,0.0,0.0,0.0,0.0,0.0,0.0,0.0001,0.0,0.0,0.0,0.0,0.0,0.0,0.0001,0.0,0.0,0.0,0.0,0.0,0.0,0.0001,0.0,0.0,0.0,0.0,0.0,0.0,0.0001,0.0,0.0,0.0,0.0,0.0,0.0,0.0001
1532986868320965980,1360,1532986868318073381,map,base_link,108.416671753,-52.4692802429,49.9480247498,-0.0280733655411,-0.0568392867667,-0.994491166097,0.0834775549602,1e-06,0.0,0.0,0.0,0.0,0.0,0.0,1e-06,0.0,0.0,0.0,0.0,0.0,0.0,1e-06,0.0,0.0,0.0,0.0,0.0,0.0,1e-06,0.0,0.0,0.0,0.0,0.0,0.0,1e-06,0.0,0.0,0.0,0.0,0.0,0.0,1e-06,15.5764226347,-2.85009351266,-0.418152585454,-0.153054848313,-0.0053127836436,-0.0411885604262,0.0001,0.0,0.0,0.0,0.0,0.0,0.0,0.0001,0.0,0.0,0.0,0.0,0.0,0.0,0.0001,0.0,0.0,0.0,0.0,0.0,0.0,0.0001,0.0,0.0,0.0,0.0,0.0,0.0,0.0001,0.0,0.0,0.0,0.0,0.0,0.0,0.0001
1532986868566311163,1361,1532986868560878571,map,base_link,104.67490387,-52.4538574219,50.0186004639,-0.0269702087686,-0.0371586105192,-0.995875617026,0.0782534402792,1e-06,0.0,0.0,0.0,0.0,0.0,0.0,1e-06,0.0,0.0,0.0,0.0,0.0,0.0,1e-06,0.0,0.0,0.0,0.0,0.0,0.0,1e-06,0.0,0.0,0.0,0.0,0.0,0.0,1e-06,0.0,0.0,0.0,0.0,0.0,0.0,1e-06,15.6076304912,-2.6783863939,-0.469853939214,-0.122521027923,0.0189437605441,-0.00266012921929,0.0001,0.0,0.0,0.0,0.0,0.0,0.0,0.0001,0.0,0.0,0.0,0.0,0.0,0.0,0.0001,0.0,0.0,0.0,0.0,0.0,0.0,0.0001,0.0,0.0,0.0,0.0,0.0,0.0,0.0001,0.0,0.0,0.0,0.0,0.0,0.0,0.0001
1532986868808778690,1362,1532986868808034629,map,base_link,100.637107849,-52.4541244507,50.0975456238,-0.024756030369,-0.0196667684163,-0.996638893354,0.075572967615,1e-06,0.0,0.0,0.0,0.0,0.0,0.0,1e-06,0.0,0.0,0.0,0.0,0.0,0.0,1e-06,0.0,0.0,0.0,0.0,0.0,0.0,1e-06,0.0,0.0,0.0,0.0,0.0,0.0,1e-06,0.0,0.0,0.0,0.0,0.0,0.0,1e-06,15.6527007897,-2.54325348778,-0.453218868506,-0.0953902229667,0.0149950021878,-0.0275542605668,0.0001,0.0,0.0,0.0,0.0,0.0,0.0,0.0001,0.0,0.0,0.0,0.0,0.0,0.0,0.0001,0.0,0.0,0.0,0.0,0.0,0.0,0.0001,0.0,0.0,0.0,0.0,0.0,0.0,0.0001,0.0,0.0,0.0,0.0,0.0,0.0,0.0001
1532986869063097766,1363,1532986869062063625,map,base_link,96.6111679077,-52.4603385925,50.1710777283,-0.020554612482,-0.0109947699367,-0.996796886381,0.0765022237675,1e-06,0.0,0.0,0.0,0.0,0.0,0.0,1e-06,0.0,0.0,0.0,0.0,0.0,0.0,1e-06,0.0,0.0,0.0,0.0,0.0,0.0,1e-06,0.0,0.0,0.0,0.0,0.0,0.0,1e-06,0.0,0.0,0.0,0.0,0.0,0.0,1e-06,15.6714929654,-2.53455441595,-0.392529275458,-0.00382205331698,0.0208391211927,0.0492870956659,0.0001,0.0,0.0,0.0,0.0,0.0,0.0,0.0001,0.0,0.0,0.0,0.0,0.0,0.0,0.0001,0.0,0.0,0.0,0.0,0.0,0.0,0.0001,0.0,0.0,0.0,0.0,0.0,0.0,0.0001,0.0,0.0,0.0,0.0,0.0,0.0,0.0001
1532986869313292918,1364,1532986869312351769,map,base_link,92.5650482178,-52.4738578796,50.2316970825,-0.020554612482,-0.0109947699367,-0.996796886381,0.0765022237675,1e-06,0.0,0.0,0.0,0.0,0.0,0.0,1e-06,0.0,0.0,0.0,0.0,0.0,0.0,1e-06,0.0,0.0,0.0,0.0,0.0,0.0,1e-06,0.0,0.0,0.0,0.0,0.0,0.0,1e-06,0.0,0.0,0.0,0.0,0.0,0.0,1e-06,15.6846376448,-2.45695114263,-0.505942861556,-0.00382205331698,0.0208391211927,0.0492870956659,0.0001,0.0,0.0,0.0,0.0,0.0,0.0,0.0001,0.0,0.0,0.0,0.0,0.0,0.0,0.0001,0.0,0.0,0.0,0.0,0.0,0.0,0.0001,0.0,0.0,0.0,0.0,0.0,0.0,0.0001,0.0,0.0,0.0,0.0,0.0,0.0,0.0001
1532986869556352316,1365,1532986869555749630,map,base_link,88.8357849121,-52.509803772,50.2533760071,-0.0189501901797,-0.00691943568614,-0.995573495445,0.0917955710768,1e-06,0.0,0.0,0.0,0.0,0.0,0.0,1e-06,0.0,0.0,0.0,0.0,0.0,0.0,1e-06,0.0,0.0,0.0,0.0,0.0,0.0,1e-06,0.0,0.0,0.0,0.0,0.0,0.0,1e-06,0.0,0.0,0.0,0.0,0.0,0.0,1e-06,15.6099044684,-2.80241029087,-0.589238449899,-0.0296527780592,0.00849144998938,0.0772467926145,0.0001,0.0,0.0,0.0,0.0,0.0,0.0,0.0001,0.0,0.0,0.0,0.0,0.0,0.0,0.0001,0.0,0.0,0.0,0.0,0.0,0.0,0.0001,0.0,0.0,0.0,0.0,0.0,0.0,0.0001,0.0,0.0,0.0,0.0,0.0,0.0,0.0001
1532986869802122649,1366,1532986869801264508,map,base_link,85.1060638428,-52.5801010132,50.222618103,-0.0136917362572,-0.00386021932547,-0.995177910704,0.0970492715662,1e-06,0.0,0.0,0.0,0.0,0.0,0.0,1e-06,0.0,0.0,0.0,0.0,0.0,0.0,1e-06,0.0,0.0,0.0,0.0,0.0,0.0,1e-06,0.0,0.0,0.0,0.0,0.0,0.0,1e-06,0.0,0.0,0.0,0.0,0.0,0.0,1e-06,15.6162542431,-2.83169649267,-0.673957139289,0.0360771864653,0.0183721296489,-0.0200838409364,0.0001,0.0,0.0,0.0,0.0,0.0,0.0,0.0001,0.0,0.0,0.0,0.0,0.0,0.0,0.0001,0.0,0.0,0.0,0.0,0.0,0.0,0.0001,0.0,0.0,0.0,0.0,0.0,0.0,0.0001,0.0,0.0,0.0,0.0,0.0,0.0,0.0001
1532986870066756190,1367,1532986870066107520,map,base_link,81.0641174316,-52.6847877502,50.1280021667,-0.0136917362572,-0.00386021932547,-0.995177910704,0.0970492715662,1e-06,0.0,0.0,0.0,0.0,0.0,0.0,1e-06,0.0,0.0,0.0,0.0,0.0,0.0,1e-06,0.0,0.0,0.0,0.0,0.0,0.0,1e-06,0.0,0.0,0.0,0.0,0.0,0.0,1e-06,0.0,0.0,0.0,0.0,0.0,0.0,1e-06,15.6645852157,-2.73311390234,-0.855404784892,0.0360771864653,0.0183721296489,-0.0200838409364,0.0001,0.0,0.0,0.0,0.0,0.0,0.0,0.0001,0.0,0.0,0.0,0.0,0.0,0.0,0.0001,0.0,0.0,0.0,0.0,0.0,0.0,0.0001,0.0,0.0,0.0,0.0,0.0,0.0,0.0001,0.0,0.0,0.0,0.0,0.0,0.0,0.0001
1532986870332029761,1368,1532986870331415427,map,base_link,76.9792251587,-52.8020896912,49.9867897034,-0.00761653538658,-0.0171157074306,-0.995560812152,0.0922372498258,1e-06,0.0,0.0,0.0,0.0,0.0,0.0,1e-06,0.0,0.0,0.0,0.0,0.0,0.0,1e-06,0.0,0.0,0.0,0.0,0.0,0.0,1e-06,0.0,0.0,0.0,0.0,0.0,0.0,1e-06,0.0,0.0,0.0,0.0,0.0,0.0,1e-06,15.7963748569,-2.57824081413,-0.743860621954,0.0314063169062,0.010639869608,-0.0415506623685,0.0001,0.0,0.0,0.0,0.0,0.0,0.0,0.0001,0.0,0.0,0.0,0.0,0.0,0.0,0.0001,0.0,0.0,0.0,0.0,0.0,0.0,0.0001,0.0,0.0,0.0,0.0,0.0,0.0,0.0001,0.0,0.0,0.0,0.0,0.0,0.0,0.0001
1532986870551461837,1369,1532986870547974904,map,base_link,73.5002746582,-52.894947052,49.8476753235,-0.00761653538658,-0.0171157074306,-0.995560812152,0.0922372498258,1e-06,0.0,0.0,0.0,0.0,0.0,0.0,1e-06,0.0,0.0,0.0,0.0,0.0,0.0,1e-06,0.0,0.0,0.0,0.0,0.0,0.0,1e-06,0.0,0.0,0.0,0.0,0.0,0.0,1e-06,0.0,0.0,0.0,0.0,0.0,0.0,1e-06,15.8577717497,-2.61741031458,-0.836285674929,0.0314063169062,0.010639869608,-0.0415506623685,0.0001,0.0,0.0,0.0,0.0,0.0,0.0,0.0001,0.0,0.0,0.0,0.0,0.0,0.0,0.0001,0.0,0.0,0.0,0.0,0.0,0.0,0.0001,0.0,0.0,0.0,0.0,0.0,0.0,0.0001,0.0,0.0,0.0,0.0,0.0,0.0,0.0001
1532986870810084452,1370,1532986870808349737,map,base_link,69.3750991821,-52.9787025452,49.6597480774,-0.00469311168283,-0.0404720321995,-0.994646531648,0.0949645533523,1e-06,0.0,0.0,0.0,0.0,0.0,0.0,1e-06,0.0,0.0,0.0,0.0,0.0,0.0,1e-06,0.0,0.0,0.0,0.0,0.0,0.0,1e-06,0.0,0.0,0.0,0.0,0.0,0.0,1e-06,0.0,0.0,0.0,0.0,0.0,0.0,1e-06,15.9303949814,-2.8345311297,-0.767979114905,0.102471016347,-0.00900607649237,0.0394731424749,0.0001,0.0,0.0,0.0,0.0,0.0,0.0,0.0001,0.0,0.0,0.0,0.0,0.0,0.0,0.0001,0.0,0.0,0.0,0.0,0.0,0.0,0.0001,0.0,0.0,0.0,0.0,0.0,0.0,0.0001,0.0,0.0,0.0,0.0,0.0,0.0,0.0001
1532986871086869572,1371,1532986871086184230,map,base_link,65.2000808716,-53.0449676514,49.4861297607,-0.00469311168283,-0.0404720321995,-0.994646531648,0.0949645533523,1e-06,0.0,0.0,0.0,0.0,0.0,0.0,1e-06,0.0,0.0,0.0,0.0,0.0,0.0,1e-06,0.0,0.0,0.0,0.0,0.0,0.0,1e-06,0.0,0.0,0.0,0.0,0.0,0.0,1e-06,0.0,0.0,0.0,0.0,0.0,0.0,1e-06,15.9861841126,-2.87881453494,-0.533696442102,0.102471016347,-0.00900607649237,0.0394731424749,0.0001,0.0,0.0,0.0,0.0,0.0,0.0,0.0001,0.0,0.0,0.0,0.0,0.0,0.0,0.0001,0.0,0.0,0.0,0.0,0.0,0.0,0.0001,0.0,0.0,0.0,0.0,0.0,0.0,0.0001,0.0,0.0,0.0,0.0,0.0,0.0,0.0001
1532986871331213830,1372,1532986871330183049,map,base_link,60.9811973572,-53.1039047241,49.3931427002,-0.0119575166426,-0.0370702537088,-0.994822099064,0.0938712165645,1e-06,0.0,0.0,0.0,0.0,0.0,0.0,1e-06,0.0,0.0,0.0,0.0,0.0,0.0,1e-06,0.0,0.0,0.0,0.0,0.0,0.0,1e-06,0.0,0.0,0.0,0.0,0.0,0.0,1e-06,0.0,0.0,0.0,0.0,0.0,0.0,1e-06,16.0136666,-2.831185165,-0.510260952224,-0.06073506549,-0.0233371704817,-0.0458680279553,0.0001,0.0,0.0,0.0,0.0,0.0,0.0,0.0001,0.0,0.0,0.0,0.0,0.0,0.0,0.0001,0.0,0.0,0.0,0.0,0.0,0.0,0.0001,0.0,0.0,0.0,0.0,0.0,0.0,0.0001,0.0,0.0,0.0,0.0,0.0,0.0,0.0001
1532986871551695311,1373,1532986871550189044,map,base_link,57.4088668823,-53.1514816284,49.3574371338,-0.0119575166426,-0.0370702537088,-0.994822099064,0.0938712165645,1e-06,0.0,0.0,0.0,0.0,0.0,0.0,1e-06,0.0,0.0,0.0,0.0,0.0,0.0,1e-06,0.0,0.0,0.0,0.0,0.0,0.0,1e-06,0.0,0.0,0.0,0.0,0.0,0.0,1e-06,0.0,0.0,0.0,0.0,0.0,0.0,1e-06,15.9817588308,-2.89465573497,-0.421375447443,-0.06073506549,-0.0233371704817,-0.0458680279553,0.0001,0.0,0.0,0.0,0.0,0.0,0.0,0.0001,0.0,0.0,0.0,0.0,0.0,0.0,0.0001,0.0,0.0,0.0,0.0,0.0,0.0,0.0001,0.0,0.0,0.0,0.0,0.0,0.0,0.0001,0.0,0.0,0.0,0.0,0.0,0.0,0.0001
1532986871763768242,1374,1532986871761587865,map,base_link,53.8603019714,-53.167552948,49.3272895813,-0.0134475762156,-0.0603043288652,-0.995896025912,0.066133623716,1e-06,0.0,0.0,0.0,0.0,0.0,0.0,1e-06,0.0,0.0,0.0,0.0,0.0,0.0,1e-06,0.0,0.0,0.0,0.0,0.0,0.0,1e-06,0.0,0.0,0.0,0.0,0.0,0.0,1e-06,0.0,0.0,0.0,0.0,0.0,0.0,1e-06,16.0495872676,-2.18865305109,-0.35946297521,0.0665950849652,-0.0475967638195,-0.182366207242,0.0001,0.0,0.0,0.0,0.0,0.0,0.0,0.0001,0.0,0.0,0.0,0.0,0.0,0.0,0.0001,0.0,0.0,0.0,0.0,0.0,0.0,0.0001,0.0,0.0,0.0,0.0,0.0,0.0,0.0001,0.0,0.0,0.0,0.0,0.0,0.0,0.0001
1532986872019529810,1375,1532986872012670150,map,base_link,49.9860649109,-53.1058578491,49.3501701355,-0.0243569002516,-0.071188544157,-0.99637945172,0.039584350208,1e-06,0.0,0.0,0.0,0.0,0.0,0.0,1e-06,0.0,0.0,0.0,0.0,0.0,0.0,1e-06,0.0,0.0,0.0,0.0,0.0,0.0,1e-06,0.0,0.0,0.0,0.0,0.0,0.0,1e-06,0.0,0.0,0.0,0.0,0.0,0.0,1e-06,16.0168408947,-1.61500035297,-0.489699601039,0.10129866749,-0.0673513039947,-0.0717090293765,0.0001,0.0,0.0,0.0,0.0,0.0,0.0,0.0001,0.0,0.0,0.0,0.0,0.0,0.0,0.0001,0.0,0.0,0.0,0.0,0.0,0.0,0.0001,0.0,0.0,0.0,0.0,0.0,0.0,0.0001,0.0,0.0,0.0,0.0,0.0,0.0,0.0001
1532986872252953940,1376,1532986872252238390,map,base_link,45.8146247864,-52.9452781677,49.4416847229,-0.0243569002516,-0.071188544157,-0.99637945172,0.039584350208,1e-06,0.0,0.0,0.0,0.0,0.0,0.0,1e-06,0.0,0.0,0.0,0.0,0.0,0.0,1e-06,0.0,0.0,0.0,0.0,0.0,0.0,1e-06,0.0,0.0,0.0,0.0,0.0,0.0,1e-06,0.0,0.0,0.0,0.0,0.0,0.0,1e-06,15.8877088607,-1.88769385482,-0.152027019137,0.10129866749,-0.0673513039947,-0.0717090293765,0.0001,0.0,0.0,0.0,0.0,0.0,0.0,0.0001,0.0,0.0,0.0,0.0,0.0,0.0,0.0001,0.0,0.0,0.0,0.0,0.0,0.0,0.0001,0.0,0.0,0.0,0.0,0.0,0.0,0.0001,0.0,0.0,0.0,0.0,0.0,0.0,0.0001
1532986872538982297,1377,1532986872534724101,map,base_link,41.6921691895,-52.6944351196,49.5992507935,-0.0364472894576,-0.0811471569354,-0.995706275448,0.0256075583797,1e-06,0.0,0.0,0.0,0.0,0.0,0.0,1e-06,0.0,0.0,0.0,0.0,0.0,0.0,1e-06,0.0,0.0,0.0,0.0,0.0,0.0,1e-06,0.0,0.0,0.0,0.0,0.0,0.0,1e-06,0.0,0.0,0.0,0.0,0.0,0.0,1e-06,15.7762289133,-1.72643458973,-0.385984416954,-0.141900092363,-0.0177446193993,-0.092947922647,0.0001,0.0,0.0,0.0,0.0,0.0,0.0,0.0001,0.0,0.0,0.0,0.0,0.0,0.0,0.0001,0.0,0.0,0.0,0.0,0.0,0.0,0.0001,0.0,0.0,0.0,0.0,0.0,0.0,0.0001,0.0,0.0,0.0,0.0,0.0,0.0,0.0001
1532986872776237424,1378,1532986872775428818,map,base_link,37.9189414978,-52.4195137024,49.7724876404,-0.0364472894576,-0.0811471569354,-0.995706275448,0.0256075583797,1e-06,0.0,0.0,0.0,0.0,0.0,0.0,1e-06,0.0,0.0,0.0,0.0,0.0,0.0,1e-06,0.0,0.0,0.0,0.0,0.0,0.0,1e-06,0.0,0.0,0.0,0.0,0.0,0.0,1e-06,0.0,0.0,0.0,0.0,0.0,0.0,1e-06,15.6585837066,-1.80808139781,-0.259002952541,-0.141900092363,-0.0177446193993,-0.092947922647,0.0001,0.0,0.0,0.0,0.0,0.0,0.0,0.0001,0.0,0.0,0.0,0.0,0.0,0.0,0.0001,0.0,0.0,0.0,0.0,0.0,0.0,0.0001,0.0,0.0,0.0,0.0,0.0,0.0,0.0001,0.0,0.0,0.0,0.0,0.0,0.0,0.0001
1532986873007871063,1379,1532986873004051331,map,base_link,34.1808319092,-52.1528205872,49.9662857056,-0.0375697049071,-0.0153103820131,-0.999172135124,0.00302553578317,1e-06,0.0,0.0,0.0,0.0,0.0,0.0,1e-06,0.0,0.0,0.0,0.0,0.0,0.0,1e-06,0.0,0.0,0.0,0.0,0.0,0.0,1e-06,0.0,0.0,0.0,0.0,0.0,0.0,1e-06,0.0,0.0,0.0,0.0,0.0,0.0,1e-06,15.6486781168,-1.04574717247,-0.370399396989,-0.373949885368,0.0110193667933,-0.0409982465208,0.0001,0.0,0.0,0.0,0.0,0.0,0.0,0.0001,0.0,0.0,0.0,0.0,0.0,0.0,0.0001,0.0,0.0,0.0,0.0,0.0,0.0,0.0001,0.0,0.0,0.0,0.0,0.0,0.0,0.0001,0.0,0.0,0.0,0.0,0.0,0.0,0.0001
1532986873265455505,1380,1532986873261330238,map,base_link,30.1655139923,-51.9135131836,50.2083282471,-0.0353292094538,0.0119689100476,-0.999293712167,-0.00454631440984,1e-06,0.0,0.0,0.0,0.0,0.0,0.0,1e-06,0.0,0.0,0.0,0.0,0.0,0.0,1e-06,0.0,0.0,0.0,0.0,0.0,0.0,1e-06,0.0,0.0,0.0,0.0,0.0,0.0,1e-06,0.0,0.0,0.0,0.0,0.0,0.0,1e-06,15.6254302077,-0.679001101802,-0.233917245838,0.0537579022348,0.0386821739376,-0.000922484789044,0.0001,0.0,0.0,0.0,0.0,0.0,0.0,0.0001,0.0,0.0,0.0,0.0,0.0,0.0,0.0001,0.0,0.0,0.0,0.0,0.0,0.0,0.0001,0.0,0.0,0.0,0.0,0.0,0.0,0.0001,0.0,0.0,0.0,0.0,0.0,0.0,0.0001
1532986873495765021,1381,1532986873494981120,map,base_link,26.4539299011,-51.7320594788,50.443862915,-0.0353292094538,0.0119689100476,-0.999293712167,-0.00454631440984,1e-06,0.0,0.0,0.0,0.0,0.0,0.0,1e-06,0.0,0.0,0.0,0.0,0.0,0.0,1e-06,0.0,0.0,0.0,0.0,0.0,0.0,1e-06,0.0,0.0,0.0,0.0,0.0,0.0,1e-06,0.0,0.0,0.0,0.0,0.0,0.0,1e-06,15.5987503405,-0.54640552242,-0.1699460705,0.0537579022348,0.0386821739376,-0.000922484789044,0.0001,0.0,0.0,0.0,0.0,0.0,0.0,0.0001,0.0,0.0,0.0,0.0,0.0,0.0,0.0001,0.0,0.0,0.0,0.0,0.0,0.0,0.0001,0.0,0.0,0.0,0.0,0.0,0.0,0.0001,0.0,0.0,0.0,0.0,0.0,0.0,0.0001
1532986873747967079,1382,1532986873746677931,map,base_link,22.7574615479,-51.5831947327,50.6736221313,-0.0306243941258,0.0144862660449,-0.999417749695,0.00405662110746,1e-06,0.0,0.0,0.0,0.0,0.0,0.0,1e-06,0.0,0.0,0.0,0.0,0.0,0.0,1e-06,0.0,0.0,0.0,0.0,0.0,0.0,1e-06,0.0,0.0,0.0,0.0,0.0,0.0,1e-06,0.0,0.0,0.0,0.0,0.0,0.0,1e-06,15.5440420472,-0.685355136242,-0.0618852553419,0.016325738281,0.0186116099358,0.0834004729986,0.0001,0.0,0.0,0.0,0.0,0.0,0.0,0.0001,0.0,0.0,0.0,0.0,0.0,0.0,0.0001,0.0,0.0,0.0,0.0,0.0,0.0,0.0001,0.0,0.0,0.0,0.0,0.0,0.0,0.0001,0.0,0.0,0.0,0.0,0.0,0.0,0.0001
1532986873955894550,1383,1532986873953465118,map,base_link,19.3976078033,-51.4868049622,50.8814620972,-0.0306243941258,0.0144862660449,-0.999417749695,0.00405662110746,1e-06,0.0,0.0,0.0,0.0,0.0,0.0,1e-06,0.0,0.0,0.0,0.0,0.0,0.0,1e-06,0.0,0.0,0.0,0.0,0.0,0.0,1e-06,0.0,0.0,0.0,0.0,0.0,0.0,1e-06,0.0,0.0,0.0,0.0,0.0,0.0,1e-06,15.5192534942,-0.511196955814,0.00081426743506,0.016325738281,0.0186116099358,0.0834004729986,0.0001,0.0,0.0,0.0,0.0,0.0,0.0,0.0001,0.0,0.0,0.0,0.0,0.0,0.0,0.0001,0.0,0.0,0.0,0.0,0.0,0.0,0.0001,0.0,0.0,0.0,0.0,0.0,0.0,0.0001,0.0,0.0,0.0,0.0,0.0,0.0,0.0001
1532986874195725638,1384,1532986874194981032,map,base_link,15.7189540863,-51.4223556519,51.0982971191,-0.0261125464689,0.0134376979254,-0.999296837625,0.0233108023111,1e-06,0.0,0.0,0.0,0.0,0.0,0.0,1e-06,0.0,0.0,0.0,0.0,0.0,0.0,1e-06,0.0,0.0,0.0,0.0,0.0,0.0,1e-06,0.0,0.0,0.0,0.0,0.0,0.0,1e-06,0.0,0.0,0.0,0.0,0.0,0.0,1e-06,15.4815828494,-0.943386252205,0.024295216188,0.0457018725574,0.0459998473525,0.0721564367414,0.0001,0.0,0.0,0.0,0.0,0.0,0.0,0.0001,0.0,0.0,0.0,0.0,0.0,0.0,0.0001,0.0,0.0,0.0,0.0,0.0,0.0,0.0001,0.0,0.0,0.0,0.0,0.0,0.0,0.0001,0.0,0.0,0.0,0.0,0.0,0.0,0.0001
1532986874460053387,1385,1532986874459458797,map,base_link,11.7372236252,-51.3876152039,51.2705421448,-0.0152298445522,0.00206900300744,-0.999424794572,0.0302299694919,1e-06,0.0,0.0,0.0,0.0,0.0,0.0,1e-06,0.0,0.0,0.0,0.0,0.0,0.0,1e-06,0.0,0.0,0.0,0.0,0.0,0.0,1e-06,0.0,0.0,0.0,0.0,0.0,0.0,1e-06,0.0,0.0,0.0,0.0,0.0,0.0,1e-06,15.4406022543,-1.03897767608,0.089537028154,0.00338547071442,0.0582541264594,0.0637339651585,0.0001,0.0,0.0,0.0,0.0,0.0,0.0,0.0001,0.0,0.0,0.0,0.0,0.0,0.0,0.0001,0.0,0.0,0.0,0.0,0.0,0.0,0.0001,0.0,0.0,0.0,0.0,0.0,0.0,0.0001,0.0,0.0,0.0,0.0,0.0,0.0,0.0001
1532986874724986351,1386,1532986874724475697,map,base_link,7.75891780853,-51.3803024292,51.3535308838,-0.0152298445522,0.00206900300744,-0.999424794572,0.0302299694919,1e-06,0.0,0.0,0.0,0.0,0.0,0.0,1e-06,0.0,0.0,0.0,0.0,0.0,0.0,1e-06,0.0,0.0,0.0,0.0,0.0,0.0,1e-06,0.0,0.0,0.0,0.0,0.0,0.0,1e-06,0.0,0.0,0.0,0.0,0.0,0.0,1e-06,15.4352192585,-0.880207595348,-0.284409979797,0.00338547071442,0.0582541264594,0.0637339651585,0.0001,0.0,0.0,0.0,0.0,0.0,0.0,0.0001,0.0,0.0,0.0,0.0,0.0,0.0,0.0001,0.0,0.0,0.0,0.0,0.0,0.0,0.0001,0.0,0.0,0.0,0.0,0.0,0.0,0.0001,0.0,0.0,0.0,0.0,0.0,0.0,0.0001
1532986874958213170,1387,1532986874957706868,map,base_link,4.10109376907,-51.4029808044,51.300037384,-0.00239296105446,0.00385140696645,-0.999423453869,0.0336481835798,1e-06,0.0,0.0,0.0,0.0,0.0,0.0,1e-06,0.0,0.0,0.0,0.0,0.0,0.0,1e-06,0.0,0.0,0.0,0.0,0.0,0.0,1e-06,0.0,0.0,0.0,0.0,0.0,0.0,1e-06,0.0,0.0,0.0,0.0,0.0,0.0,1e-06,15.4798198567,-0.855696289258,-0.514133529838,0.0797688886523,0.0900343880057,-0.020865868777,0.0001,0.0,0.0,0.0,0.0,0.0,0.0,0.0001,0.0,0.0,0.0,0.0,0.0,0.0,0.0001,0.0,0.0,0.0,0.0,0.0,0.0,0.0001,0.0,0.0,0.0,0.0,0.0,0.0,0.0001,0.0,0.0,0.0,0.0,0.0,0.0,0.0001
1532986875199893276,1388,1532986875199637181,map,base_link,0.408519506454,-51.4406585693,51.1261787415,-0.00239296105446,0.00385140696645,-0.999423453869,0.0336481835798,1e-06,0.0,0.0,0.0,0.0,0.0,0.0,1e-06,0.0,0.0,0.0,0.0,0.0,0.0,1e-06,0.0,0.0,0.0,0.0,0.0,0.0,1e-06,0.0,0.0,0.0,0.0,0.0,0.0,1e-06,0.0,0.0,0.0,0.0,0.0,0.0,1e-06,15.6171750066,-0.819281695084,-0.758095157803,0.0797688886523,0.0900343880057,-0.020865868777,0.0001,0.0,0.0,0.0,0.0,0.0,0.0,0.0001,0.0,0.0,0.0,0.0,0.0,0.0,0.0001,0.0,0.0,0.0,0.0,0.0,0.0,0.0001,0.0,0.0,0.0,0.0,0.0,0.0,0.0001,0.0,0.0,0.0,0.0,0.0,0.0,0.0001
1532986875470680846,1389,1532986875469848017,map,base_link,-3.64260292053,-51.4765357971,50.920085907,0.0116007209771,-0.0188644025706,-0.99960253295,0.0174451629142,1e-06,0.0,0.0,0.0,0.0,0.0,0.0,1e-06,0.0,0.0,0.0,0.0,0.0,0.0,1e-06,0.0,0.0,0.0,0.0,0.0,0.0,1e-06,0.0,0.0,0.0,0.0,0.0,0.0,1e-06,0.0,0.0,0.0,0.0,0.0,0.0,1e-06,15.8344370747,-0.388539505049,-0.243812842083,0.0339504182339,-0.00596073176712,-0.0018007948529,0.0001,0.0,0.0,0.0,0.0,0.0,0.0,0.0001,0.0,0.0,0.0,0.0,0.0,0.0,0.0001,0.0,0.0,0.0,0.0,0.0,0.0,0.0001,0.0,0.0,0.0,0.0,0.0,0.0,0.0001,0.0,0.0,0.0,0.0,0.0,0.0,0.0001
1532986875744465528,1390,1532986875743811802,map,base_link,-8.04001426697,-51.4992523193,50.6889877319,0.00791759021043,-0.00726526623873,-0.999487096483,0.0301673935776,1e-06,0.0,0.0,0.0,0.0,0.0,0.0,1e-06,0.0,0.0,0.0,0.0,0.0,0.0,1e-06,0.0,0.0,0.0,0.0,0.0,0.0,1e-06,0.0,0.0,0.0,0.0,0.0,0.0,1e-06,0.0,0.0,0.0,0.0,0.0,0.0,1e-06,15.8859418629,-0.858163102078,-0.634545000701,0.00699435500428,-0.0167121365666,0.137538537383,0.0001,0.0,0.0,0.0,0.0,0.0,0.0,0.0001,0.0,0.0,0.0,0.0,0.0,0.0,0.0001,0.0,0.0,0.0,0.0,0.0,0.0,0.0001,0.0,0.0,0.0,0.0,0.0,0.0,0.0001,0.0,0.0,0.0,0.0,0.0,0.0,0.0001
1532986875955677309,1391,1532986875954413505,map,base_link,-11.5072994232,-51.5183067322,50.5235748291,0.00791759021043,-0.00726526623873,-0.999487096483,0.0301673935776,1e-06,0.0,0.0,0.0,0.0,0.0,0.0,1e-06,0.0,0.0,0.0,0.0,0.0,0.0,1e-06,0.0,0.0,0.0,0.0,0.0,0.0,1e-06,0.0,0.0,0.0,0.0,0.0,0.0,1e-06,0.0,0.0,0.0,0.0,0.0,0.0,1e-06,15.7545528385,-0.824905118056,-0.308472406862,0.00699435500428,-0.0167121365666,0.137538537383,0.0001,0.0,0.0,0.0,0.0,0.0,0.0,0.0001,0.0,0.0,0.0,0.0,0.0,0.0,0.0001,0.0,0.0,0.0,0.0,0.0,0.0,0.0001,0.0,0.0,0.0,0.0,0.0,0.0,0.0001,0.0,0.0,0.0,0.0,0.0,0.0,0.0001
1532986876232927900,1392,1532986876232039614,map,base_link,-15.8612375259,-51.5703315735,50.4309463501,-0.00875711088407,-0.000390606991449,-0.998140450439,0.0603224803276,1e-06,0.0,0.0,0.0,0.0,0.0,0.0,1e-06,0.0,0.0,0.0,0.0,0.0,0.0,1e-06,0.0,0.0,0.0,0.0,0.0,0.0,1e-06,0.0,0.0,0.0,0.0,0.0,0.0,1e-06,0.0,0.0,0.0,0.0,0.0,0.0,1e-06,15.3701127692,-1.50432313555,-0.67805271644,-0.394284248352,0.00439470261335,0.0622228905559,0.0001,0.0,0.0,0.0,0.0,0.0,0.0,0.0001,0.0,0.0,0.0,0.0,0.0,0.0,0.0001,0.0,0.0,0.0,0.0,0.0,0.0,0.0001,0.0,0.0,0.0,0.0,0.0,0.0,0.0001,0.0,0.0,0.0,0.0,0.0,0.0,0.0001
1532986876465445569,1393,1532986876463230376,map,base_link,-19.2012786865,-51.6982727051,50.3827285767,-0.00875711088407,-0.000390606991449,-0.998140450439,0.0603224803276,1e-06,0.0,0.0,0.0,0.0,0.0,0.0,1e-06,0.0,0.0,0.0,0.0,0.0,0.0,1e-06,0.0,0.0,0.0,0.0,0.0,0.0,1e-06,0.0,0.0,0.0,0.0,0.0,0.0,1e-06,0.0,0.0,0.0,0.0,0.0,0.0,1e-06,15.1336206383,-1.0901706829,-0.85748669895,-0.394284248352,0.00439470261335,0.0622228905559,0.0001,0.0,0.0,0.0,0.0,0.0,0.0,0.0001,0.0,0.0,0.0,0.0,0.0,0.0,0.0001,0.0,0.0,0.0,0.0,0.0,0.0,0.0001,0.0,0.0,0.0,0.0,0.0,0.0,0.0001,0.0,0.0,0.0,0.0,0.0,0.0,0.0001
1532986876683948656,1394,1532986876683599921,map,base_link,-22.7853298187,-51.9675178528,50.2671775818,-0.00310089011269,0.136783317114,-0.989591038723,0.0446126071785,1e-06,0.0,0.0,0.0,0.0,0.0,0.0,1e-06,0.0,0.0,0.0,0.0,0.0,0.0,1e-06,0.0,0.0,0.0,0.0,0.0,0.0,1e-06,0.0,0.0,0.0,0.0,0.0,0.0,1e-06,0.0,0.0,0.0,0.0,0.0,0.0,1e-06,14.9367960318,0.203151959328,-0.897519415712,-0.431521356106,0.0807172507048,-0.085632443428,0.0001,0.0,0.0,0.0,0.0,0.0,0.0,0.0001,0.0,0.0,0.0,0.0,0.0,0.0,0.0001,0.0,0.0,0.0,0.0,0.0,0.0,0.0001,0.0,0.0,0.0,0.0,0.0,0.0,0.0001,0.0,0.0,0.0,0.0,0.0,0.0,0.0001
1532986876947499704,1395,1532986876944897952,map,base_link,-26.2884273529,-52.3712120056,50.028087616,-0.00310089011269,0.136783317114,-0.989591038723,0.0446126071785,1e-06,0.0,0.0,0.0,0.0,0.0,0.0,1e-06,0.0,0.0,0.0,0.0,0.0,0.0,1e-06,0.0,0.0,0.0,0.0,0.0,0.0,1e-06,0.0,0.0,0.0,0.0,0.0,0.0,1e-06,0.0,0.0,0.0,0.0,0.0,0.0,1e-06,14.7106260189,0.903029775277,-1.25508221667,-0.431521356106,0.0807172507048,-0.085632443428,0.0001,0.0,0.0,0.0,0.0,0.0,0.0,0.0001,0.0,0.0,0.0,0.0,0.0,0.0,0.0001,0.0,0.0,0.0,0.0,0.0,0.0,0.0001,0.0,0.0,0.0,0.0,0.0,0.0,0.0001,0.0,0.0,0.0,0.0,0.0,0.0,0.0001
1532986877233688604,1396,1532986877232272513,map,base_link,-30.2478237152,-53.0307350159,49.5809898376,0.00526318466589,0.186873926703,-0.98120166588,0.0478928520851,1e-06,0.0,0.0,0.0,0.0,0.0,0.0,1e-06,0.0,0.0,0.0,0.0,0.0,0.0,1e-06,0.0,0.0,0.0,0.0,0.0,0.0,1e-06,0.0,0.0,0.0,0.0,0.0,0.0,1e-06,0.0,0.0,0.0,0.0,0.0,0.0,1e-06,14.5048268425,1.85197673846,-1.1521399158,-0.218731462955,0.0224258601665,0.176017835736,0.0001,0.0,0.0,0.0,0.0,0.0,0.0,0.0001,0.0,0.0,0.0,0.0,0.0,0.0,0.0001,0.0,0.0,0.0,0.0,0.0,0.0,0.0001,0.0,0.0,0.0,0.0,0.0,0.0,0.0001,0.0,0.0,0.0,0.0,0.0,0.0,0.0001
1532986877465187461,1397,1532986877460743154,map,base_link,-33.564201355,-53.7916603088,49.0459785461,0.0167334533496,0.265673454661,-0.955779415184,0.124993265973,1e-06,0.0,0.0,0.0,0.0,0.0,0.0,1e-06,0.0,0.0,0.0,0.0,0.0,0.0,1e-06,0.0,0.0,0.0,0.0,0.0,0.0,1e-06,0.0,0.0,0.0,0.0,0.0,0.0,1e-06,0.0,0.0,0.0,0.0,0.0,0.0,1e-06,14.5848269194,0.817518793299,-1.08395117211,-0.379827111959,-0.0736097320914,0.4248290658,0.0001,0.0,0.0,0.0,0.0,0.0,0.0,0.0001,0.0,0.0,0.0,0.0,0.0,0.0,0.0001,0.0,0.0,0.0,0.0,0.0,0.0,0.0001,0.0,0.0,0.0,0.0,0.0,0.0,0.0001,0.0,0.0,0.0,0.0,0.0,0.0,0.0001
1532986877738796495,1398,1532986877737856113,map,base_link,-37.3058013916,-54.9835472107,48.2390823364,0.0167334533496,0.265673454661,-0.955779415184,0.124993265973,1e-06,0.0,0.0,0.0,0.0,0.0,0.0,1e-06,0.0,0.0,0.0,0.0,0.0,0.0,1e-06,0.0,0.0,0.0,0.0,0.0,0.0,1e-06,0.0,0.0,0.0,0.0,0.0,0.0,1e-06,0.0,0.0,0.0,0.0,0.0,0.0,1e-06,14.4943767339,2.39985441559,-0.922244312351,-0.379827111959,-0.0736097320914,0.4248290658,0.0001,0.0,0.0,0.0,0.0,0.0,0.0,0.0001,0.0,0.0,0.0,0.0,0.0,0.0,0.0001,0.0,0.0,0.0,0.0,0.0,0.0,0.0001,0.0,0.0,0.0,0.0,0.0,0.0,0.0001,0.0,0.0,0.0,0.0,0.0,0.0,0.0001
1532986877971518227,1399,1532986877970252599,map,base_link,-40.3412437439,-56.3167724609,47.3926506042,0.00314958735175,0.334020183382,-0.92167781827,0.197308379201,1e-06,0.0,0.0,0.0,0.0,0.0,0.0,1e-06,0.0,0.0,0.0,0.0,0.0,0.0,1e-06,0.0,0.0,0.0,0.0,0.0,0.0,1e-06,0.0,0.0,0.0,0.0,0.0,0.0,1e-06,0.0,0.0,0.0,0.0,0.0,0.0,1e-06,14.6353523707,2.001138286,-1.12308937987,-0.339381694794,-0.162460848689,0.34980532527,0.0001,0.0,0.0,0.0,0.0,0.0,0.0,0.0001,0.0,0.0,0.0,0.0,0.0,0.0,0.0001,0.0,0.0,0.0,0.0,0.0,0.0,0.0001,0.0,0.0,0.0,0.0,0.0,0.0,0.0001,0.0,0.0,0.0,0.0,0.0,0.0,0.0001
1532986878218101998,1400,1532986878216513811,map,base_link,-43.2079544067,-57.950843811,46.4105453491,-0.0190126462334,0.343244403239,-0.895319086545,0.283241120242,1e-06,0.0,0.0,0.0,0.0,0.0,0.0,1e-06,0.0,0.0,0.0,0.0,0.0,0.0,1e-06,0.0,0.0,0.0,0.0,0.0,0.0,1e-06,0.0,0.0,0.0,0.0,0.0,0.0,1e-06,0.0,0.0,0.0,0.0,0.0,0.0,1e-06,14.7446629633,1.23644686855,-1.6798881351,0.0912498533726,-0.285305708647,0.439276903868,0.0001,0.0,0.0,0.0,0.0,0.0,0.0,0.0001,0.0,0.0,0.0,0.0,0.0,0.0,0.0001,0.0,0.0,0.0,0.0,0.0,0.0,0.0001,0.0,0.0,0.0,0.0,0.0,0.0,0.0001,0.0,0.0,0.0,0.0,0.0,0.0,0.0001
1532986878453268108,1401,1532986878452641005,map,base_link,-45.8490753174,-59.948589325,45.4080810547,-0.0190126462334,0.343244403239,-0.895319086545,0.283241120242,1e-06,0.0,0.0,0.0,0.0,0.0,0.0,1e-06,0.0,0.0,0.0,0.0,0.0,0.0,1e-06,0.0,0.0,0.0,0.0,0.0,0.0,1e-06,0.0,0.0,0.0,0.0,0.0,0.0,1e-06,0.0,0.0,0.0,0.0,0.0,0.0,1e-06,14.6867333001,2.70002253223,-0.424414498718,0.0912498533726,-0.285305708647,0.439276903868,0.0001,0.0,0.0,0.0,0.0,0.0,0.0,0.0001,0.0,0.0,0.0,0.0,0.0,0.0,0.0001,0.0,0.0,0.0,0.0,0.0,0.0,0.0001,0.0,0.0,0.0,0.0,0.0,0.0,0.0001,0.0,0.0,0.0,0.0,0.0,0.0,0.0001
1532986878669200643,1402,1532986878668996259,map,base_link,-47.9967155457,-62.1501235962,44.5321960449,-0.0631181016773,0.346793265717,-0.846630175805,0.398707764546,1e-06,0.0,0.0,0.0,0.0,0.0,0.0,1e-06,0.0,0.0,0.0,0.0,0.0,0.0,1e-06,0.0,0.0,0.0,0.0,0.0,0.0,1e-06,0.0,0.0,0.0,0.0,0.0,0.0,1e-06,0.0,0.0,0.0,0.0,0.0,0.0,1e-06,14.9024387805,1.13006657342,-1.07176793492,-0.249850481749,-0.391173928976,0.445700079203,0.0001,0.0,0.0,0.0,0.0,0.0,0.0,0.0001,0.0,0.0,0.0,0.0,0.0,0.0,0.0001,0.0,0.0,0.0,0.0,0.0,0.0,0.0001,0.0,0.0,0.0,0.0,0.0,0.0,0.0001,0.0,0.0,0.0,0.0,0.0,0.0,0.0001
1532986878938813432,1403,1532986878937896603,map,base_link,-50.0706214905,-65.2005996704,43.5900611877,-0.0631181016773,0.346793265717,-0.846630175805,0.398707764546,1e-06,0.0,0.0,0.0,0.0,0.0,0.0,1e-06,0.0,0.0,0.0,0.0,0.0,0.0,1e-06,0.0,0.0,0.0,0.0,0.0,0.0,1e-06,0.0,0.0,0.0,0.0,0.0,0.0,1e-06,0.0,0.0,0.0,0.0,0.0,0.0,1e-06,14.7475590505,2.88770925369,0.982569269115,-0.249850481749,-0.391173928976,0.445700079203,0.0001,0.0,0.0,0.0,0.0,0.0,0.0,0.0001,0.0,0.0,0.0,0.0,0.0,0.0,0.0001,0.0,0.0,0.0,0.0,0.0,0.0,0.0001,0.0,0.0,0.0,0.0,0.0,0.0,0.0001,0.0,0.0,0.0,0.0,0.0,0.0,0.0001
1532986879195945556,1404,1532986879195223030,map,base_link,-51.4282608032,-68.3988342285,42.8424606323,-0.124191328746,0.336970418003,-0.787328844415,0.501139443676,1e-06,0.0,0.0,0.0,0.0,0.0,0.0,1e-06,0.0,0.0,0.0,0.0,0.0,0.0,1e-06,0.0,0.0,0.0,0.0,0.0,0.0,1e-06,0.0,0.0,0.0,0.0,0.0,0.0,1e-06,0.0,0.0,0.0,0.0,0.0,0.0,1e-06,15.0333162179,1.85614173335,0.407774932241,-0.116362795234,-0.474215835333,0.395708560944,0.0001,0.0,0.0,0.0,0.0,0.0,0.0,0.0001,0.0,0.0,0.0,0.0,0.0,0.0,0.0001,0.0,0.0,0.0,0.0,0.0,0.0,0.0001,0.0,0.0,0.0,0.0,0.0,0.0,0.0001,0.0,0.0,0.0,0.0,0.0,0.0,0.0001
1532986879413740261,1405,1532986879413332071,map,base_link,-52.1899681091,-71.8347549438,42.2201156616,-0.124191328746,0.336970418003,-0.787328844415,0.501139443676,1e-06,0.0,0.0,0.0,0.0,0.0,0.0,1e-06,0.0,0.0,0.0,0.0,0.0,0.0,1e-06,0.0,0.0,0.0,0.0,0.0,0.0,1e-06,0.0,0.0,0.0,0.0,0.0,0.0,1e-06,0.0,0.0,0.0,0.0,0.0,0.0,1e-06,14.6335278806,3.45727779227,2.1829376404,-0.116362795234,-0.474215835333,0.395708560944,0.0001,0.0,0.0,0.0,0.0,0.0,0.0,0.0001,0.0,0.0,0.0,0.0,0.0,0.0,0.0001,0.0,0.0,0.0,0.0,0.0,0.0,0.0001,0.0,0.0,0.0,0.0,0.0,0.0,0.0001,0.0,0.0,0.0,0.0,0.0,0.0,0.0001
1532986879675994129,1406,1532986879675158196,map,base_link,-52.4792976379,-75.3320007324,41.6528930664,-0.157521472612,0.248068915328,-0.717327052243,0.631736257496,1e-06,0.0,0.0,0.0,0.0,0.0,0.0,1e-06,0.0,0.0,0.0,0.0,0.0,0.0,1e-06,0.0,0.0,0.0,0.0,0.0,0.0,1e-06,0.0,0.0,0.0,0.0,0.0,0.0,1e-06,0.0,0.0,0.0,0.0,0.0,0.0,1e-06,15.0231730687,1.42610466832,-0.561713582847,0.51154333353,-0.387285113335,0.334287703037,0.0001,0.0,0.0,0.0,0.0,0.0,0.0,0.0001,0.0,0.0,0.0,0.0,0.0,0.0,0.0001,0.0,0.0,0.0,0.0,0.0,0.0,0.0001,0.0,0.0,0.0,0.0,0.0,0.0,0.0001,0.0,0.0,0.0,0.0,0.0,0.0,0.0001
1532986879922660908,1407,1532986879921931694,map,base_link,-52.3913993835,-79.0070648193,41.1196212769,-0.157521472612,0.248068915328,-0.717327052243,0.631736257496,1e-06,0.0,0.0,0.0,0.0,0.0,0.0,1e-06,0.0,0.0,0.0,0.0,0.0,0.0,1e-06,0.0,0.0,0.0,0.0,0.0,0.0,1e-06,0.0,0.0,0.0,0.0,0.0,0.0,1e-06,0.0,0.0,0.0,0.0,0.0,0.0,1e-06,14.5510709571,2.63265886392,0.589036771624,0.51154333353,-0.387285113335,0.334287703037,0.0001,0.0,0.0,0.0,0.0,0.0,0.0,0.0001,0.0,0.0,0.0,0.0,0.0,0.0,0.0001,0.0,0.0,0.0,0.0,0.0,0.0,0.0001,0.0,0.0,0.0,0.0,0.0,0.0,0.0001,0.0,0.0,0.0,0.0,0.0,0.0,0.0001
1532986880178406955,1408,1532986880177918957,map,base_link,-51.9199256897,-82.5273666382,40.7091522217,0.170774050071,-0.178770024783,0.661050836953,-0.708441453492,1e-06,0.0,0.0,0.0,0.0,0.0,0.0,1e-06,0.0,0.0,0.0,0.0,0.0,0.0,1e-06,0.0,0.0,0.0,0.0,0.0,0.0,1e-06,0.0,0.0,0.0,0.0,0.0,0.0,1e-06,0.0,0.0,0.0,0.0,0.0,0.0,1e-06,14.2638160109,1.6730802297,-0.587621947775,-0.105365239084,-0.3145814538,0.307435035706,0.0001,0.0,0.0,0.0,0.0,0.0,0.0,0.0001,0.0,0.0,0.0,0.0,0.0,0.0,0.0001,0.0,0.0,0.0,0.0,0.0,0.0,0.0001,0.0,0.0,0.0,0.0,0.0,0.0,0.0001,0.0,0.0,0.0,0.0,0.0,0.0,0.0001
1532986880428227773,1409,1532986880427607455,map,base_link,-51.0404968262,-85.8690109253,40.4242248535,0.170774050071,-0.178770024783,0.661050836953,-0.708441453492,1e-06,0.0,0.0,0.0,0.0,0.0,0.0,1e-06,0.0,0.0,0.0,0.0,0.0,0.0,1e-06,0.0,0.0,0.0,0.0,0.0,0.0,1e-06,0.0,0.0,0.0,0.0,0.0,0.0,1e-06,0.0,0.0,0.0,0.0,0.0,0.0,1e-06,13.6021290877,3.03551999325,0.696228658963,-0.105365239084,-0.3145814538,0.307435035706,0.0001,0.0,0.0,0.0,0.0,0.0,0.0,0.0001,0.0,0.0,0.0,0.0,0.0,0.0,0.0001,0.0,0.0,0.0,0.0,0.0,0.0,0.0001,0.0,0.0,0.0,0.0,0.0,0.0,0.0001,0.0,0.0,0.0,0.0,0.0,0.0,0.0001
1532986880654631764,1410,1532986880654444949,map,base_link,-49.981803894,-88.5182723999,40.2816429138,0.229125917988,-0.153038391338,0.599448926352,-0.751492880325,1e-06,0.0,0.0,0.0,0.0,0.0,0.0,1e-06,0.0,0.0,0.0,0.0,0.0,0.0,1e-06,0.0,0.0,0.0,0.0,0.0,0.0,1e-06,0.0,0.0,0.0,0.0,0.0,0.0,1e-06,0.0,0.0,0.0,0.0,0.0,0.0,1e-06,13.3986796023,2.58167778448,-0.198660075341,-0.0234072878957,-0.28759047389,0.158864796162,0.0001,0.0,0.0,0.0,0.0,0.0,0.0,0.0001,0.0,0.0,0.0,0.0,0.0,0.0,0.0001,0.0,0.0,0.0,0.0,0.0,0.0,0.0001,0.0,0.0,0.0,0.0,0.0,0.0,0.0001,0.0,0.0,0.0,0.0,0.0,0.0,0.0001
1532986880888948340,1411,1532986880888060183,map,base_link,-48.5696678162,-91.228263855,40.1430587769,0.235371491708,-0.127049947147,0.567718838564,-0.778558855939,1e-06,0.0,0.0,0.0,0.0,0.0,0.0,1e-06,0.0,0.0,0.0,0.0,0.0,0.0,1e-06,0.0,0.0,0.0,0.0,0.0,0.0,1e-06,0.0,0.0,0.0,0.0,0.0,0.0,1e-06,0.0,0.0,0.0,0.0,0.0,0.0,1e-06,13.0112677509,2.7719297787,-0.502346852013,0.1695561409,-0.103179454803,0.223271474242,0.0001,0.0,0.0,0.0,0.0,0.0,0.0,0.0001,0.0,0.0,0.0,0.0,0.0,0.0,0.0001,0.0,0.0,0.0,0.0,0.0,0.0,0.0001,0.0,0.0,0.0,0.0,0.0,0.0,0.0001,0.0,0.0,0.0,0.0,0.0,0.0,0.0001
1532986881144041110,1412,1532986881143359672,map,base_link,-46.9711532593,-93.7380065918,40.0090370178,0.235371491708,-0.127049947147,0.567718838564,-0.778558855939,1e-06,0.0,0.0,0.0,0.0,0.0,0.0,1e-06,0.0,0.0,0.0,0.0,0.0,0.0,1e-06,0.0,0.0,0.0,0.0,0.0,0.0,1e-06,0.0,0.0,0.0,0.0,0.0,0.0,1e-06,0.0,0.0,0.0,0.0,0.0,0.0,1e-06,12.4976545347,3.66922764706,0.205715822914,0.1695561409,-0.103179454803,0.223271474242,0.0001,0.0,0.0,0.0,0.0,0.0,0.0,0.0001,0.0,0.0,0.0,0.0,0.0,0.0,0.0001,0.0,0.0,0.0,0.0,0.0,0.0,0.0001,0.0,0.0,0.0,0.0,0.0,0.0,0.0001,0.0,0.0,0.0,0.0,0.0,0.0,0.0001
1532986881394721988,1413,1532986881392138892,map,base_link,-45.2435798645,-96.0417480469,39.9077301025,0.173840407674,-0.0828307554315,0.506715728188,-0.840331928122,1e-06,0.0,0.0,0.0,0.0,0.0,0.0,1e-06,0.0,0.0,0.0,0.0,0.0,0.0,1e-06,0.0,0.0,0.0,0.0,0.0,0.0,1e-06,0.0,0.0,0.0,0.0,0.0,0.0,1e-06,0.0,0.0,0.0,0.0,0.0,0.0,1e-06,12.5173993844,2.40792435087,-0.378803420066,0.446156591177,-0.0431373044848,0.407027453184,0.0001,0.0,0.0,0.0,0.0,0.0,0.0,0.0001,0.0,0.0,0.0,0.0,0.0,0.0,0.0001,0.0,0.0,0.0,0.0,0.0,0.0,0.0001,0.0,0.0,0.0,0.0,0.0,0.0,0.0001,0.0,0.0,0.0,0.0,0.0,0.0,0.0001
1532986881670188649,1414,1532986881669664682,map,base_link,-42.9508132935,-98.7342834473,39.763420105,0.13553789058,-0.0645774232723,0.457886594101,-0.876241464189,1e-06,0.0,0.0,0.0,0.0,0.0,0.0,1e-06,0.0,0.0,0.0,0.0,0.0,0.0,1e-06,0.0,0.0,0.0,0.0,0.0,0.0,1e-06,0.0,0.0,0.0,0.0,0.0,0.0,1e-06,0.0,0.0,0.0,0.0,0.0,0.0,1e-06,12.3003618365,1.78021660748,-0.469804273025,0.0997006520629,-0.0469784513116,0.32807123661,0.0001,0.0,0.0,0.0,0.0,0.0,0.0,0.0001,0.0,0.0,0.0,0.0,0.0,0.0,0.0001,0.0,0.0,0.0,0.0,0.0,0.0,0.0001,0.0,0.0,0.0,0.0,0.0,0.0,0.0001,0.0,0.0,0.0,0.0,0.0,0.0,0.0001
1532986881892168078,1415,1532986881891509264,map,base_link,-41.195400238,-100.577949524,39.6451072693,0.13553789058,-0.0645774232723,0.457886594101,-0.876241464189,1e-06,0.0,0.0,0.0,0.0,0.0,0.0,1e-06,0.0,0.0,0.0,0.0,0.0,0.0,1e-06,0.0,0.0,0.0,0.0,0.0,0.0,1e-06,0.0,0.0,0.0,0.0,0.0,0.0,1e-06,0.0,0.0,0.0,0.0,0.0,0.0,1e-06,11.9992290666,2.36206005608,-0.309181976309,0.0997006520629,-0.0469784513116,0.32807123661,0.0001,0.0,0.0,0.0,0.0,0.0,0.0,0.0001,0.0,0.0,0.0,0.0,0.0,0.0,0.0001,0.0,0.0,0.0,0.0,0.0,0.0,0.0001,0.0,0.0,0.0,0.0,0.0,0.0,0.0001,0.0,0.0,0.0,0.0,0.0,0.0,0.0001
1532986882117487497,1416,1532986882116512203,map,base_link,-39.3879165649,-102.325759888,39.5145225525,0.112377522581,-0.0535596061706,0.410447563233,-0.903346809836,1e-06,0.0,0.0,0.0,0.0,0.0,0.0,1e-06,0.0,0.0,0.0,0.0,0.0,0.0,1e-06,0.0,0.0,0.0,0.0,0.0,0.0,1e-06,0.0,0.0,0.0,0.0,0.0,0.0,1e-06,0.0,0.0,0.0,0.0,0.0,0.0,1e-06,11.9474996977,1.56566564912,-0.480846156371,0.102571830153,-0.0108668468893,0.125118494034,0.0001,0.0,0.0,0.0,0.0,0.0,0.0,0.0001,0.0,0.0,0.0,0.0,0.0,0.0,0.0001,0.0,0.0,0.0,0.0,0.0,0.0,0.0001,0.0,0.0,0.0,0.0,0.0,0.0,0.0001,0.0,0.0,0.0,0.0,0.0,0.0,0.0001
1532986882412833073,1417,1532986882411177622,map,base_link,-37.0148887634,-104.416244507,39.3664207458,0.112377522581,-0.0535596061706,0.410447563233,-0.903346809836,1e-06,0.0,0.0,0.0,0.0,0.0,0.0,1e-06,0.0,0.0,0.0,0.0,0.0,0.0,1e-06,0.0,0.0,0.0,0.0,0.0,0.0,1e-06,0.0,0.0,0.0,0.0,0.0,0.0,1e-06,0.0,0.0,0.0,0.0,0.0,0.0,1e-06,11.7428724503,2.13399753085,-0.0441232639888,0.102571830153,-0.0108668468893,0.125118494034,0.0001,0.0,0.0,0.0,0.0,0.0,0.0,0.0001,0.0,0.0,0.0,0.0,0.0,0.0,0.0001,0.0,0.0,0.0,0.0,0.0,0.0,0.0001,0.0,0.0,0.0,0.0,0.0,0.0,0.0001,0.0,0.0,0.0,0.0,0.0,0.0,0.0001
1532986882604360434,1418,1532986882600444381,map,base_link,-35.2567901611,-105.845039368,39.2642631531,0.0882789658778,-0.0511325928227,0.387933926086,-0.91602377214,1e-06,0.0,0.0,0.0,0.0,0.0,0.0,1e-06,0.0,0.0,0.0,0.0,0.0,0.0,1e-06,0.0,0.0,0.0,0.0,0.0,0.0,1e-06,0.0,0.0,0.0,0.0,0.0,0.0,1e-06,0.0,0.0,0.0,0.0,0.0,0.0,1e-06,11.6962025993,1.84111623384,-0.225465712272,0.325555860996,0.105753034353,0.0828295722604,0.0001,0.0,0.0,0.0,0.0,0.0,0.0,0.0001,0.0,0.0,0.0,0.0,0.0,0.0,0.0001,0.0,0.0,0.0,0.0,0.0,0.0,0.0001,0.0,0.0,0.0,0.0,0.0,0.0,0.0001,0.0,0.0,0.0,0.0,0.0,0.0,0.0001
1532986882912753779,1419,1532986882910585721,map,base_link,-32.4164657593,-108.066864014,38.945728302,0.0376571117029,-0.0479515859332,0.378734734554,-0.923494768901,1e-06,0.0,0.0,0.0,0.0,0.0,0.0,1e-06,0.0,0.0,0.0,0.0,0.0,0.0,1e-06,0.0,0.0,0.0,0.0,0.0,0.0,1e-06,0.0,0.0,0.0,0.0,0.0,0.0,1e-06,0.0,0.0,0.0,0.0,0.0,0.0,1e-06,11.6265895186,1.78562417043,-0.514934282405,0.243907898664,0.106303967535,0.0706527382135,0.0001,0.0,0.0,0.0,0.0,0.0,0.0,0.0001,0.0,0.0,0.0,0.0,0.0,0.0,0.0001,0.0,0.0,0.0,0.0,0.0,0.0,0.0001,0.0,0.0,0.0,0.0,0.0,0.0,0.0001,0.0,0.0,0.0,0.0,0.0,0.0,0.0001
1532986883090247613,1420,1532986883090055038,map,base_link,-31.005689621,-109.156433105,38.7202911377,0.0376571117029,-0.0479515859332,0.378734734554,-0.923494768901,1e-06,0.0,0.0,0.0,0.0,0.0,0.0,1e-06,0.0,0.0,0.0,0.0,0.0,0.0,1e-06,0.0,0.0,0.0,0.0,0.0,0.0,1e-06,0.0,0.0,0.0,0.0,0.0,0.0,1e-06,0.0,0.0,0.0,0.0,0.0,0.0,1e-06,11.6016420751,1.86895872886,-0.72369991028,0.243907898664,0.106303967535,0.0706527382135,0.0001,0.0,0.0,0.0,0.0,0.0,0.0,0.0001,0.0,0.0,0.0,0.0,0.0,0.0,0.0001,0.0,0.0,0.0,0.0,0.0,0.0,0.0001,0.0,0.0,0.0,0.0,0.0,0.0,0.0001,0.0,0.0,0.0,0.0,0.0,0.0,0.0001
1532986883351583788,1421,1532986883350827214,map,base_link,-28.6676273346,-110.93258667,38.296081543,0.0141593009462,-0.058886817,0.362725320914,-0.929925910247,1e-06,0.0,0.0,0.0,0.0,0.0,0.0,1e-06,0.0,0.0,0.0,0.0,0.0,0.0,1e-06,0.0,0.0,0.0,0.0,0.0,0.0,1e-06,0.0,0.0,0.0,0.0,0.0,0.0,1e-06,0.0,0.0,0.0,0.0,0.0,0.0,1e-06,11.7069484314,1.56275379858,-0.478330643496,-0.140877217054,0.0415729135275,0.0720691382885,0.0001,0.0,0.0,0.0,0.0,0.0,0.0,0.0001,0.0,0.0,0.0,0.0,0.0,0.0,0.0001,0.0,0.0,0.0,0.0,0.0,0.0,0.0001,0.0,0.0,0.0,0.0,0.0,0.0,0.0001,0.0,0.0,0.0,0.0,0.0,0.0,0.0001
1532986883602729145,1422,1532986883594114739,map,base_link,-26.4619350433,-112.552398682,37.8559837341,0.0280233932658,-0.0733521152652,0.352101071128,-0.932662314199,1e-06,0.0,0.0,0.0,0.0,0.0,0.0,1e-06,0.0,0.0,0.0,0.0,0.0,0.0,1e-06,0.0,0.0,0.0,0.0,0.0,0.0,1e-06,0.0,0.0,0.0,0.0,0.0,0.0,1e-06,0.0,0.0,0.0,0.0,0.0,0.0,1e-06,11.7836649751,1.55596619583,-0.46205605107,-0.0657325312495,0.0547099374235,0.0404678396881,0.0001,0.0,0.0,0.0,0.0,0.0,0.0,0.0001,0.0,0.0,0.0,0.0,0.0,0.0,0.0001,0.0,0.0,0.0,0.0,0.0,0.0,0.0001,0.0,0.0,0.0,0.0,0.0,0.0,0.0001,0.0,0.0,0.0,0.0,0.0,0.0,0.0001
1532986883830681324,1423,1532986883830480013,map,base_link,-24.2114257813,-114.138534546,37.318649292,0.0280233932658,-0.0733521152652,0.352101071128,-0.932662314199,1e-06,0.0,0.0,0.0,0.0,0.0,0.0,1e-06,0.0,0.0,0.0,0.0,0.0,0.0,1e-06,0.0,0.0,0.0,0.0,0.0,0.0,1e-06,0.0,0.0,0.0,0.0,0.0,0.0,1e-06,0.0,0.0,0.0,0.0,0.0,0.0,1e-06,11.8295405509,1.79581815106,-0.834839327742,-0.0657325312495,0.0547099374235,0.0404678396881,0.0001,0.0,0.0,0.0,0.0,0.0,0.0,0.0001,0.0,0.0,0.0,0.0,0.0,0.0,0.0001,0.0,0.0,0.0,0.0,0.0,0.0,0.0001,0.0,0.0,0.0,0.0,0.0,0.0,0.0001,0.0,0.0,0.0,0.0,0.0,0.0,0.0001
1532986884058069057,1424,1532986884057662594,map,base_link,-21.8935165405,-115.694236755,36.6970443726,0.0382513576548,-0.079431276638,0.346380988019,-0.933942030893,1e-06,0.0,0.0,0.0,0.0,0.0,0.0,1e-06,0.0,0.0,0.0,0.0,0.0,0.0,1e-06,0.0,0.0,0.0,0.0,0.0,0.0,1e-06,0.0,0.0,0.0,0.0,0.0,0.0,1e-06,0.0,0.0,0.0,0.0,0.0,0.0,1e-06,11.9101467044,1.97907777314,-0.855790730836,-0.174945682287,-0.0437347665429,0.00684884935617,0.0001,0.0,0.0,0.0,0.0,0.0,0.0,0.0001,0.0,0.0,0.0,0.0,0.0,0.0,0.0001,0.0,0.0,0.0,0.0,0.0,0.0,0.0001,0.0,0.0,0.0,0.0,0.0,0.0,0.0001,0.0,0.0,0.0,0.0,0.0,0.0,0.0001
1532986884309304814,1425,1532986884308667696,map,base_link,-19.2968463898,-117.325553894,35.9962882996,0.0382513576548,-0.079431276638,0.346380988019,-0.933942030893,1e-06,0.0,0.0,0.0,0.0,0.0,0.0,1e-06,0.0,0.0,0.0,0.0,0.0,0.0,1e-06,0.0,0.0,0.0,0.0,0.0,0.0,1e-06,0.0,0.0,0.0,0.0,0.0,0.0,1e-06,0.0,0.0,0.0,0.0,0.0,0.0,1e-06,11.9566932465,2.35934903981,-0.878939206773,-0.174945682287,-0.0437347665429,0.00684884935617,0.0001,0.0,0.0,0.0,0.0,0.0,0.0,0.0001,0.0,0.0,0.0,0.0,0.0,0.0,0.0001,0.0,0.0,0.0,0.0,0.0,0.0,0.0001,0.0,0.0,0.0,0.0,0.0,0.0,0.0001,0.0,0.0,0.0,0.0,0.0,0.0,0.0001
1532986884560780475,1426,1532986884559581566,map,base_link,-16.8221797943,-118.744171143,35.3469314575,0.0938120117594,-0.0813823341467,0.324409551815,-0.937728460072,1e-06,0.0,0.0,0.0,0.0,0.0,0.0,1e-06,0.0,0.0,0.0,0.0,0.0,0.0,1e-06,0.0,0.0,0.0,0.0,0.0,0.0,1e-06,0.0,0.0,0.0,0.0,0.0,0.0,1e-06,0.0,0.0,0.0,0.0,0.0,0.0,1e-06,12.0194162389,2.54621268544,-0.820473538938,-0.36301997304,-0.104416392744,0.12474052608,0.0001,0.0,0.0,0.0,0.0,0.0,0.0,0.0001,0.0,0.0,0.0,0.0,0.0,0.0,0.0001,0.0,0.0,0.0,0.0,0.0,0.0,0.0001,0.0,0.0,0.0,0.0,0.0,0.0,0.0001,0.0,0.0,0.0,0.0,0.0,0.0,0.0001
1532986884848631386,1427,1532986884847808700,map,base_link,-13.733795166,-120.230705261,34.7194442749,0.0938120117594,-0.0813823341467,0.324409551815,-0.937728460072,1e-06,0.0,0.0,0.0,0.0,0.0,0.0,1e-06,0.0,0.0,0.0,0.0,0.0,0.0,1e-06,0.0,0.0,0.0,0.0,0.0,0.0,1e-06,0.0,0.0,0.0,0.0,0.0,0.0,1e-06,0.0,0.0,0.0,0.0,0.0,0.0,1e-06,12.0348567378,3.42558199614,0.0535977723421,-0.36301997304,-0.104416392744,0.12474052608,0.0001,0.0,0.0,0.0,0.0,0.0,0.0,0.0001,0.0,0.0,0.0,0.0,0.0,0.0,0.0001,0.0,0.0,0.0,0.0,0.0,0.0,0.0001,0.0,0.0,0.0,0.0,0.0,0.0,0.0001,0.0,0.0,0.0,0.0,0.0,0.0,0.0001
1532986885057660677,1428,1532986885057433286,map,base_link,-11.1552295685,-121.234718323,34.3431625366,0.151854236539,-0.0731743526204,0.287494401339,-0.942832314976,1e-06,0.0,0.0,0.0,0.0,0.0,0.0,1e-06,0.0,0.0,0.0,0.0,0.0,0.0,1e-06,0.0,0.0,0.0,0.0,0.0,0.0,1e-06,0.0,0.0,0.0,0.0,0.0,0.0,1e-06,0.0,0.0,0.0,0.0,0.0,0.0,1e-06,12.2295366375,3.27910832248,0.10564540466,0.144127637148,-0.128919959068,0.143110379577,0.0001,0.0,0.0,0.0,0.0,0.0,0.0,0.0001,0.0,0.0,0.0,0.0,0.0,0.0,0.0001,0.0,0.0,0.0,0.0,0.0,0.0,0.0001,0.0,0.0,0.0,0.0,0.0,0.0,0.0001,0.0,0.0,0.0,0.0,0.0,0.0,0.0001
1532986885302006887,1429,1532986885299470511,map,base_link,-8.26331710815,-122.180465698,33.9708404541,0.122578777308,-0.056597449761,0.245302852141,-0.959998793106,1e-06,0.0,0.0,0.0,0.0,0.0,0.0,1e-06,0.0,0.0,0.0,0.0,0.0,0.0,1e-06,0.0,0.0,0.0,0.0,0.0,0.0,1e-06,0.0,0.0,0.0,0.0,0.0,0.0,1e-06,0.0,0.0,0.0,0.0,0.0,0.0,1e-06,12.4749249266,2.76049546421,-0.227456269072,-0.00698889698833,-0.0609979629517,0.254593133926,0.0001,0.0,0.0,0.0,0.0,0.0,0.0,0.0001,0.0,0.0,0.0,0.0,0.0,0.0,0.0001,0.0,0.0,0.0,0.0,0.0,0.0,0.0001,0.0,0.0,0.0,0.0,0.0,0.0,0.0001,0.0,0.0,0.0,0.0,0.0,0.0,0.0001
1532986885568005192,1430,1532986885567578921,map,base_link,-4.82447528839,-123.121246338,33.5538101196,0.122578777308,-0.056597449761,0.245302852141,-0.959998793106,1e-06,0.0,0.0,0.0,0.0,0.0,0.0,1e-06,0.0,0.0,0.0,0.0,0.0,0.0,1e-06,0.0,0.0,0.0,0.0,0.0,0.0,1e-06,0.0,0.0,0.0,0.0,0.0,0.0,1e-06,0.0,0.0,0.0,0.0,0.0,0.0,1e-06,12.3955702381,3.4086589783,-0.0173086507175,-0.00698889698833,-0.0609979629517,0.254593133926,0.0001,0.0,0.0,0.0,0.0,0.0,0.0,0.0001,0.0,0.0,0.0,0.0,0.0,0.0,0.0001,0.0,0.0,0.0,0.0,0.0,0.0,0.0001,0.0,0.0,0.0,0.0,0.0,0.0,0.0001,0.0,0.0,0.0,0.0,0.0,0.0,0.0001
1532986885813783941,1431,1532986885812963112,map,base_link,-1.83921504021,-123.761947632,33.1852684021,0.155898925354,-0.0552814602857,0.181358464512,-0.969406309332,1e-06,0.0,0.0,0.0,0.0,0.0,0.0,1e-06,0.0,0.0,0.0,0.0,0.0,0.0,1e-06,0.0,0.0,0.0,0.0,0.0,0.0,1e-06,0.0,0.0,0.0,0.0,0.0,0.0,1e-06,0.0,0.0,0.0,0.0,0.0,0.0,1e-06,12.6659455326,2.58573814248,-0.0672959236974,-0.320437580347,-0.104148976505,0.304039925337,0.0001,0.0,0.0,0.0,0.0,0.0,0.0,0.0001,0.0,0.0,0.0,0.0,0.0,0.0,0.0001,0.0,0.0,0.0,0.0,0.0,0.0,0.0001,0.0,0.0,0.0,0.0,0.0,0.0,0.0001,0.0,0.0,0.0,0.0,0.0,0.0,0.0001
1532986886105013850,1432,1532986886104145469,map,base_link,1.71788823605,-124.254425049,32.7209587097,0.155898925354,-0.0552814602857,0.181358464512,-0.969406309332,1e-06,0.0,0.0,0.0,0.0,0.0,0.0,1e-06,0.0,0.0,0.0,0.0,0.0,0.0,1e-06,0.0,0.0,0.0,0.0,0.0,0.0,1e-06,0.0,0.0,0.0,0.0,0.0,0.0,1e-06,0.0,0.0,0.0,0.0,0.0,0.0,1e-06,12.5587385683,3.63358953546,0.143032270902,-0.320437580347,-0.104148976505,0.304039925337,0.0001,0.0,0.0,0.0,0.0,0.0,0.0,0.0001,0.0,0.0,0.0,0.0,0.0,0.0,0.0001,0.0,0.0,0.0,0.0,0.0,0.0,0.0001,0.0,0.0,0.0,0.0,0.0,0.0,0.0001,0.0,0.0,0.0,0.0,0.0,0.0,0.0001
1532986886308939893,1433,1532986886308242840,map,base_link,4.55873394012,-124.413566589,32.3359489441,0.207377294986,-0.0495733199007,0.106986880903,-0.971128699397,1e-06,0.0,0.0,0.0,0.0,0.0,0.0,1e-06,0.0,0.0,0.0,0.0,0.0,0.0,1e-06,0.0,0.0,0.0,0.0,0.0,0.0,1e-06,0.0,0.0,0.0,0.0,0.0,0.0,1e-06,0.0,0.0,0.0,0.0,0.0,0.0,1e-06,12.9460636525,2.78115946172,0.105483968367,-0.279666990042,-0.105256550014,0.220052525401,0.0001,0.0,0.0,0.0,0.0,0.0,0.0,0.0001,0.0,0.0,0.0,0.0,0.0,0.0,0.0001,0.0,0.0,0.0,0.0,0.0,0.0,0.0001,0.0,0.0,0.0,0.0,0.0,0.0,0.0001,0.0,0.0,0.0,0.0,0.0,0.0,0.0001
1532986886546084653,1434,1532986886544645457,map,base_link,7.45503902435,-124.350868225,31.9199638367,0.207377294986,-0.0495733199007,0.106986880903,-0.971128699397,1e-06,0.0,0.0,0.0,0.0,0.0,0.0,1e-06,0.0,0.0,0.0,0.0,0.0,0.0,1e-06,0.0,0.0,0.0,0.0,0.0,0.0,1e-06,0.0,0.0,0.0,0.0,0.0,0.0,1e-06,0.0,0.0,0.0,0.0,0.0,0.0,1e-06,12.8939505844,3.76939048443,0.280629086198,-0.279666990042,-0.105256550014,0.220052525401,0.0001,0.0,0.0,0.0,0.0,0.0,0.0,0.0001,0.0,0.0,0.0,0.0,0.0,0.0,0.0001,0.0,0.0,0.0,0.0,0.0,0.0,0.0001,0.0,0.0,0.0,0.0,0.0,0.0,0.0001,0.0,0.0,0.0,0.0,0.0,0.0,0.0001
1532986886767744563,1435,1532986886767540115,map,base_link,10.6314811707,-124.028327942,31.3978462219,0.242116015706,-0.0404286450739,0.05652020446,-0.967755561123,1e-06,0.0,0.0,0.0,0.0,0.0,0.0,1e-06,0.0,0.0,0.0,0.0,0.0,0.0,1e-06,0.0,0.0,0.0,0.0,0.0,0.0,1e-06,0.0,0.0,0.0,0.0,0.0,0.0,1e-06,0.0,0.0,0.0,0.0,0.0,0.0,1e-06,13.1680430731,3.69114437163,0.126012984499,-0.1234068349,-0.139465689659,0.233091011643,0.0001,0.0,0.0,0.0,0.0,0.0,0.0,0.0001,0.0,0.0,0.0,0.0,0.0,0.0,0.0001,0.0,0.0,0.0,0.0,0.0,0.0,0.0001,0.0,0.0,0.0,0.0,0.0,0.0,0.0001,0.0,0.0,0.0,0.0,0.0,0.0,0.0001
1532986887046631885,1436,1532986887045702160,map,base_link,13.820775032,-123.440376282,30.8147583008,0.272906373545,-0.0304200591336,0.00490110262421,-0.961547040177,1e-06,0.0,0.0,0.0,0.0,0.0,0.0,1e-06,0.0,0.0,0.0,0.0,0.0,0.0,1e-06,0.0,0.0,0.0,0.0,0.0,0.0,1e-06,0.0,0.0,0.0,0.0,0.0,0.0,1e-06,0.0,0.0,0.0,0.0,0.0,0.0,1e-06,13.4950031993,3.54885270732,0.244671743993,-0.185193449259,-0.177106454968,0.31971257925,0.0001,0.0,0.0,0.0,0.0,0.0,0.0,0.0001,0.0,0.0,0.0,0.0,0.0,0.0,0.0001,0.0,0.0,0.0,0.0,0.0,0.0,0.0001,0.0,0.0,0.0,0.0,0.0,0.0,0.0001,0.0,0.0,0.0,0.0,0.0,0.0,0.0001
1532986887266885943,1437,1532986887266519544,map,base_link,17.2725067139,-122.473312378,30.1756820679,0.272906373545,-0.0304200591336,0.00490110262421,-0.961547040177,1e-06,0.0,0.0,0.0,0.0,0.0,0.0,1e-06,0.0,0.0,0.0,0.0,0.0,0.0,1e-06,0.0,0.0,0.0,0.0,0.0,0.0,1e-06,0.0,0.0,0.0,0.0,0.0,0.0,1e-06,0.0,0.0,0.0,0.0,0.0,0.0,1e-06,13.4269031889,4.71367988472,0.957938219959,-0.185193449259,-0.177106454968,0.31971257925,0.0001,0.0,0.0,0.0,0.0,0.0,0.0,0.0001,0.0,0.0,0.0,0.0,0.0,0.0,0.0001,0.0,0.0,0.0,0.0,0.0,0.0,0.0001,0.0,0.0,0.0,0.0,0.0,0.0,0.0001,0.0,0.0,0.0,0.0,0.0,0.0,0.0001
1532986887534274963,1438,1532986887533552406,map,base_link,20.7283382416,-121.131370544,29.5366363525,0.265024221723,-0.0303211360091,-0.116778869731,-0.956663726811,1e-06,0.0,0.0,0.0,0.0,0.0,0.0,1e-06,0.0,0.0,0.0,0.0,0.0,0.0,1e-06,0.0,0.0,0.0,0.0,0.0,0.0,1e-06,0.0,0.0,0.0,0.0,0.0,0.0,1e-06,0.0,0.0,0.0,0.0,0.0,0.0,1e-06,14.3265339564,2.67549345118,0.85815254223,0.00449349498376,-0.196882784367,0.574873566628,0.0001,0.0,0.0,0.0,0.0,0.0,0.0,0.0001,0.0,0.0,0.0,0.0,0.0,0.0,0.0001,0.0,0.0,0.0,0.0,0.0,0.0,0.0001,0.0,0.0,0.0,0.0,0.0,0.0,0.0001,0.0,0.0,0.0,0.0,0.0,0.0,0.0001
1532986887772250824,1439,1532986887769166098,map,base_link,23.6089611053,-119.681274414,29.0295295715,0.265024221723,-0.0303211360091,-0.116778869731,-0.956663726811,1e-06,0.0,0.0,0.0,0.0,0.0,0.0,1e-06,0.0,0.0,0.0,0.0,0.0,0.0,1e-06,0.0,0.0,0.0,0.0,0.0,0.0,1e-06,0.0,0.0,0.0,0.0,0.0,0.0,1e-06,0.0,0.0,0.0,0.0,0.0,0.0,1e-06,14.2814472959,3.73029224064,1.68584363838,0.00449349498376,-0.196882784367,0.574873566628,0.0001,0.0,0.0,0.0,0.0,0.0,0.0,0.0001,0.0,0.0,0.0,0.0,0.0,0.0,0.0001,0.0,0.0,0.0,0.0,0.0,0.0,0.0001,0.0,0.0,0.0,0.0,0.0,0.0,0.0001,0.0,0.0,0.0,0.0,0.0,0.0,0.0001
1532986887988058144,1440,1532986887987238850,map,base_link,26.4046440125,-117.947349548,28.5991802216,0.246836780877,0.00721518941495,-0.236627097532,-0.939695249196,1e-06,0.0,0.0,0.0,0.0,0.0,0.0,1e-06,0.0,0.0,0.0,0.0,0.0,0.0,1e-06,0.0,0.0,0.0,0.0,0.0,0.0,1e-06,0.0,0.0,0.0,0.0,0.0,0.0,1e-06,0.0,0.0,0.0,0.0,0.0,0.0,1e-06,15.0026916671,1.64940160467,0.667307359641,-0.11246650666,-0.389476120472,0.342027246952,0.0001,0.0,0.0,0.0,0.0,0.0,0.0,0.0001,0.0,0.0,0.0,0.0,0.0,0.0,0.0001,0.0,0.0,0.0,0.0,0.0,0.0,0.0001,0.0,0.0,0.0,0.0,0.0,0.0,0.0001,0.0,0.0,0.0,0.0,0.0,0.0,0.0001
1532986888188120391,1441,1532986888187623144,map,base_link,29.0925731659,-115.9087677,28.2618293762,0.246836780877,0.00721518941495,-0.236627097532,-0.939695249196,1e-06,0.0,0.0,0.0,0.0,0.0,0.0,1e-06,0.0,0.0,0.0,0.0,0.0,0.0,1e-06,0.0,0.0,0.0,0.0,0.0,0.0,1e-06,0.0,0.0,0.0,0.0,0.0,0.0,1e-06,0.0,0.0,0.0,0.0,0.0,0.0,1e-06,14.9650053922,2.75310611763,1.63663317095,-0.11246650666,-0.389476120472,0.342027246952,0.0001,0.0,0.0,0.0,0.0,0.0,0.0,0.0001,0.0,0.0,0.0,0.0,0.0,0.0,0.0001,0.0,0.0,0.0,0.0,0.0,0.0,0.0001,0.0,0.0,0.0,0.0,0.0,0.0,0.0001,0.0,0.0,0.0,0.0,0.0,0.0,0.0001
1532986888433239206,1442,1532986888432788264,map,base_link,31.6005992889,-113.598953247,27.9789009094,0.265774983062,0.0703673781855,-0.30934637677,-0.910338898238,1e-06,0.0,0.0,0.0,0.0,0.0,0.0,1e-06,0.0,0.0,0.0,0.0,0.0,0.0,1e-06,0.0,0.0,0.0,0.0,0.0,0.0,1e-06,0.0,0.0,0.0,0.0,0.0,0.0,1e-06,0.0,0.0,0.0,0.0,0.0,0.0,1e-06,15.3084557015,2.16542849948,0.498144638622,-0.424776047468,-0.297027289867,0.287700623274,0.0001,0.0,0.0,0.0,0.0,0.0,0.0,0.0001,0.0,0.0,0.0,0.0,0.0,0.0,0.0001,0.0,0.0,0.0,0.0,0.0,0.0,0.0001,0.0,0.0,0.0,0.0,0.0,0.0,0.0001,0.0,0.0,0.0,0.0,0.0,0.0,0.0001
1532986888701551744,1443,1532986888700029477,map,base_link,34.4358940125,-110.268371582,27.6204814911,0.298414586402,0.122559143152,-0.358999324074,-0.875812466437,1e-06,0.0,0.0,0.0,0.0,0.0,0.0,1e-06,0.0,0.0,0.0,0.0,0.0,0.0,1e-06,0.0,0.0,0.0,0.0,0.0,0.0,1e-06,0.0,0.0,0.0,0.0,0.0,0.0,1e-06,0.0,0.0,0.0,0.0,0.0,0.0,1e-06,15.3906612118,2.49856120844,0.0823759590574,0.117949016392,-0.24605320394,0.150584414601,0.0001,0.0,0.0,0.0,0.0,0.0,0.0,0.0001,0.0,0.0,0.0,0.0,0.0,0.0,0.0001,0.0,0.0,0.0,0.0,0.0,0.0,0.0001,0.0,0.0,0.0,0.0,0.0,0.0,0.0001,0.0,0.0,0.0,0.0,0.0,0.0,0.0001
1532986888908112403,1444,1532986888907712212,map,base_link,36.3513336182,-107.433998108,27.292345047,0.298414586402,0.122559143152,-0.358999324074,-0.875812466437,1e-06,0.0,0.0,0.0,0.0,0.0,0.0,1e-06,0.0,0.0,0.0,0.0,0.0,0.0,1e-06,0.0,0.0,0.0,0.0,0.0,0.0,1e-06,0.0,0.0,0.0,0.0,0.0,0.0,1e-06,0.0,0.0,0.0,0.0,0.0,0.0,1e-06,15.1842448981,3.69080764552,0.825697789449,0.117949016392,-0.24605320394,0.150584414601,0.0001,0.0,0.0,0.0,0.0,0.0,0.0,0.0001,0.0,0.0,0.0,0.0,0.0,0.0,0.0001,0.0,0.0,0.0,0.0,0.0,0.0,0.0001,0.0,0.0,0.0,0.0,0.0,0.0,0.0001,0.0,0.0,0.0,0.0,0.0,0.0,0.0001
1532986889177026155,1445,1532986889176451341,map,base_link,38.1572151184,-104.163551331,26.9102363586,0.239840163582,0.140284782164,-0.436757671406,-0.855593134787,1e-06,0.0,0.0,0.0,0.0,0.0,0.0,1e-06,0.0,0.0,0.0,0.0,0.0,0.0,1e-06,0.0,0.0,0.0,0.0,0.0,0.0,1e-06,0.0,0.0,0.0,0.0,0.0,0.0,1e-06,0.0,0.0,0.0,0.0,0.0,0.0,1e-06,15.3641473193,2.94136922069,-0.707820307312,0.159027472138,-0.192302078009,0.370708554983,0.0001,0.0,0.0,0.0,0.0,0.0,0.0,0.0001,0.0,0.0,0.0,0.0,0.0,0.0,0.0001,0.0,0.0,0.0,0.0,0.0,0.0,0.0001,0.0,0.0,0.0,0.0,0.0,0.0,0.0001,0.0,0.0,0.0,0.0,0.0,0.0,0.0001
1532986889422237194,1446,1532986889421595084,map,base_link,39.781578064,-100.483955383,26.4784088135,0.239840163582,0.140284782164,-0.436757671406,-0.855593134787,1e-06,0.0,0.0,0.0,0.0,0.0,0.0,1e-06,0.0,0.0,0.0,0.0,0.0,0.0,1e-06,0.0,0.0,0.0,0.0,0.0,0.0,1e-06,0.0,0.0,0.0,0.0,0.0,0.0,1e-06,0.0,0.0,0.0,0.0,0.0,0.0,1e-06,15.0926410704,4.1933188247,-0.00324563612221,0.159027472138,-0.192302078009,0.370708554983,0.0001,0.0,0.0,0.0,0.0,0.0,0.0,0.0001,0.0,0.0,0.0,0.0,0.0,0.0,0.0001,0.0,0.0,0.0,0.0,0.0,0.0,0.0001,0.0,0.0,0.0,0.0,0.0,0.0,0.0001,0.0,0.0,0.0,0.0,0.0,0.0,0.0001
1532986889641310424,1447,1532986889640486075,map,base_link,40.8942947388,-97.2767028809,26.1038360596,0.212757559453,0.144311042188,-0.521289788437,-0.813735522433,1e-06,0.0,0.0,0.0,0.0,0.0,0.0,1e-06,0.0,0.0,0.0,0.0,0.0,0.0,1e-06,0.0,0.0,0.0,0.0,0.0,0.0,1e-06,0.0,0.0,0.0,0.0,0.0,0.0,1e-06,0.0,0.0,0.0,0.0,0.0,0.0,1e-06,15.4352465978,2.54215509122,-0.847655543208,0.167312011123,-0.195907384157,0.367360591888,0.0001,0.0,0.0,0.0,0.0,0.0,0.0,0.0001,0.0,0.0,0.0,0.0,0.0,0.0,0.0001,0.0,0.0,0.0,0.0,0.0,0.0,0.0001,0.0,0.0,0.0,0.0,0.0,0.0,0.0001,0.0,0.0,0.0,0.0,0.0,0.0,0.0001
1532986889900850636,1448,1532986889896686169,map,base_link,41.9072570801,-93.4016952515,25.6752910614,0.212757559453,0.144311042188,-0.521289788437,-0.813735522433,1e-06,0.0,0.0,0.0,0.0,0.0,0.0,1e-06,0.0,0.0,0.0,0.0,0.0,0.0,1e-06,0.0,0.0,0.0,0.0,0.0,0.0,1e-06,0.0,0.0,0.0,0.0,0.0,0.0,1e-06,0.0,0.0,0.0,0.0,0.0,0.0,1e-06,15.1925470267,3.66960072079,-0.196921104242,0.167312011123,-0.195907384157,0.367360591888,0.0001,0.0,0.0,0.0,0.0,0.0,0.0,0.0001,0.0,0.0,0.0,0.0,0.0,0.0,0.0001,0.0,0.0,0.0,0.0,0.0,0.0,0.0001,0.0,0.0,0.0,0.0,0.0,0.0,0.0001,0.0,0.0,0.0,0.0,0.0,0.0,0.0001
1532986890137424933,1449,1532986890136778791,map,base_link,42.54296875,-89.7586975098,25.2954940796,0.189452834831,0.148816854549,-0.593145322889,-0.768205566962,1e-06,0.0,0.0,0.0,0.0,0.0,0.0,1e-06,0.0,0.0,0.0,0.0,0.0,0.0,1e-06,0.0,0.0,0.0,0.0,0.0,0.0,1e-06,0.0,0.0,0.0,0.0,0.0,0.0,1e-06,0.0,0.0,0.0,0.0,0.0,0.0,1e-06,15.4046856068,2.31402218435,-0.791971643988,0.0158086642623,-0.172114014626,0.355681985617,0.0001,0.0,0.0,0.0,0.0,0.0,0.0,0.0001,0.0,0.0,0.0,0.0,0.0,0.0,0.0001,0.0,0.0,0.0,0.0,0.0,0.0,0.0001,0.0,0.0,0.0,0.0,0.0,0.0,0.0001,0.0,0.0,0.0,0.0,0.0,0.0,0.0001
1532986890360198536,1450,1532986890359552394,map,base_link,42.8510932922,-86.4187774658,24.9811878204,0.179978983383,0.160488492106,-0.636929870053,-0.732237222542,1e-06,0.0,0.0,0.0,0.0,0.0,0.0,1e-06,0.0,0.0,0.0,0.0,0.0,0.0,1e-06,0.0,0.0,0.0,0.0,0.0,0.0,1e-06,0.0,0.0,0.0,0.0,0.0,0.0,1e-06,0.0,0.0,0.0,0.0,0.0,0.0,1e-06,15.4544664697,1.72430590134,-0.966296150295,-0.0680480599403,-0.209075853229,0.324928581715,0.0001,0.0,0.0,0.0,0.0,0.0,0.0,0.0001,0.0,0.0,0.0,0.0,0.0,0.0,0.0001,0.0,0.0,0.0,0.0,0.0,0.0,0.0001,0.0,0.0,0.0,0.0,0.0,0.0,0.0001,0.0,0.0,0.0,0.0,0.0,0.0,0.0001
1532986890632008823,1451,1532986890631358521,map,base_link,42.877204895,-82.4146194458,24.604227066,0.179978983383,0.160488492106,-0.636929870053,-0.732237222542,1e-06,0.0,0.0,0.0,0.0,0.0,0.0,1e-06,0.0,0.0,0.0,0.0,0.0,0.0,1e-06,0.0,0.0,0.0,0.0,0.0,0.0,1e-06,0.0,0.0,0.0,0.0,0.0,0.0,1e-06,0.0,0.0,0.0,0.0,0.0,0.0,1e-06,15.2732782781,2.91127542846,-0.557743366336,-0.0680480599403,-0.209075853229,0.324928581715,0.0001,0.0,0.0,0.0,0.0,0.0,0.0,0.0001,0.0,0.0,0.0,0.0,0.0,0.0,0.0001,0.0,0.0,0.0,0.0,0.0,0.0,0.0001,0.0,0.0,0.0,0.0,0.0,0.0,0.0001,0.0,0.0,0.0,0.0,0.0,0.0,0.0001
1532986890855852599,1452,1532986890855335096,map,base_link,42.6451530457,-78.7292480469,24.1791782379,0.161606700738,0.165492796901,-0.69299932121,-0.68282307317,1e-06,0.0,0.0,0.0,0.0,0.0,0.0,1e-06,0.0,0.0,0.0,0.0,0.0,0.0,1e-06,0.0,0.0,0.0,0.0,0.0,0.0,1e-06,0.0,0.0,0.0,0.0,0.0,0.0,1e-06,0.0,0.0,0.0,0.0,0.0,0.0,1e-06,15.3662827926,1.79851803009,-1.4517495579,0.126417458057,-0.107969455421,0.266935378313,0.0001,0.0,0.0,0.0,0.0,0.0,0.0,0.0001,0.0,0.0,0.0,0.0,0.0,0.0,0.0001,0.0,0.0,0.0,0.0,0.0,0.0,0.0001,0.0,0.0,0.0,0.0,0.0,0.0,0.0001,0.0,0.0,0.0,0.0,0.0,0.0,0.0001
1532986891115957449,1453,1532986891115361963,map,base_link,42.1491355896,-74.7814788818,23.6464176178,0.161606700738,0.165492796901,-0.69299932121,-0.68282307317,1e-06,0.0,0.0,0.0,0.0,0.0,0.0,1e-06,0.0,0.0,0.0,0.0,0.0,0.0,1e-06,0.0,0.0,0.0,0.0,0.0,0.0,1e-06,0.0,0.0,0.0,0.0,0.0,0.0,1e-06,0.0,0.0,0.0,0.0,0.0,0.0,1e-06,15.2211584012,2.78403881148,-1.1866570538,0.126417458057,-0.107969455421,0.266935378313,0.0001,0.0,0.0,0.0,0.0,0.0,0.0,0.0001,0.0,0.0,0.0,0.0,0.0,0.0,0.0001,0.0,0.0,0.0,0.0,0.0,0.0,0.0001,0.0,0.0,0.0,0.0,0.0,0.0,0.0001,0.0,0.0,0.0,0.0,0.0,0.0,0.0001
1532986891354179773,1454,1532986891353650623,map,base_link,41.49269104,-71.2120056152,23.1071662903,0.12944275668,0.1487925904,-0.74690581881,-0.63500947679,1e-06,0.0,0.0,0.0,0.0,0.0,0.0,1e-06,0.0,0.0,0.0,0.0,0.0,0.0,1e-06,0.0,0.0,0.0,0.0,0.0,0.0,1e-06,0.0,0.0,0.0,0.0,0.0,0.0,1e-06,0.0,0.0,0.0,0.0,0.0,0.0,1e-06,15.303438857,1.40422664426,-2.00034319852,0.213219285011,-0.106376178563,0.296839475632,0.0001,0.0,0.0,0.0,0.0,0.0,0.0,0.0001,0.0,0.0,0.0,0.0,0.0,0.0,0.0001,0.0,0.0,0.0,0.0,0.0,0.0,0.0001,0.0,0.0,0.0,0.0,0.0,0.0,0.0001,0.0,0.0,0.0,0.0,0.0,0.0,0.0001
1532986891668815052,1455,1532986891668120718,map,base_link,40.3531837463,-66.5143585205,22.3458385468,0.104960937051,0.12253620151,-0.790515816759,-0.590806926556,1e-06,0.0,0.0,0.0,0.0,0.0,0.0,1e-06,0.0,0.0,0.0,0.0,0.0,0.0,1e-06,0.0,0.0,0.0,0.0,0.0,0.0,1e-06,0.0,0.0,0.0,0.0,0.0,0.0,1e-06,0.0,0.0,0.0,0.0,0.0,0.0,1e-06,15.3158198462,0.347721356829,-2.18260510516,0.247659102082,-0.0755155980587,0.36583930254,0.0001,0.0,0.0,0.0,0.0,0.0,0.0,0.0001,0.0,0.0,0.0,0.0,0.0,0.0,0.0001,0.0,0.0,0.0,0.0,0.0,0.0,0.0001,0.0,0.0,0.0,0.0,0.0,0.0,0.0001,0.0,0.0,0.0,0.0,0.0,0.0,0.0001
1532986891852669219,1456,1532986891852161829,map,base_link,39.5901870728,-63.9147338867,21.9207954407,0.104960937051,0.12253620151,-0.790515816759,-0.590806926556,1e-06,0.0,0.0,0.0,0.0,0.0,0.0,1e-06,0.0,0.0,0.0,0.0,0.0,0.0,1e-06,0.0,0.0,0.0,0.0,0.0,0.0,1e-06,0.0,0.0,0.0,0.0,0.0,0.0,1e-06,0.0,0.0,0.0,0.0,0.0,0.0,1e-06,15.2908177154,0.824349388487,-2.00153448975,0.247659102082,-0.0755155980587,0.36583930254,0.0001,0.0,0.0,0.0,0.0,0.0,0.0,0.0001,0.0,0.0,0.0,0.0,0.0,0.0,0.0001,0.0,0.0,0.0,0.0,0.0,0.0,0.0001,0.0,0.0,0.0,0.0,0.0,0.0,0.0001,0.0,0.0,0.0,0.0,0.0,0.0,0.0001
1532986892090419993,1457,1532986892089449660,map,base_link,38.5593528748,-60.7925987244,21.3985328674,0.0770681526395,0.0891396806728,-0.839533539613,-0.530375388799,1e-06,0.0,0.0,0.0,0.0,0.0,0.0,1e-06,0.0,0.0,0.0,0.0,0.0,0.0,1e-06,0.0,0.0,0.0,0.0,0.0,0.0,1e-06,0.0,0.0,0.0,0.0,0.0,0.0,1e-06,0.0,0.0,0.0,0.0,0.0,0.0,1e-06,15.164959202,-1.16182586436,-2.37940285776,0.134531781077,-0.0656109005213,0.302836030722,0.0001,0.0,0.0,0.0,0.0,0.0,0.0,0.0001,0.0,0.0,0.0,0.0,0.0,0.0,0.0001,0.0,0.0,0.0,0.0,0.0,0.0,0.0001,0.0,0.0,0.0,0.0,0.0,0.0,0.0001,0.0,0.0,0.0,0.0,0.0,0.0,0.0001
1532986892352930628,1458,1532986892352513349,map,base_link,37.1003379822,-56.8779602051,20.7096195221,0.0549111718599,0.0744184616491,-0.862124192477,-0.49818523916,1e-06,0.0,0.0,0.0,0.0,0.0,0.0,1e-06,0.0,0.0,0.0,0.0,0.0,0.0,1e-06,0.0,0.0,0.0,0.0,0.0,0.0,1e-06,0.0,0.0,0.0,0.0,0.0,0.0,1e-06,0.0,0.0,0.0,0.0,0.0,0.0,1e-06,14.969275772,-1.80120932969,-2.66573752172,0.0554410777986,-0.104386366904,0.123985670507,0.0001,0.0,0.0,0.0,0.0,0.0,0.0,0.0001,0.0,0.0,0.0,0.0,0.0,0.0,0.0001,0.0,0.0,0.0,0.0,0.0,0.0,0.0001,0.0,0.0,0.0,0.0,0.0,0.0,0.0001,0.0,0.0,0.0,0.0,0.0,0.0,0.0001
1532986892611933242,1459,1532986892609584065,map,base_link,35.7414169312,-53.6037750244,20.112531662,0.0549111718599,0.0744184616491,-0.862124192477,-0.49818523916,1e-06,0.0,0.0,0.0,0.0,0.0,0.0,1e-06,0.0,0.0,0.0,0.0,0.0,0.0,1e-06,0.0,0.0,0.0,0.0,0.0,0.0,1e-06,0.0,0.0,0.0,0.0,0.0,0.0,1e-06,0.0,0.0,0.0,0.0,0.0,0.0,1e-06,14.9414091005,-1.37264061302,-2.57055614405,0.0554410777986,-0.104386366904,0.123985670507,0.0001,0.0,0.0,0.0,0.0,0.0,0.0,0.0001,0.0,0.0,0.0,0.0,0.0,0.0,0.0001,0.0,0.0,0.0,0.0,0.0,0.0,0.0001,0.0,0.0,0.0,0.0,0.0,0.0,0.0001,0.0,0.0,0.0,0.0,0.0,0.0,0.0001
1532986892852442503,1460,1532986892851604042,map,base_link,34.3385658264,-50.3809242249,19.5185203552,0.0081332834129,0.0269432661793,-0.870392184773,-0.49155402022,1e-06,0.0,0.0,0.0,0.0,0.0,0.0,1e-06,0.0,0.0,0.0,0.0,0.0,0.0,1e-06,0.0,0.0,0.0,0.0,0.0,0.0,1e-06,0.0,0.0,0.0,0.0,0.0,0.0,1e-06,0.0,0.0,0.0,0.0,0.0,0.0,1e-06,14.7904243136,-1.79601054013,-2.79362962708,0.433526724577,-0.0856889635324,-0.00107386626769,0.0001,0.0,0.0,0.0,0.0,0.0,0.0,0.0001,0.0,0.0,0.0,0.0,0.0,0.0,0.0001,0.0,0.0,0.0,0.0,0.0,0.0,0.0001,0.0,0.0,0.0,0.0,0.0,0.0,0.0001,0.0,0.0,0.0,0.0,0.0,0.0,0.0001
1532986893108919173,1461,1532986893107643016,map,base_link,32.8194313049,-46.868473053,18.8930664063,0.0081332834129,0.0269432661793,-0.870392184773,-0.49155402022,1e-06,0.0,0.0,0.0,0.0,0.0,0.0,1e-06,0.0,0.0,0.0,0.0,0.0,0.0,1e-06,0.0,0.0,0.0,0.0,0.0,0.0,1e-06,0.0,0.0,0.0,0.0,0.0,0.0,1e-06,0.0,0.0,0.0,0.0,0.0,0.0,1e-06,14.765945814,-1.81362886029,-2.68489559219,0.433526724577,-0.0856889635324,-0.00107386626769,0.0001,0.0,0.0,0.0,0.0,0.0,0.0,0.0001,0.0,0.0,0.0,0.0,0.0,0.0,0.0001,0.0,0.0,0.0,0.0,0.0,0.0,0.0001,0.0,0.0,0.0,0.0,0.0,0.0,0.0001,0.0,0.0,0.0,0.0,0.0,0.0,0.0001
1532986893377452414,1462,1532986893376604992,map,base_link,31.2470340729,-43.0700683594,18.2352027893,-0.0335654268742,-0.0400420090843,-0.869032891674,-0.49198763482,1e-06,0.0,0.0,0.0,0.0,0.0,0.0,1e-06,0.0,0.0,0.0,0.0,0.0,0.0,1e-06,0.0,0.0,0.0,0.0,0.0,0.0,1e-06,0.0,0.0,0.0,0.0,0.0,0.0,1e-06,0.0,0.0,0.0,0.0,0.0,0.0,1e-06,14.7120079843,-2.38842432161,-2.44460652911,0.195603713393,0.0219610985368,-0.078880995512,0.0001,0.0,0.0,0.0,0.0,0.0,0.0,0.0001,0.0,0.0,0.0,0.0,0.0,0.0,0.0001,0.0,0.0,0.0,0.0,0.0,0.0,0.0001,0.0,0.0,0.0,0.0,0.0,0.0,0.0001,0.0,0.0,0.0,0.0,0.0,0.0,0.0001
1532986893609187493,1463,1532986893608646695,map,base_link,30.178068161,-40.3343429565,17.7788829803,-0.0335654268742,-0.0400420090843,-0.869032891674,-0.49198763482,1e-06,0.0,0.0,0.0,0.0,0.0,0.0,1e-06,0.0,0.0,0.0,0.0,0.0,0.0,1e-06,0.0,0.0,0.0,0.0,0.0,0.0,1e-06,0.0,0.0,0.0,0.0,0.0,0.0,1e-06,0.0,0.0,0.0,0.0,0.0,0.0,1e-06,14.7185086415,-2.637754856,-2.25401054314,0.195603713393,0.0219610985368,-0.078880995512,0.0001,0.0,0.0,0.0,0.0,0.0,0.0,0.0001,0.0,0.0,0.0,0.0,0.0,0.0,0.0001,0.0,0.0,0.0,0.0,0.0,0.0,0.0001,0.0,0.0,0.0,0.0,0.0,0.0,0.0001,0.0,0.0,0.0,0.0,0.0,0.0,0.0001
1532986893842666856,1464,1532986893840319823,map,base_link,28.8855419159,-36.7448997498,17.2556037903,-0.0476235503153,-0.0680273821943,-0.855910153657,-0.510413637743,1e-06,0.0,0.0,0.0,0.0,0.0,0.0,1e-06,0.0,0.0,0.0,0.0,0.0,0.0,1e-06,0.0,0.0,0.0,0.0,0.0,0.0,1e-06,0.0,0.0,0.0,0.0,0.0,0.0,1e-06,0.0,0.0,0.0,0.0,0.0,0.0,1e-06,14.8837161218,-2.52372925639,-1.68986283578,0.186051860452,-0.0275750644505,-0.161562144756,0.0001,0.0,0.0,0.0,0.0,0.0,0.0,0.0001,0.0,0.0,0.0,0.0,0.0,0.0,0.0001,0.0,0.0,0.0,0.0,0.0,0.0,0.0001,0.0,0.0,0.0,0.0,0.0,0.0,0.0001,0.0,0.0,0.0,0.0,0.0,0.0,0.0001
1532986894096230414,1465,1532986894092511897,map,base_link,27.7004756927,-33.0568580627,16.8104324341,-0.0588222764243,-0.0909023821573,-0.831391538966,-0.545036517721,1e-06,0.0,0.0,0.0,0.0,0.0,0.0,1e-06,0.0,0.0,0.0,0.0,0.0,0.0,1e-06,0.0,0.0,0.0,0.0,0.0,0.0,1e-06,0.0,0.0,0.0,0.0,0.0,0.0,1e-06,0.0,0.0,0.0,0.0,0.0,0.0,1e-06,15.1361193568,-1.84484693328,-1.47631044604,0.0645699426532,0.0734858885407,-0.226571172476,0.0001,0.0,0.0,0.0,0.0,0.0,0.0,0.0001,0.0,0.0,0.0,0.0,0.0,0.0,0.0001,0.0,0.0,0.0,0.0,0.0,0.0,0.0001,0.0,0.0,0.0,0.0,0.0,0.0,0.0001,0.0,0.0,0.0,0.0,0.0,0.0,0.0001
1532986894375038984,1466,1532986894374336554,map,base_link,26.6458454132,-29.3161296844,16.3191547394,-0.0588222764243,-0.0909023821573,-0.831391538966,-0.545036517721,1e-06,0.0,0.0,0.0,0.0,0.0,0.0,1e-06,0.0,0.0,0.0,0.0,0.0,0.0,1e-06,0.0,0.0,0.0,0.0,0.0,0.0,1e-06,0.0,0.0,0.0,0.0,0.0,0.0,1e-06,0.0,0.0,0.0,0.0,0.0,0.0,1e-06,15.1882598882,-2.43514843339,-1.55065357777,0.0645699426532,0.0734858885407,-0.226571172476,0.0001,0.0,0.0,0.0,0.0,0.0,0.0,0.0001,0.0,0.0,0.0,0.0,0.0,0.0,0.0001,0.0,0.0,0.0,0.0,0.0,0.0,0.0001,0.0,0.0,0.0,0.0,0.0,0.0,0.0001,0.0,0.0,0.0,0.0,0.0,0.0,0.0001
1532986894642271653,1467,1532986894639366158,map,base_link,25.7650489807,-25.5246696472,15.7878293991,-0.0616203004451,-0.123820821234,-0.803922635694,-0.57842868067,1e-06,0.0,0.0,0.0,0.0,0.0,0.0,1e-06,0.0,0.0,0.0,0.0,0.0,0.0,1e-06,0.0,0.0,0.0,0.0,0.0,0.0,1e-06,0.0,0.0,0.0,0.0,0.0,0.0,1e-06,0.0,0.0,0.0,0.0,0.0,0.0,1e-06,15.4650152651,-1.95710041426,-0.901278057099,0.346514314413,-0.0420883260667,-0.250100702047,0.0001,0.0,0.0,0.0,0.0,0.0,0.0,0.0001,0.0,0.0,0.0,0.0,0.0,0.0,0.0001,0.0,0.0,0.0,0.0,0.0,0.0,0.0001,0.0,0.0,0.0,0.0,0.0,0.0,0.0001,0.0,0.0,0.0,0.0,0.0,0.0,0.0001
1532986894857770430,1468,1532986894856708801,map,base_link,25.1677284241,-21.9274845123,15.2947950363,-0.122736525946,-0.176481428571,-0.756847972958,-0.617228641913,1e-06,0.0,0.0,0.0,0.0,0.0,0.0,1e-06,0.0,0.0,0.0,0.0,0.0,0.0,1e-06,0.0,0.0,0.0,0.0,0.0,0.0,1e-06,0.0,0.0,0.0,0.0,0.0,0.0,1e-06,0.0,0.0,0.0,0.0,0.0,0.0,1e-06,15.6662811039,-1.37434837619,-1.11265000614,0.310725927353,-0.156452313066,-0.287829935551,0.0001,0.0,0.0,0.0,0.0,0.0,0.0,0.0001,0.0,0.0,0.0,0.0,0.0,0.0,0.0001,0.0,0.0,0.0,0.0,0.0,0.0,0.0001,0.0,0.0,0.0,0.0,0.0,0.0,0.0001,0.0,0.0,0.0,0.0,0.0,0.0,0.0001
1532986895105504117,1469,1532986895102999293,map,base_link,24.8166942596,-18.2744178772,14.7676687241,-0.122736525946,-0.176481428571,-0.756847972958,-0.617228641913,1e-06,0.0,0.0,0.0,0.0,0.0,0.0,1e-06,0.0,0.0,0.0,0.0,0.0,0.0,1e-06,0.0,0.0,0.0,0.0,0.0,0.0,1e-06,0.0,0.0,0.0,0.0,0.0,0.0,1e-06,0.0,0.0,0.0,0.0,0.0,0.0,1e-06,15.6820048665,-2.41120714918,-0.885378937057,0.310725927353,-0.156452313066,-0.287829935551,0.0001,0.0,0.0,0.0,0.0,0.0,0.0,0.0001,0.0,0.0,0.0,0.0,0.0,0.0,0.0001,0.0,0.0,0.0,0.0,0.0,0.0,0.0001,0.0,0.0,0.0,0.0,0.0,0.0,0.0001,0.0,0.0,0.0,0.0,0.0,0.0,0.0001
1532986895345401412,1470,1532986895344519239,map,base_link,24.7188854218,-14.6324291229,14.1874017715,-0.145868796036,-0.190724266966,-0.714379031277,-0.657274028092,1e-06,0.0,0.0,0.0,0.0,0.0,0.0,1e-06,0.0,0.0,0.0,0.0,0.0,0.0,1e-06,0.0,0.0,0.0,0.0,0.0,0.0,1e-06,0.0,0.0,0.0,0.0,0.0,0.0,1e-06,0.0,0.0,0.0,0.0,0.0,0.0,1e-06,15.8394829374,-1.77949609464,-1.18420909838,-0.0407732054591,-0.153982356191,-0.366759359837,0.0001,0.0,0.0,0.0,0.0,0.0,0.0,0.0001,0.0,0.0,0.0,0.0,0.0,0.0,0.0001,0.0,0.0,0.0,0.0,0.0,0.0,0.0001,0.0,0.0,0.0,0.0,0.0,0.0,0.0001,0.0,0.0,0.0,0.0,0.0,0.0,0.0001
1532986895574343796,1471,1532986895573808662,map,base_link,24.8574104309,-11.0104980469,13.5633859634,-0.114736614296,-0.145654614474,-0.661864581552,-0.726330171691,1e-06,0.0,0.0,0.0,0.0,0.0,0.0,1e-06,0.0,0.0,0.0,0.0,0.0,0.0,1e-06,0.0,0.0,0.0,0.0,0.0,0.0,1e-06,0.0,0.0,0.0,0.0,0.0,0.0,1e-06,0.0,0.0,0.0,0.0,0.0,0.0,1e-06,15.9036154551,0.12988115045,-1.87103091067,-0.395113348961,-0.118119701743,-0.445761173964,0.0001,0.0,0.0,0.0,0.0,0.0,0.0,0.0001,0.0,0.0,0.0,0.0,0.0,0.0,0.0001,0.0,0.0,0.0,0.0,0.0,0.0,0.0001,0.0,0.0,0.0,0.0,0.0,0.0,0.0001,0.0,0.0,0.0,0.0,0.0,0.0,0.0001
1532986895837269118,1472,1532986895836066242,map,base_link,25.1906585693,-7.40427160263,12.9570684433,-0.114736614296,-0.145654614474,-0.661864581552,-0.726330171691,1e-06,0.0,0.0,0.0,0.0,0.0,0.0,1e-06,0.0,0.0,0.0,0.0,0.0,0.0,1e-06,0.0,0.0,0.0,0.0,0.0,0.0,1e-06,0.0,0.0,0.0,0.0,0.0,0.0,1e-06,0.0,0.0,0.0,0.0,0.0,0.0,1e-06,15.9309778728,-0.594279478354,-1.36631068587,-0.395113348961,-0.118119701743,-0.445761173964,0.0001,0.0,0.0,0.0,0.0,0.0,0.0,0.0001,0.0,0.0,0.0,0.0,0.0,0.0,0.0001,0.0,0.0,0.0,0.0,0.0,0.0,0.0001,0.0,0.0,0.0,0.0,0.0,0.0,0.0001,0.0,0.0,0.0,0.0,0.0,0.0,0.0001
1532986896077196365,1473,1532986896076673839,map,base_link,25.6955490112,-3.82192754745,12.4366102219,-0.0755046699702,-0.0785002501074,-0.590857291082,-0.799390028159,1e-06,0.0,0.0,0.0,0.0,0.0,0.0,1e-06,0.0,0.0,0.0,0.0,0.0,0.0,1e-06,0.0,0.0,0.0,0.0,0.0,0.0,1e-06,0.0,0.0,0.0,0.0,0.0,0.0,1e-06,0.0,0.0,0.0,0.0,0.0,0.0,1e-06,15.6651901294,2.15067710656,-2.00692979417,-0.17242603004,-0.160948216915,-0.297363132238,0.0001,0.0,0.0,0.0,0.0,0.0,0.0,0.0001,0.0,0.0,0.0,0.0,0.0,0.0,0.0001,0.0,0.0,0.0,0.0,0.0,0.0,0.0001,0.0,0.0,0.0,0.0,0.0,0.0,0.0001,0.0,0.0,0.0,0.0,0.0,0.0,0.0001
1532986896357372004,1474,1532986896356664518,map,base_link,26.4469661713,0.29994559288,11.9521608353,-0.0755046699702,-0.0785002501074,-0.590857291082,-0.799390028159,1e-06,0.0,0.0,0.0,0.0,0.0,0.0,1e-06,0.0,0.0,0.0,0.0,0.0,0.0,1e-06,0.0,0.0,0.0,0.0,0.0,0.0,1e-06,0.0,0.0,0.0,0.0,0.0,0.0,1e-06,0.0,0.0,0.0,0.0,0.0,0.0,1e-06,15.6538106209,1.59282637246,-1.57087056608,-0.17242603004,-0.160948216915,-0.297363132238,0.0001,0.0,0.0,0.0,0.0,0.0,0.0,0.0001,0.0,0.0,0.0,0.0,0.0,0.0,0.0001,0.0,0.0,0.0,0.0,0.0,0.0,0.0001,0.0,0.0,0.0,0.0,0.0,0.0,0.0001,0.0,0.0,0.0,0.0,0.0,0.0,0.0001
1532986896578748234,1475,1532986896577801005,map,base_link,27.1557865143,3.74659204483,11.6265220642,-0.0172254825175,-0.00887114478942,-0.559769339808,-0.828421916509,1e-06,0.0,0.0,0.0,0.0,0.0,0.0,1e-06,0.0,0.0,0.0,0.0,0.0,0.0,1e-06,0.0,0.0,0.0,0.0,0.0,0.0,1e-06,0.0,0.0,0.0,0.0,0.0,0.0,1e-06,0.0,0.0,0.0,0.0,0.0,0.0,1e-06,15.2673532929,2.94862960024,-1.67007584274,-0.59996342659,-0.0861912891269,-0.0749861076474,0.0001,0.0,0.0,0.0,0.0,0.0,0.0,0.0001,0.0,0.0,0.0,0.0,0.0,0.0,0.0001,0.0,0.0,0.0,0.0,0.0,0.0,0.0001,0.0,0.0,0.0,0.0,0.0,0.0,0.0001,0.0,0.0,0.0,0.0,0.0,0.0,0.0001
1532986896836055301,1476,1532986896834793641,map,base_link,27.8255119324,7.16076421738,11.3559513092,0.0544647063391,0.0535492791414,-0.556634043524,-0.827239150462,1e-06,0.0,0.0,0.0,0.0,0.0,0.0,1e-06,0.0,0.0,0.0,0.0,0.0,0.0,1e-06,0.0,0.0,0.0,0.0,0.0,0.0,1e-06,0.0,0.0,0.0,0.0,0.0,0.0,1e-06,0.0,0.0,0.0,0.0,0.0,0.0,1e-06,15.1033228244,3.35430462734,-1.17400383901,-0.477642178535,-0.0354738235474,0.065710939467,0.0001,0.0,0.0,0.0,0.0,0.0,0.0,0.0001,0.0,0.0,0.0,0.0,0.0,0.0,0.0001,0.0,0.0,0.0,0.0,0.0,0.0,0.0001,0.0,0.0,0.0,0.0,0.0,0.0,0.0001,0.0,0.0,0.0,0.0,0.0,0.0,0.0001
1532986897093597119,1477,1532986897092992609,map,base_link,28.4208068848,10.8381614685,11.1147298813,0.0544647063391,0.0535492791414,-0.556634043524,-0.827239150462,1e-06,0.0,0.0,0.0,0.0,0.0,0.0,1e-06,0.0,0.0,0.0,0.0,0.0,0.0,1e-06,0.0,0.0,0.0,0.0,0.0,0.0,1e-06,0.0,0.0,0.0,0.0,0.0,0.0,1e-06,0.0,0.0,0.0,0.0,0.0,0.0,1e-06,14.9252500303,3.75224237745,-1.07865646159,-0.477642178535,-0.0354738235474,0.065710939467,0.0001,0.0,0.0,0.0,0.0,0.0,0.0,0.0001,0.0,0.0,0.0,0.0,0.0,0.0,0.0001,0.0,0.0,0.0,0.0,0.0,0.0,0.0001,0.0,0.0,0.0,0.0,0.0,0.0,0.0001,0.0,0.0,0.0,0.0,0.0,0.0,0.0001
1532986897319475673,1478,1532986897318712603,map,base_link,28.7801837921,13.9654369354,10.8699035645,0.140031122615,0.0990076648563,-0.587679106286,-0.790709829858,1e-06,0.0,0.0,0.0,0.0,0.0,0.0,1e-06,0.0,0.0,0.0,0.0,0.0,0.0,1e-06,0.0,0.0,0.0,0.0,0.0,0.0,1e-06,0.0,0.0,0.0,0.0,0.0,0.0,1e-06,0.0,0.0,0.0,0.0,0.0,0.0,1e-06,15.0827365678,3.02893448741,-0.356715095578,-0.40803694725,0.0366516038775,0.364747464657,0.0001,0.0,0.0,0.0,0.0,0.0,0.0,0.0001,0.0,0.0,0.0,0.0,0.0,0.0,0.0001,0.0,0.0,0.0,0.0,0.0,0.0,0.0001,0.0,0.0,0.0,0.0,0.0,0.0,0.0001,0.0,0.0,0.0,0.0,0.0,0.0,0.0001
1532986897579793802,1479,1532986897578147503,map,base_link,28.9942989349,17.6780700684,10.4639501572,0.140031122615,0.0990076648563,-0.587679106286,-0.790709829858,1e-06,0.0,0.0,0.0,0.0,0.0,0.0,1e-06,0.0,0.0,0.0,0.0,0.0,0.0,1e-06,0.0,0.0,0.0,0.0,0.0,0.0,1e-06,0.0,0.0,0.0,0.0,0.0,0.0,1e-06,0.0,0.0,0.0,0.0,0.0,0.0,1e-06,14.8879982695,4.00365110887,-0.48538922333,-0.40803694725,0.0366516038775,0.364747464657,0.0001,0.0,0.0,0.0,0.0,0.0,0.0,0.0001,0.0,0.0,0.0,0.0,0.0,0.0,0.0001,0.0,0.0,0.0,0.0,0.0,0.0,0.0001,0.0,0.0,0.0,0.0,0.0,0.0,0.0001,0.0,0.0,0.0,0.0,0.0,0.0,0.0001
1532986897825804199,1480,1532986897824469291,map,base_link,28.891078949,21.6893138885,9.89374256134,0.208431764226,0.147998281342,-0.648498883366,-0.7170090004,1e-06,0.0,0.0,0.0,0.0,0.0,0.0,1e-06,0.0,0.0,0.0,0.0,0.0,0.0,1e-06,0.0,0.0,0.0,0.0,0.0,0.0,1e-06,0.0,0.0,0.0,0.0,0.0,0.0,1e-06,0.0,0.0,0.0,0.0,0.0,0.0,1e-06,15.3058692824,2.69785680489,-0.214075423266,-0.417017877102,-0.166618198156,0.465507507324,0.0001,0.0,0.0,0.0,0.0,0.0,0.0,0.0001,0.0,0.0,0.0,0.0,0.0,0.0,0.0001,0.0,0.0,0.0,0.0,0.0,0.0,0.0001,0.0,0.0,0.0,0.0,0.0,0.0,0.0001,0.0,0.0,0.0,0.0,0.0,0.0,0.0001
1532986898063949532,1481,1532986898062192065,map,base_link,28.5056552887,24.890630722,9.35846328735,0.208431764226,0.147998281342,-0.648498883366,-0.7170090004,1e-06,0.0,0.0,0.0,0.0,0.0,0.0,1e-06,0.0,0.0,0.0,0.0,0.0,0.0,1e-06,0.0,0.0,0.0,0.0,0.0,0.0,1e-06,0.0,0.0,0.0,0.0,0.0,0.0,1e-06,0.0,0.0,0.0,0.0,0.0,0.0,1e-06,15.1582143959,3.99468955508,0.174629663595,-0.417017877102,-0.166618198156,0.465507507324,0.0001,0.0,0.0,0.0,0.0,0.0,0.0,0.0001,0.0,0.0,0.0,0.0,0.0,0.0,0.0001,0.0,0.0,0.0,0.0,0.0,0.0,0.0001,0.0,0.0,0.0,0.0,0.0,0.0,0.0001,0.0,0.0,0.0,0.0,0.0,0.0,0.0001
1532986898293430890,1482,1532986898292758604,map,base_link,27.706533432,28.3912448883,8.697016716,0.238153331429,0.22788050362,-0.726131784188,-0.60339547462,1e-06,0.0,0.0,0.0,0.0,0.0,0.0,1e-06,0.0,0.0,0.0,0.0,0.0,0.0,1e-06,0.0,0.0,0.0,0.0,0.0,0.0,1e-06,0.0,0.0,0.0,0.0,0.0,0.0,1e-06,0.0,0.0,0.0,0.0,0.0,0.0,1e-06,15.6860140976,1.93908332624,-0.821647026378,-0.196302056313,-0.344766527414,0.439767628908,0.0001,0.0,0.0,0.0,0.0,0.0,0.0,0.0001,0.0,0.0,0.0,0.0,0.0,0.0,0.0001,0.0,0.0,0.0,0.0,0.0,0.0,0.0001,0.0,0.0,0.0,0.0,0.0,0.0,0.0001,0.0,0.0,0.0,0.0,0.0,0.0,0.0001
1532986898540677027,1483,1532986898538812553,map,base_link,26.4860229492,31.8427200317,7.96410942078,0.238153331429,0.22788050362,-0.726131784188,-0.60339547462,1e-06,0.0,0.0,0.0,0.0,0.0,0.0,1e-06,0.0,0.0,0.0,0.0,0.0,0.0,1e-06,0.0,0.0,0.0,0.0,0.0,0.0,1e-06,0.0,0.0,0.0,0.0,0.0,0.0,1e-06,0.0,0.0,0.0,0.0,0.0,0.0,1e-06,15.5537133764,3.48343429012,0.103430456689,-0.196302056313,-0.344766527414,0.439767628908,0.0001,0.0,0.0,0.0,0.0,0.0,0.0,0.0001,0.0,0.0,0.0,0.0,0.0,0.0,0.0001,0.0,0.0,0.0,0.0,0.0,0.0,0.0001,0.0,0.0,0.0,0.0,0.0,0.0,0.0001,0.0,0.0,0.0,0.0,0.0,0.0,0.0001
1532986898829853310,1484,1532986898829189344,map,base_link,24.4863986969,35.6714859009,7.10384559631,0.213191675457,0.263977922959,-0.794719337341,-0.503275412237,1e-06,0.0,0.0,0.0,0.0,0.0,0.0,1e-06,0.0,0.0,0.0,0.0,0.0,0.0,1e-06,0.0,0.0,0.0,0.0,0.0,0.0,1e-06,0.0,0.0,0.0,0.0,0.0,0.0,1e-06,0.0,0.0,0.0,0.0,0.0,0.0,1e-06,15.8890086097,2.10169309123,-0.620872547421,0.178680613637,-0.428395718336,0.482807725668,0.0001,0.0,0.0,0.0,0.0,0.0,0.0,0.0001,0.0,0.0,0.0,0.0,0.0,0.0,0.0001,0.0,0.0,0.0,0.0,0.0,0.0,0.0001,0.0,0.0,0.0,0.0,0.0,0.0,0.0001,0.0,0.0,0.0,0.0,0.0,0.0,0.0001
1532986898984046511,1485,1532986898982254036,map,base_link,22.858581543,38.0105552673,6.60237026215,0.174436632729,0.278505937983,-0.843383926989,-0.425099818121,1e-06,0.0,0.0,0.0,0.0,0.0,0.0,1e-06,0.0,0.0,0.0,0.0,0.0,0.0,1e-06,0.0,0.0,0.0,0.0,0.0,0.0,1e-06,0.0,0.0,0.0,0.0,0.0,0.0,1e-06,0.0,0.0,0.0,0.0,0.0,0.0,1e-06,15.9557442032,0.923976335126,-1.53744159962,-0.208797946572,-0.499611645937,0.465665221214,0.0001,0.0,0.0,0.0,0.0,0.0,0.0,0.0001,0.0,0.0,0.0,0.0,0.0,0.0,0.0001,0.0,0.0,0.0,0.0,0.0,0.0,0.0001,0.0,0.0,0.0,0.0,0.0,0.0,0.0001,0.0,0.0,0.0,0.0,0.0,0.0,0.0001
