%time,field.header.seq,field.header.stamp,field.header.frame_id,field.orientation.x,field.orientation.y,field.orientation.z,field.orientation.w,field.orientation_covariance0,field.orientation_covariance1,field.orientation_covariance2,field.orientation_covariance3,field.orientation_covariance4,field.orientation_covariance5,field.orientation_covariance6,field.orientation_covariance7,field.orientation_covariance8,field.angular_velocity.x,field.angular_velocity.y,field.angular_velocity.z,field.angular_velocity_covariance0,field.angular_velocity_covariance1,field.angular_velocity_covariance2,field.angular_velocity_covariance3,field.angular_velocity_covariance4,field.angular_velocity_covariance5,field.angular_velocity_covariance6,field.angular_velocity_covariance7,field.angular_velocity_covariance8,field.linear_acceleration.x,field.linear_acceleration.y,field.linear_acceleration.z,field.linear_acceleration_covariance0,field.linear_acceleration_covariance1,field.linear_acceleration_covariance2,field.linear_acceleration_covariance3,field.linear_acceleration_covariance4,field.linear_acceleration_covariance5,field.linear_acceleration_covariance6,field.linear_acceleration_covariance7,field.linear_acceleration_covariance8
1536693177181336120,5007,1536693177179071160,base_link,0.0,0.0,0.0,0.0,-1.0,0.0,0.0,0.0,0.0,0.0,0.0,0.0,0.0,0.518,0.019,-0.143,1.21846967915e-07,0.0,0.0,0.0,1.21846967915e-07,0.0,0.0,0.0,1.21846967915e-07,-1.0591182,0.63743225,8.42391235,9e-08,0.0,0.0,0.0,9e-08,0.0,0.0,0.0,9e-08
1536693177270767544,5008,1536693177270309944,base_link,0.0,0.0,0.0,0.0,-1.0,0.0,0.0,0.0,0.0,0.0,0.0,0.0,0.0,0.502,-0.039,-0.159,1.21846967915e-07,0.0,0.0,0.0,1.21846967915e-07,0.0,0.0,0.0,1.21846967915e-07,-0.980665,0.71588545,9.0025047,9e-08,0.0,0.0,0.0,9e-08,0.0,0.0,0.0,9e-08
1536693177365816184,5009,1536693177365247320,base_link,0.0,0.0,0.0,0.0,-1.0,0.0,0.0,0.0,0.0,0.0,0.0,0.0,0.0,0.448,-0.059,-0.183,1.21846967915e-07,0.0,0.0,0.0,1.21846967915e-07,0.0,0.0,0.0,1.21846967915e-07,-1.0198916,0.79433865,9.2378643,9e-08,0.0,0.0,0.0,9e-08,0.0,0.0,0.0,9e-08
1536693177449782264,5010,1536693177449082904,base_link,0.0,0.0,0.0,0.0,-1.0,0.0,0.0,0.0,0.0,0.0,0.0,0.0,0.0,0.366,-0.048,-0.204,1.21846967915e-07,0.0,0.0,0.0,1.21846967915e-07,0.0,0.0,0.0,1.21846967915e-07,-1.01008495,0.7649187,9.1201845,9e-08,0.0,0.0,0.0,9e-08,0.0,0.0,0.0,9e-08
1536693177563366424,5011,1536693177560591320,base_link,0.0,0.0,0.0,0.0,-1.0,0.0,0.0,0.0,0.0,0.0,0.0,0.0,0.0,0.203,-0.094,-0.219,1.21846967915e-07,0.0,0.0,0.0,1.21846967915e-07,0.0,0.0,0.0,1.21846967915e-07,-0.8629852,0.83356525,9.69877685,9e-08,0.0,0.0,0.0,9e-08,0.0,0.0,0.0,9e-08
1536693177651716632,5012,1536693177651178360,base_link,0.0,0.0,0.0,0.0,-1.0,0.0,0.0,0.0,0.0,0.0,0.0,0.0,0.0,0.133,-0.089,-0.237,1.21846967915e-07,0.0,0.0,0.0,1.21846967915e-07,0.0,0.0,0.0,1.21846967915e-07,-0.81395195,0.79433865,8.93385815,9e-08,0.0,0.0,0.0,9e-08,0.0,0.0,0.0,9e-08
1536693177757900536,5013,1536693177756148888,base_link,0.0,0.0,0.0,0.0,-1.0,0.0,0.0,0.0,0.0,0.0,0.0,0.0,0.0,0.094,-0.191,-0.251,1.21846967915e-07,0.0,0.0,0.0,1.21846967915e-07,0.0,0.0,0.0,1.21846967915e-07,-0.6668522,0.89240515,9.87529655,9e-08,0.0,0.0,0.0,9e-08,0.0,0.0,0.0,9e-08
1536693177871546008,5014,1536693177870933176,base_link,0.0,0.0,0.0,0.0,-1.0,0.0,0.0,0.0,0.0,0.0,0.0,0.0,0.0,0.043,-0.235,-0.258,1.21846967915e-07,0.0,0.0,0.0,1.21846967915e-07,0.0,0.0,0.0,1.21846967915e-07,-0.4903325,0.83356525,11.3953273,9e-08,0.0,0.0,0.0,9e-08,0.0,0.0,0.0,9e-08
1536693177961481080,5015,1536693177960326328,base_link,0.0,0.0,0.0,0.0,-1.0,0.0,0.0,0.0,0.0,0.0,0.0,0.0,0.0,0.017,-0.22,-0.253,1.21846967915e-07,0.0,0.0,0.0,1.21846967915e-07,0.0,0.0,0.0,1.21846967915e-07,-0.18632635,0.97085835,12.54270535,9e-08,0.0,0.0,0.0,9e-08,0.0,0.0,0.0,9e-08
1536693178063377688,5016,1536693178062591416,base_link,0.0,0.0,0.0,0.0,-1.0,0.0,0.0,0.0,0.0,0.0,0.0,0.0,0.0,-0.036,-0.232,-0.234,1.21846967915e-07,0.0,0.0,0.0,1.21846967915e-07,0.0,0.0,0.0,1.21846967915e-07,-0.0980665,0.91201845,13.1016844,9e-08,0.0,0.0,0.0,9e-08,0.0,0.0,0.0,9e-08
1536693178169887064,5017,1536693178169237368,base_link,0.0,0.0,0.0,0.0,-1.0,0.0,0.0,0.0,0.0,0.0,0.0,0.0,0.0,-0.023,-0.201,-0.208,1.21846967915e-07,0.0,0.0,0.0,1.21846967915e-07,0.0,0.0,0.0,1.21846967915e-07,-0.0588399,0.95124505,12.85651815,9e-08,0.0,0.0,0.0,9e-08,0.0,0.0,0.0,9e-08
1536693178287282264,5018,1536693178285698872,base_link,0.0,0.0,0.0,0.0,-1.0,0.0,0.0,0.0,0.0,0.0,0.0,0.0,0.0,-0.075,-0.234,-0.195,1.21846967915e-07,0.0,0.0,0.0,1.21846967915e-07,0.0,0.0,0.0,1.21846967915e-07,0.06864655,1.01008495,13.533177,9e-08,0.0,0.0,0.0,9e-08,0.0,0.0,0.0,9e-08
1536693178399871128,5019,1536693178399011640,base_link,0.0,0.0,0.0,0.0,-1.0,0.0,0.0,0.0,0.0,0.0,0.0,0.0,0.0,-0.115,-0.105,-0.201,1.21846967915e-07,0.0,0.0,0.0,1.21846967915e-07,0.0,0.0,0.0,1.21846967915e-07,-0.0588399,1.1375714,12.17005265,9e-08,0.0,0.0,0.0,9e-08,0.0,0.0,0.0,9e-08
1536693178459323384,5020,1536693178458188152,base_link,0.0,0.0,0.0,0.0,-1.0,0.0,0.0,0.0,0.0,0.0,0.0,0.0,0.0,-0.142,-0.07,-0.21,1.21846967915e-07,0.0,0.0,0.0,1.21846967915e-07,0.0,0.0,0.0,1.21846967915e-07,-0.04903325,1.176798,11.83662655,9e-08,0.0,0.0,0.0,9e-08,0.0,0.0,0.0,9e-08
1536693178569442712,5021,1536693178564190104,base_link,0.0,0.0,0.0,0.0,-1.0,0.0,0.0,0.0,0.0,0.0,0.0,0.0,0.0,-0.278,-0.155,-0.235,1.21846967915e-07,0.0,0.0,0.0,1.21846967915e-07,0.0,0.0,0.0,1.21846967915e-07,-0.0784532,1.18660465,11.44436055,9e-08,0.0,0.0,0.0,9e-08,0.0,0.0,0.0,9e-08
1536693178647518776,5022,1536693178646836792,base_link,0.0,0.0,0.0,0.0,-1.0,0.0,0.0,0.0,0.0,0.0,0.0,0.0,0.0,-0.262,-0.167,-0.264,1.21846967915e-07,0.0,0.0,0.0,1.21846967915e-07,0.0,0.0,0.0,1.21846967915e-07,-0.12748645,1.01008495,10.91480145,9e-08,0.0,0.0,0.0,9e-08,0.0,0.0,0.0,9e-08
1536693178759118904,5023,1536693178757895512,base_link,0.0,0.0,0.0,0.0,-1.0,0.0,0.0,0.0,0.0,0.0,0.0,0.0,0.0,-0.091,-0.162,-0.281,1.21846967915e-07,0.0,0.0,0.0,1.21846967915e-07,0.0,0.0,0.0,1.21846967915e-07,-0.1372931,0.980665,11.38552065,9e-08,0.0,0.0,0.0,9e-08,0.0,0.0,0.0,9e-08
1536693178855995896,5024,1536693178855288344,base_link,0.0,0.0,0.0,0.0,-1.0,0.0,0.0,0.0,0.0,0.0,0.0,0.0,0.0,-0.182,-0.102,-0.279,1.21846967915e-07,0.0,0.0,0.0,1.21846967915e-07,0.0,0.0,0.0,1.21846967915e-07,-0.22555295,0.9218251,11.0422879,9e-08,0.0,0.0,0.0,9e-08,0.0,0.0,0.0,9e-08
1536693178952061176,5025,1536693178950626136,base_link,0.0,0.0,0.0,0.0,-1.0,0.0,0.0,0.0,0.0,0.0,0.0,0.0,0.0,-0.305,-0.077,-0.258,1.21846967915e-07,0.0,0.0,0.0,1.21846967915e-07,0.0,0.0,0.0,1.21846967915e-07,-0.22555295,0.8825985,10.4146623,9e-08,0.0,0.0,0.0,9e-08,0.0,0.0,0.0,9e-08
1536693179053422168,5026,1536693179052339096,base_link,0.0,0.0,0.0,0.0,-1.0,0.0,0.0,0.0,0.0,0.0,0.0,0.0,0.0,-0.33,-0.12,-0.248,1.21846967915e-07,0.0,0.0,0.0,1.21846967915e-07,0.0,0.0,0.0,1.21846967915e-07,-0.2157463,0.71588545,11.0422879,9e-08,0.0,0.0,0.0,9e-08,0.0,0.0,0.0,9e-08
1536693179171889432,5027,1536693179171299960,base_link,0.0,0.0,0.0,0.0,-1.0,0.0,0.0,0.0,0.0,0.0,0.0,0.0,0.0,-0.302,-0.132,-0.215,1.21846967915e-07,0.0,0.0,0.0,1.21846967915e-07,0.0,0.0,0.0,1.21846967915e-07,-0.2941995,0.67665885,10.3558224,9e-08,0.0,0.0,0.0,9e-08,0.0,0.0,0.0,9e-08
1536693179272901400,5028,1536693179266488792,base_link,0.0,0.0,0.0,0.0,-1.0,0.0,0.0,0.0,0.0,0.0,0.0,0.0,0.0,-0.224,-0.183,-0.186,1.21846967915e-07,0.0,0.0,0.0,1.21846967915e-07,0.0,0.0,0.0,1.21846967915e-07,-0.26477955,0.63743225,11.77778665,9e-08,0.0,0.0,0.0,9e-08,0.0,0.0,0.0,9e-08
1536693179384305816,5029,1536693179383695768,base_link,0.0,0.0,0.0,0.0,-1.0,0.0,0.0,0.0,0.0,0.0,0.0,0.0,0.0,-0.317,-0.195,-0.137,1.21846967915e-07,0.0,0.0,0.0,1.21846967915e-07,0.0,0.0,0.0,1.21846967915e-07,-0.16671305,0.79433865,12.9840046,9e-08,0.0,0.0,0.0,9e-08,0.0,0.0,0.0,9e-08
1536693179440509720,5030,1536693179439193016,base_link,0.0,0.0,0.0,0.0,-1.0,0.0,0.0,0.0,0.0,0.0,0.0,0.0,0.0,-0.365,-0.173,-0.121,1.21846967915e-07,0.0,0.0,0.0,1.21846967915e-07,0.0,0.0,0.0,1.21846967915e-07,-0.1765197,0.75511205,12.75845165,9e-08,0.0,0.0,0.0,9e-08,0.0,0.0,0.0,9e-08
1536693179566555544,5031,1536693179565727224,base_link,0.0,0.0,0.0,0.0,-1.0,0.0,0.0,0.0,0.0,0.0,0.0,0.0,0.0,-0.359,-0.152,-0.109,1.21846967915e-07,0.0,0.0,0.0,1.21846967915e-07,0.0,0.0,0.0,1.21846967915e-07,-0.26477955,0.85317855,12.2583125,9e-08,0.0,0.0,0.0,9e-08,0.0,0.0,0.0,9e-08
1536693179651853880,5032,1536693179651312664,base_link,0.0,0.0,0.0,0.0,-1.0,0.0,0.0,0.0,0.0,0.0,0.0,0.0,0.0,-0.388,-0.155,-0.103,1.21846967915e-07,0.0,0.0,0.0,1.21846967915e-07,0.0,0.0,0.0,1.21846967915e-07,-0.22555295,0.8433719,12.36618565,9e-08,0.0,0.0,0.0,9e-08,0.0,0.0,0.0,9e-08
1536693179766384984,5033,1536693179765949400,base_link,0.0,0.0,0.0,0.0,-1.0,0.0,0.0,0.0,0.0,0.0,0.0,0.0,0.0,-0.381,-0.107,-0.103,1.21846967915e-07,0.0,0.0,0.0,1.21846967915e-07,0.0,0.0,0.0,1.21846967915e-07,-0.2941995,0.6864655,11.97391965,9e-08,0.0,0.0,0.0,9e-08,0.0,0.0,0.0,9e-08
1536693179862042072,5034,1536693179860978264,base_link,0.0,0.0,0.0,0.0,-1.0,0.0,0.0,0.0,0.0,0.0,0.0,0.0,0.0,-0.352,-0.054,-0.096,1.21846967915e-07,0.0,0.0,0.0,1.21846967915e-07,0.0,0.0,0.0,1.21846967915e-07,-0.2157463,0.67665885,11.76798,9e-08,0.0,0.0,0.0,9e-08,0.0,0.0,0.0,9e-08
1536693179968256632,5035,1536693179965306744,base_link,0.0,0.0,0.0,0.0,-1.0,0.0,0.0,0.0,0.0,0.0,0.0,0.0,0.0,-0.33,0.001,-0.084,1.21846967915e-07,0.0,0.0,0.0,1.21846967915e-07,0.0,0.0,0.0,1.21846967915e-07,-0.2745862,0.6276256,10.95402805,9e-08,0.0,0.0,0.0,9e-08,0.0,0.0,0.0,9e-08
1536693180030903832,5036,1536693180030247608,base_link,0.0,0.0,0.0,0.0,-1.0,0.0,0.0,0.0,0.0,0.0,0.0,0.0,0.0,-0.345,0.032,-0.056,1.21846967915e-07,0.0,0.0,0.0,1.21846967915e-07,0.0,0.0,0.0,1.21846967915e-07,-0.36284605,0.6864655,9.5712904,9e-08,0.0,0.0,0.0,9e-08,0.0,0.0,0.0,9e-08
1536693180173661368,5037,1536693180169903352,base_link,0.0,0.0,0.0,0.0,-1.0,0.0,0.0,0.0,0.0,0.0,0.0,0.0,0.0,-0.319,0.002,-0.055,1.21846967915e-07,0.0,0.0,0.0,1.21846967915e-07,0.0,0.0,0.0,1.21846967915e-07,-0.3530394,0.55897905,10.13026945,9e-08,0.0,0.0,0.0,9e-08,0.0,0.0,0.0,9e-08
1536693180260483640,5038,1536693180259561080,base_link,0.0,0.0,0.0,0.0,-1.0,0.0,0.0,0.0,0.0,0.0,0.0,0.0,0.0,-0.319,-0.002,-0.057,1.21846967915e-07,0.0,0.0,0.0,1.21846967915e-07,0.0,0.0,0.0,1.21846967915e-07,-0.40207265,0.50013915,9.7674234,9e-08,0.0,0.0,0.0,9e-08,0.0,0.0,0.0,9e-08
1536693180380789592,5039,1536693180380198488,base_link,0.0,0.0,0.0,0.0,-1.0,0.0,0.0,0.0,0.0,0.0,0.0,0.0,0.0,-0.175,-0.012,-0.033,1.21846967915e-07,0.0,0.0,0.0,1.21846967915e-07,0.0,0.0,0.0,1.21846967915e-07,-0.3726527,0.48052585,10.67944185,9e-08,0.0,0.0,0.0,9e-08,0.0,0.0,0.0,9e-08
1536693180430916696,5040,1536693180429921080,base_link,0.0,0.0,0.0,0.0,-1.0,0.0,0.0,0.0,0.0,0.0,0.0,0.0,0.0,-0.158,-0.011,-0.014,1.21846967915e-07,0.0,0.0,0.0,1.21846967915e-07,0.0,0.0,0.0,1.21846967915e-07,-0.36284605,0.50013915,9.95374975,9e-08,0.0,0.0,0.0,9e-08,0.0,0.0,0.0,9e-08
1536693180563749048,5041,1536693180561756120,base_link,0.0,0.0,0.0,0.0,-1.0,0.0,0.0,0.0,0.0,0.0,0.0,0.0,0.0,-0.213,0.014,0.009,1.21846967915e-07,0.0,0.0,0.0,1.21846967915e-07,0.0,0.0,0.0,1.21846967915e-07,-0.30400615,0.53936575,9.7478101,9e-08,0.0,0.0,0.0,9e-08,0.0,0.0,0.0,9e-08
1536693180665679736,5042,1536693180656734872,base_link,0.0,0.0,0.0,0.0,-1.0,0.0,0.0,0.0,0.0,0.0,0.0,0.0,0.0,-0.232,0.041,0.019,1.21846967915e-07,0.0,0.0,0.0,1.21846967915e-07,0.0,0.0,0.0,1.21846967915e-07,-0.4314926,0.55897905,9.2378643,9e-08,0.0,0.0,0.0,9e-08,0.0,0.0,0.0,9e-08
1536693180790317752,5043,1536693180789151128,base_link,0.0,0.0,0.0,0.0,-1.0,0.0,0.0,0.0,0.0,0.0,0.0,0.0,0.0,-0.093,0.053,0.015,1.21846967915e-07,0.0,0.0,0.0,1.21846967915e-07,0.0,0.0,0.0,1.21846967915e-07,-0.46091255,0.53936575,8.7475318,9e-08,0.0,0.0,0.0,9e-08,0.0,0.0,0.0,9e-08
1536693180873142904,5044,1536693180872372824,base_link,0.0,0.0,0.0,0.0,-1.0,0.0,0.0,0.0,0.0,0.0,0.0,0.0,0.0,-0.109,0.042,0.022,1.21846967915e-07,0.0,0.0,0.0,1.21846967915e-07,0.0,0.0,0.0,1.21846967915e-07,-0.392266,0.53936575,8.99269805,9e-08,0.0,0.0,0.0,9e-08,0.0,0.0,0.0,9e-08
1536693180990031224,5045,1536693180989650968,base_link,0.0,0.0,0.0,0.0,-1.0,0.0,0.0,0.0,0.0,0.0,0.0,0.0,0.0,-0.124,0.024,0.011,1.21846967915e-07,0.0,0.0,0.0,1.21846967915e-07,0.0,0.0,0.0,1.21846967915e-07,-0.3530394,0.53936575,9.77723005,9e-08,0.0,0.0,0.0,9e-08,0.0,0.0,0.0,9e-08
1536693181058976408,5046,1536693181058358168,base_link,0.0,0.0,0.0,0.0,-1.0,0.0,0.0,0.0,0.0,0.0,0.0,0.0,0.0,-0.121,0.062,0.021,1.21846967915e-07,0.0,0.0,0.0,1.21846967915e-07,0.0,0.0,0.0,1.21846967915e-07,-0.38245935,0.51975245,9.6497436,9e-08,0.0,0.0,0.0,9e-08,0.0,0.0,0.0,9e-08
1536693181172054072,5047,1536693181168932088,base_link,0.0,0.0,0.0,0.0,-1.0,0.0,0.0,0.0,0.0,0.0,0.0,0.0,0.0,-0.011,0.107,0.017,1.21846967915e-07,0.0,0.0,0.0,1.21846967915e-07,0.0,0.0,0.0,1.21846967915e-07,-0.2941995,0.4314926,9.4339973,9e-08,0.0,0.0,0.0,9e-08,0.0,0.0,0.0,9e-08
1536693181269524120,5048,1536693181268406360,base_link,0.0,0.0,0.0,0.0,-1.0,0.0,0.0,0.0,0.0,0.0,0.0,0.0,0.0,0.025,0.115,0.015,1.21846967915e-07,0.0,0.0,0.0,1.21846967915e-07,0.0,0.0,0.0,1.21846967915e-07,-0.42168595,0.24516625,8.7083052,9e-08,0.0,0.0,0.0,9e-08,0.0,0.0,0.0,9e-08
1536693181387022744,5049,1536693181384200024,base_link,0.0,0.0,0.0,0.0,-1.0,0.0,0.0,0.0,0.0,0.0,0.0,0.0,0.0,-0.054,0.101,0.055,1.21846967915e-07,0.0,0.0,0.0,1.21846967915e-07,0.0,0.0,0.0,1.21846967915e-07,-0.34323275,0.4118793,8.62004535,9e-08,0.0,0.0,0.0,9e-08,0.0,0.0,0.0,9e-08
1536693181493143544,5050,1536693181492253880,base_link,0.0,0.0,0.0,0.0,-1.0,0.0,0.0,0.0,0.0,0.0,0.0,0.0,0.0,-0.049,0.118,0.049,1.21846967915e-07,0.0,0.0,0.0,1.21846967915e-07,0.0,0.0,0.0,1.21846967915e-07,-0.4314926,0.44129925,8.6102387,9e-08,0.0,0.0,0.0,9e-08,0.0,0.0,0.0,9e-08
1536693181568038200,5051,1536693181567296376,base_link,0.0,0.0,0.0,0.0,-1.0,0.0,0.0,0.0,0.0,0.0,0.0,0.0,0.0,0.041,0.047,0.04,1.21846967915e-07,0.0,0.0,0.0,1.21846967915e-07,0.0,0.0,0.0,1.21846967915e-07,-0.38245935,0.4707192,8.91424485,9e-08,0.0,0.0,0.0,9e-08,0.0,0.0,0.0,9e-08
1536693181668375672,5052,1536693181663974168,base_link,0.0,0.0,0.0,0.0,-1.0,0.0,0.0,0.0,0.0,0.0,0.0,0.0,0.0,0.162,0.055,0.034,1.21846967915e-07,0.0,0.0,0.0,1.21846967915e-07,0.0,0.0,0.0,1.21846967915e-07,-0.36284605,0.42168595,9.20844435,9e-08,0.0,0.0,0.0,9e-08,0.0,0.0,0.0,9e-08
1536693181783520568,5053,1536693181782929880,base_link,0.0,0.0,0.0,0.0,-1.0,0.0,0.0,0.0,0.0,0.0,0.0,0.0,0.0,0.145,0.058,0.04,1.21846967915e-07,0.0,0.0,0.0,1.21846967915e-07,0.0,0.0,0.0,1.21846967915e-07,-0.392266,0.46091255,9.11037785,9e-08,0.0,0.0,0.0,9e-08,0.0,0.0,0.0,9e-08
1536693181877461208,5054,1536693181876135512,base_link,0.0,0.0,0.0,0.0,-1.0,0.0,0.0,0.0,0.0,0.0,0.0,0.0,0.0,0.099,0.07,0.036,1.21846967915e-07,0.0,0.0,0.0,1.21846967915e-07,0.0,0.0,0.0,1.21846967915e-07,-0.392266,0.4118793,9.14960445,9e-08,0.0,0.0,0.0,9e-08,0.0,0.0,0.0,9e-08
1536693182036892344,5055,1536693182035639480,base_link,0.0,0.0,0.0,0.0,-1.0,0.0,0.0,0.0,0.0,0.0,0.0,0.0,0.0,0.179,0.029,0.038,1.21846967915e-07,0.0,0.0,0.0,1.21846967915e-07,0.0,0.0,0.0,1.21846967915e-07,-0.4707192,0.38245935,9.22805765,9e-08,0.0,0.0,0.0,9e-08,0.0,0.0,0.0,9e-08
1536693182088153048,5056,1536693182087203832,base_link,0.0,0.0,0.0,0.0,-1.0,0.0,0.0,0.0,0.0,0.0,0.0,0.0,0.0,0.232,0.013,0.035,1.21846967915e-07,0.0,0.0,0.0,1.21846967915e-07,0.0,0.0,0.0,1.21846967915e-07,-0.4511059,0.5099458,9.36535075,9e-08,0.0,0.0,0.0,9e-08,0.0,0.0,0.0,9e-08
1536693182166771096,5057,1536693182165074424,base_link,0.0,0.0,0.0,0.0,-1.0,0.0,0.0,0.0,0.0,0.0,0.0,0.0,0.0,0.25,-0.01,0.033,1.21846967915e-07,0.0,0.0,0.0,1.21846967915e-07,0.0,0.0,0.0,1.21846967915e-07,-0.34323275,0.42168595,9.80665,9e-08,0.0,0.0,0.0,9e-08,0.0,0.0,0.0,9e-08
1536693182261993464,5058,1536693182261507160,base_link,0.0,0.0,0.0,0.0,-1.0,0.0,0.0,0.0,0.0,0.0,0.0,0.0,0.0,0.212,-0.011,0.044,1.21846967915e-07,0.0,0.0,0.0,1.21846967915e-07,0.0,0.0,0.0,1.21846967915e-07,-0.4118793,0.5099458,9.8851032,9e-08,0.0,0.0,0.0,9e-08,0.0,0.0,0.0,9e-08
1536693182390471992,5059,1536693182390082072,base_link,0.0,0.0,0.0,0.0,-1.0,0.0,0.0,0.0,0.0,0.0,0.0,0.0,0.0,0.171,0.054,0.033,1.21846967915e-07,0.0,0.0,0.0,1.21846967915e-07,0.0,0.0,0.0,1.21846967915e-07,-0.2745862,0.6080123,10.05181625,9e-08,0.0,0.0,0.0,9e-08,0.0,0.0,0.0,9e-08
1536693182465603832,5060,1536693182463964536,base_link,0.0,0.0,0.0,0.0,-1.0,0.0,0.0,0.0,0.0,0.0,0.0,0.0,0.0,0.228,0.019,-0.002,1.21846967915e-07,0.0,0.0,0.0,1.21846967915e-07,0.0,0.0,0.0,1.21846967915e-07,-0.36284605,0.48052585,9.56148375,9e-08,0.0,0.0,0.0,9e-08,0.0,0.0,0.0,9e-08
1536693182593186840,5061,1536693182591258552,base_link,0.0,0.0,0.0,0.0,-1.0,0.0,0.0,0.0,0.0,0.0,0.0,0.0,0.0,0.258,0.023,-0.009,1.21846967915e-07,0.0,0.0,0.0,1.21846967915e-07,0.0,0.0,0.0,1.21846967915e-07,-0.36284605,0.63743225,9.7281968,9e-08,0.0,0.0,0.0,9e-08,0.0,0.0,0.0,9e-08
1536693182664784440,5062,1536693182663511064,base_link,0.0,0.0,0.0,0.0,-1.0,0.0,0.0,0.0,0.0,0.0,0.0,0.0,0.0,0.273,0.047,-0.028,1.21846967915e-07,0.0,0.0,0.0,1.21846967915e-07,0.0,0.0,0.0,1.21846967915e-07,-0.40207265,0.48052585,9.09076455,9e-08,0.0,0.0,0.0,9e-08,0.0,0.0,0.0,9e-08
1536693182761240088,5063,1536693182759492536,base_link,0.0,0.0,0.0,0.0,-1.0,0.0,0.0,0.0,0.0,0.0,0.0,0.0,0.0,0.268,-0.007,-0.034,1.21846967915e-07,0.0,0.0,0.0,1.21846967915e-07,0.0,0.0,0.0,1.21846967915e-07,-0.38245935,0.392266,9.22805765,9e-08,0.0,0.0,0.0,9e-08,0.0,0.0,0.0,9e-08
1536693182856096856,5064,1536693182854993240,base_link,0.0,0.0,0.0,0.0,-1.0,0.0,0.0,0.0,0.0,0.0,0.0,0.0,0.0,0.303,-0.018,-0.016,1.21846967915e-07,0.0,0.0,0.0,1.21846967915e-07,0.0,0.0,0.0,1.21846967915e-07,-0.3726527,0.5491724,9.50264385,9e-08,0.0,0.0,0.0,9e-08,0.0,0.0,0.0,9e-08
1536693182989810840,5065,1536693182989168536,base_link,0.0,0.0,0.0,0.0,-1.0,0.0,0.0,0.0,0.0,0.0,0.0,0.0,0.0,0.34,0.016,-0.021,1.21846967915e-07,0.0,0.0,0.0,1.21846967915e-07,0.0,0.0,0.0,1.21846967915e-07,-0.38245935,0.61781895,9.8851032,9e-08,0.0,0.0,0.0,9e-08,0.0,0.0,0.0,9e-08
1536693183044323800,5066,1536693183043591416,base_link,0.0,0.0,0.0,0.0,-1.0,0.0,0.0,0.0,0.0,0.0,0.0,0.0,0.0,0.369,0.05,-0.024,1.21846967915e-07,0.0,0.0,0.0,1.21846967915e-07,0.0,0.0,0.0,1.21846967915e-07,-0.38245935,0.75511205,9.2378643,9e-08,0.0,0.0,0.0,9e-08,0.0,0.0,0.0,9e-08
1536693183212992888,5067,1536693183211588664,base_link,0.0,0.0,0.0,0.0,-1.0,0.0,0.0,0.0,0.0,0.0,0.0,0.0,0.0,0.265,0.036,-0.098,1.21846967915e-07,0.0,0.0,0.0,1.21846967915e-07,0.0,0.0,0.0,1.21846967915e-07,-0.46091255,0.85317855,9.2378643,9e-08,0.0,0.0,0.0,9e-08,0.0,0.0,0.0,9e-08
1536693183256734648,5068,1536693183255745368,base_link,0.0,0.0,0.0,0.0,-1.0,0.0,0.0,0.0,0.0,0.0,0.0,0.0,0.0,0.245,0.055,-0.116,1.21846967915e-07,0.0,0.0,0.0,1.21846967915e-07,0.0,0.0,0.0,1.21846967915e-07,-0.38245935,0.9610517,8.97308475,9e-08,0.0,0.0,0.0,9e-08,0.0,0.0,0.0,9e-08
1536693183355198456,5069,1536693183354241880,base_link,0.0,0.0,0.0,0.0,-1.0,0.0,0.0,0.0,0.0,0.0,0.0,0.0,0.0,0.221,-0.02,-0.168,1.21846967915e-07,0.0,0.0,0.0,1.21846967915e-07,0.0,0.0,0.0,1.21846967915e-07,-0.40207265,0.99047165,9.03192465,9e-08,0.0,0.0,0.0,9e-08,0.0,0.0,0.0,9e-08
1536693183470432312,5070,1536693183466288568,base_link,0.0,0.0,0.0,0.0,-1.0,0.0,0.0,0.0,0.0,0.0,0.0,0.0,0.0,0.133,-0.043,-0.198,1.21846967915e-07,0.0,0.0,0.0,1.21846967915e-07,0.0,0.0,0.0,1.21846967915e-07,-0.4314926,0.8825985,9.8654899,9e-08,0.0,0.0,0.0,9e-08,0.0,0.0,0.0,9e-08
1536693183556811096,5071,1536693183556328600,base_link,0.0,0.0,0.0,0.0,-1.0,0.0,0.0,0.0,0.0,0.0,0.0,0.0,0.0,0.041,-0.053,-0.215,1.21846967915e-07,0.0,0.0,0.0,1.21846967915e-07,0.0,0.0,0.0,1.21846967915e-07,-0.36284605,0.89240515,9.6497436,9e-08,0.0,0.0,0.0,9e-08,0.0,0.0,0.0,9e-08
1536693183674977144,5072,1536693183671689816,base_link,0.0,0.0,0.0,0.0,-1.0,0.0,0.0,0.0,0.0,0.0,0.0,0.0,0.0,0.094,-0.02,-0.224,1.21846967915e-07,0.0,0.0,0.0,1.21846967915e-07,0.0,0.0,0.0,1.21846967915e-07,-0.26477955,0.8433719,10.591182,9e-08,0.0,0.0,0.0,9e-08,0.0,0.0,0.0,9e-08
1536693183805798552,5073,1536693183805446520,base_link,0.0,0.0,0.0,0.0,-1.0,0.0,0.0,0.0,0.0,0.0,0.0,0.0,0.0,0.154,-0.082,-0.228,1.21846967915e-07,0.0,0.0,0.0,1.21846967915e-07,0.0,0.0,0.0,1.21846967915e-07,-0.3138128,0.6472389,10.20872265,9e-08,0.0,0.0,0.0,9e-08,0.0,0.0,0.0,9e-08
1536693183873420504,5074,1536693183872613528,base_link,0.0,0.0,0.0,0.0,-1.0,0.0,0.0,0.0,0.0,0.0,0.0,0.0,0.0,0.176,-0.139,-0.221,1.21846967915e-07,0.0,0.0,0.0,1.21846967915e-07,0.0,0.0,0.0,1.21846967915e-07,-0.36284605,0.53936575,10.2185293,9e-08,0.0,0.0,0.0,9e-08,0.0,0.0,0.0,9e-08
1536693183972095992,5075,1536693183971441432,base_link,0.0,0.0,0.0,0.0,-1.0,0.0,0.0,0.0,0.0,0.0,0.0,0.0,0.0,0.209,-0.176,-0.19,1.21846967915e-07,0.0,0.0,0.0,1.21846967915e-07,0.0,0.0,0.0,1.21846967915e-07,-0.22555295,0.6080123,11.0422879,9e-08,0.0,0.0,0.0,9e-08,0.0,0.0,0.0,9e-08
1536693184064915640,5076,1536693184061683768,base_link,0.0,0.0,0.0,0.0,-1.0,0.0,0.0,0.0,0.0,0.0,0.0,0.0,0.0,0.138,-0.157,-0.163,1.21846967915e-07,0.0,0.0,0.0,1.21846967915e-07,0.0,0.0,0.0,1.21846967915e-07,-0.10787315,0.5491724,11.7287534,9e-08,0.0,0.0,0.0,9e-08,0.0,0.0,0.0,9e-08
1536693184155717912,5077,1536693184154874008,base_link,0.0,0.0,0.0,0.0,-1.0,0.0,0.0,0.0,0.0,0.0,0.0,0.0,0.0,0.145,-0.165,-0.136,1.21846967915e-07,0.0,0.0,0.0,1.21846967915e-07,0.0,0.0,0.0,1.21846967915e-07,-0.08825985,0.6864655,12.0621795,9e-08,0.0,0.0,0.0,9e-08,0.0,0.0,0.0,9e-08
1536693184246800984,5078,1536693184246464760,base_link,0.0,0.0,0.0,0.0,-1.0,0.0,0.0,0.0,0.0,0.0,0.0,0.0,0.0,0.113,-0.143,-0.123,1.21846967915e-07,0.0,0.0,0.0,1.21846967915e-07,0.0,0.0,0.0,1.21846967915e-07,-0.06864655,0.8041453,12.3759923,9e-08,0.0,0.0,0.0,9e-08,0.0,0.0,0.0,9e-08
1536693184376697592,5079,1536693184375472920,base_link,0.0,0.0,0.0,0.0,-1.0,0.0,0.0,0.0,0.0,0.0,0.0,0.0,0.0,0.04,-0.122,-0.114,1.21846967915e-07,0.0,0.0,0.0,1.21846967915e-07,0.0,0.0,0.0,1.21846967915e-07,-0.10787315,0.9022118,11.91507975,9e-08,0.0,0.0,0.0,9e-08,0.0,0.0,0.0,9e-08
1536693184479630552,5080,1536693184478891800,base_link,0.0,0.0,0.0,0.0,-1.0,0.0,0.0,0.0,0.0,0.0,0.0,0.0,0.0,0.031,-0.219,-0.153,1.21846967915e-07,0.0,0.0,0.0,1.21846967915e-07,0.0,0.0,0.0,1.21846967915e-07,-0.1372931,0.97085835,11.8856598,9e-08,0.0,0.0,0.0,9e-08,0.0,0.0,0.0,9e-08
1536693184556616600,5081,1536693184555175736,base_link,0.0,0.0,0.0,0.0,-1.0,0.0,0.0,0.0,0.0,0.0,0.0,0.0,0.0,0.073,-0.182,-0.183,1.21846967915e-07,0.0,0.0,0.0,1.21846967915e-07,0.0,0.0,0.0,1.21846967915e-07,-0.0784532,0.95124505,11.9052731,9e-08,0.0,0.0,0.0,9e-08,0.0,0.0,0.0,9e-08
1536693184663682936,5082,1536693184662103000,base_link,0.0,0.0,0.0,0.0,-1.0,0.0,0.0,0.0,0.0,0.0,0.0,0.0,0.0,-0.003,-0.152,-0.193,1.21846967915e-07,0.0,0.0,0.0,1.21846967915e-07,0.0,0.0,0.0,1.21846967915e-07,-0.06864655,1.08853815,11.571847,9e-08,0.0,0.0,0.0,9e-08,0.0,0.0,0.0,9e-08
1536693184767247416,5083,1536693184766161400,base_link,0.0,0.0,0.0,0.0,-1.0,0.0,0.0,0.0,0.0,0.0,0.0,0.0,0.0,-0.048,-0.182,-0.218,1.21846967915e-07,0.0,0.0,0.0,1.21846967915e-07,0.0,0.0,0.0,1.21846967915e-07,-0.0980665,1.02969825,11.5522337,9e-08,0.0,0.0,0.0,9e-08,0.0,0.0,0.0,9e-08
1536693184857687128,5084,1536693184856729112,base_link,0.0,0.0,0.0,0.0,-1.0,0.0,0.0,0.0,0.0,0.0,0.0,0.0,0.0,-0.099,-0.222,-0.225,1.21846967915e-07,0.0,0.0,0.0,1.21846967915e-07,0.0,0.0,0.0,1.21846967915e-07,-0.02941995,1.1571847,11.964113,9e-08,0.0,0.0,0.0,9e-08,0.0,0.0,0.0,9e-08
1536693185003808600,5085,1536693185003344472,base_link,0.0,0.0,0.0,0.0,-1.0,0.0,0.0,0.0,0.0,0.0,0.0,0.0,0.0,-0.171,-0.179,-0.242,1.21846967915e-07,0.0,0.0,0.0,1.21846967915e-07,0.0,0.0,0.0,1.21846967915e-07,0.0392266,1.30428445,13.24878415,9e-08,0.0,0.0,0.0,9e-08,0.0,0.0,0.0,9e-08
1536693185064847192,5086,1536693185064235640,base_link,0.0,0.0,0.0,0.0,-1.0,0.0,0.0,0.0,0.0,0.0,0.0,0.0,0.0,-0.18,-0.089,-0.267,1.21846967915e-07,0.0,0.0,0.0,1.21846967915e-07,0.0,0.0,0.0,1.21846967915e-07,0.0588399,1.1375714,13.07226445,9e-08,0.0,0.0,0.0,9e-08,0.0,0.0,0.0,9e-08
1536693185158200728,5087,1536693185157407160,base_link,0.0,0.0,0.0,0.0,-1.0,0.0,0.0,0.0,0.0,0.0,0.0,0.0,0.0,-0.138,-0.069,-0.28,1.21846967915e-07,0.0,0.0,0.0,1.21846967915e-07,0.0,0.0,0.0,1.21846967915e-07,-0.10787315,0.980665,11.32668075,9e-08,0.0,0.0,0.0,9e-08,0.0,0.0,0.0,9e-08
1536693185268498712,5088,1536693185267876408,base_link,0.0,0.0,0.0,0.0,-1.0,0.0,0.0,0.0,0.0,0.0,0.0,0.0,0.0,-0.08,-0.128,-0.267,1.21846967915e-07,0.0,0.0,0.0,1.21846967915e-07,0.0,0.0,0.0,1.21846967915e-07,-0.08825985,0.77472535,11.56204035,9e-08,0.0,0.0,0.0,9e-08,0.0,0.0,0.0,9e-08
1536693185356209656,5089,1536693185355769208,base_link,0.0,0.0,0.0,0.0,-1.0,0.0,0.0,0.0,0.0,0.0,0.0,0.0,0.0,-0.171,-0.125,-0.223,1.21846967915e-07,0.0,0.0,0.0,1.21846967915e-07,0.0,0.0,0.0,1.21846967915e-07,-0.14709975,0.784532,10.7088618,9e-08,0.0,0.0,0.0,9e-08,0.0,0.0,0.0,9e-08
1536693185488007992,5090,1536693185487365816,base_link,0.0,0.0,0.0,0.0,-1.0,0.0,0.0,0.0,0.0,0.0,0.0,0.0,0.0,-0.216,-0.159,-0.194,1.21846967915e-07,0.0,0.0,0.0,1.21846967915e-07,0.0,0.0,0.0,1.21846967915e-07,-0.12748645,0.6864655,11.3168741,9e-08,0.0,0.0,0.0,9e-08,0.0,0.0,0.0,9e-08
1536693185596939000,5091,1536693185594889400,base_link,0.0,0.0,0.0,0.0,-1.0,0.0,0.0,0.0,0.0,0.0,0.0,0.0,0.0,-0.204,-0.116,-0.171,1.21846967915e-07,0.0,0.0,0.0,1.21846967915e-07,0.0,0.0,0.0,1.21846967915e-07,-0.04903325,0.7649187,11.9248864,9e-08,0.0,0.0,0.0,9e-08,0.0,0.0,0.0,9e-08
1536693185644071544,5092,1536693185643678968,base_link,0.0,0.0,0.0,0.0,-1.0,0.0,0.0,0.0,0.0,0.0,0.0,0.0,0.0,-0.189,-0.078,-0.152,1.21846967915e-07,0.0,0.0,0.0,1.21846967915e-07,0.0,0.0,0.0,1.21846967915e-07,-0.12748645,0.63743225,11.6895268,9e-08,0.0,0.0,0.0,9e-08,0.0,0.0,0.0,9e-08
1536693185772925112,5093,1536693185772486840,base_link,0.0,0.0,0.0,0.0,-1.0,0.0,0.0,0.0,0.0,0.0,0.0,0.0,0.0,-0.128,-0.118,-0.119,1.21846967915e-07,0.0,0.0,0.0,1.21846967915e-07,0.0,0.0,0.0,1.21846967915e-07,-0.0784532,0.7060788,11.3953273,9e-08,0.0,0.0,0.0,9e-08,0.0,0.0,0.0,9e-08
1536693185857965400,5094,1536693185857549784,base_link,0.0,0.0,0.0,0.0,-1.0,0.0,0.0,0.0,0.0,0.0,0.0,0.0,0.0,-0.11,-0.09,-0.107,1.21846967915e-07,0.0,0.0,0.0,1.21846967915e-07,0.0,0.0,0.0,1.21846967915e-07,-0.1176798,0.8041453,10.81673495,9e-08,0.0,0.0,0.0,9e-08,0.0,0.0,0.0,9e-08
1536693185997702872,5095,1536693185984572760,base_link,0.0,0.0,0.0,0.0,-1.0,0.0,0.0,0.0,0.0,0.0,0.0,0.0,0.0,-0.168,-0.134,-0.094,1.21846967915e-07,0.0,0.0,0.0,1.21846967915e-07,0.0,0.0,0.0,1.21846967915e-07,-0.0980665,0.87279185,11.50320045,9e-08,0.0,0.0,0.0,9e-08,0.0,0.0,0.0,9e-08
1536693186064618136,5096,1536693186063735864,base_link,0.0,0.0,0.0,0.0,-1.0,0.0,0.0,0.0,0.0,0.0,0.0,0.0,0.0,-0.194,-0.094,-0.094,1.21846967915e-07,0.0,0.0,0.0,1.21846967915e-07,0.0,0.0,0.0,1.21846967915e-07,-0.08825985,0.7453054,11.85623985,9e-08,0.0,0.0,0.0,9e-08,0.0,0.0,0.0,9e-08
1536693186166532184,5097,1536693186166162712,base_link,0.0,0.0,0.0,0.0,-1.0,0.0,0.0,0.0,0.0,0.0,0.0,0.0,0.0,-0.148,-0.034,-0.09,1.21846967915e-07,0.0,0.0,0.0,1.21846967915e-07,0.0,0.0,0.0,1.21846967915e-07,-0.1176798,0.67665885,11.44436055,9e-08,0.0,0.0,0.0,9e-08,0.0,0.0,0.0,9e-08
1536693186295490360,5098,1536693186294849400,base_link,0.0,0.0,0.0,0.0,-1.0,0.0,0.0,0.0,0.0,0.0,0.0,0.0,0.0,-0.176,-0.014,-0.083,1.21846967915e-07,0.0,0.0,0.0,1.21846967915e-07,0.0,0.0,0.0,1.21846967915e-07,-0.1569064,0.65704555,10.1596894,9e-08,0.0,0.0,0.0,9e-08,0.0,0.0,0.0,9e-08
1536693186374051928,5099,1536693186372071544,base_link,0.0,0.0,0.0,0.0,-1.0,0.0,0.0,0.0,0.0,0.0,0.0,0.0,0.0,-0.212,-0.005,-0.075,1.21846967915e-07,0.0,0.0,0.0,1.21846967915e-07,0.0,0.0,0.0,1.21846967915e-07,-0.14709975,0.6472389,9.7478101,9e-08,0.0,0.0,0.0,9e-08,0.0,0.0,0.0,9e-08
1536693186463779000,5100,1536693186463175832,base_link,0.0,0.0,0.0,0.0,-1.0,0.0,0.0,0.0,0.0,0.0,0.0,0.0,0.0,-0.044,-0.018,-0.093,1.21846967915e-07,0.0,0.0,0.0,1.21846967915e-07,0.0,0.0,0.0,1.21846967915e-07,-0.14709975,0.6080123,9.7085835,9e-08,0.0,0.0,0.0,9e-08,0.0,0.0,0.0,9e-08
1536693186574889368,5101,1536693186574264440,base_link,0.0,0.0,0.0,0.0,-1.0,0.0,0.0,0.0,0.0,0.0,0.0,0.0,0.0,0.0,-0.015,-0.091,1.21846967915e-07,0.0,0.0,0.0,1.21846967915e-07,0.0,0.0,0.0,1.21846967915e-07,-0.12748645,0.5099458,9.4928372,9e-08,0.0,0.0,0.0,9e-08,0.0,0.0,0.0,9e-08
1536693186664437176,5102,1536693186661691384,base_link,0.0,0.0,0.0,0.0,-1.0,0.0,0.0,0.0,0.0,0.0,0.0,0.0,0.0,0.025,-0.024,-0.078,1.21846967915e-07,0.0,0.0,0.0,1.21846967915e-07,0.0,0.0,0.0,1.21846967915e-07,-0.10787315,0.5295591,9.6301303,9e-08,0.0,0.0,0.0,9e-08,0.0,0.0,0.0,9e-08
1536693186749829912,5103,1536693186749267416,base_link,0.0,0.0,0.0,0.0,-1.0,0.0,0.0,0.0,0.0,0.0,0.0,0.0,0.0,0.041,-0.036,-0.062,1.21846967915e-07,0.0,0.0,0.0,1.21846967915e-07,0.0,0.0,0.0,1.21846967915e-07,-0.1176798,0.5491724,9.81645665,9e-08,0.0,0.0,0.0,9e-08,0.0,0.0,0.0,9e-08
1536693186864630968,5104,1536693186864068472,base_link,0.0,0.0,0.0,0.0,-1.0,0.0,0.0,0.0,0.0,0.0,0.0,0.0,0.0,0.012,0.051,-0.051,1.21846967915e-07,0.0,0.0,0.0,1.21846967915e-07,0.0,0.0,0.0,1.21846967915e-07,-0.08825985,0.588399,9.60071035,9e-08,0.0,0.0,0.0,9e-08,0.0,0.0,0.0,9e-08
1536693186953133720,5105,1536693186952209944,base_link,0.0,0.0,0.0,0.0,-1.0,0.0,0.0,0.0,0.0,0.0,0.0,0.0,0.0,0.014,-0.001,-0.041,1.21846967915e-07,0.0,0.0,0.0,1.21846967915e-07,0.0,0.0,0.0,1.21846967915e-07,-0.18632635,0.65704555,9.2770909,9e-08,0.0,0.0,0.0,9e-08,0.0,0.0,0.0,9e-08
1536693187048193368,5106,1536693187047626296,base_link,0.0,0.0,0.0,0.0,-1.0,0.0,0.0,0.0,0.0,0.0,0.0,0.0,0.0,0.017,-0.025,-0.047,1.21846967915e-07,0.0,0.0,0.0,1.21846967915e-07,0.0,0.0,0.0,1.21846967915e-07,-0.10787315,0.7060788,9.50264385,9e-08,0.0,0.0,0.0,9e-08,0.0,0.0,0.0,9e-08
1536693187153663768,5107,1536693187152863224,base_link,0.0,0.0,0.0,0.0,-1.0,0.0,0.0,0.0,0.0,0.0,0.0,0.0,0.0,0.064,-0.069,-0.062,1.21846967915e-07,0.0,0.0,0.0,1.21846967915e-07,0.0,0.0,0.0,1.21846967915e-07,-0.16671305,0.6864655,9.85568325,9e-08,0.0,0.0,0.0,9e-08,0.0,0.0,0.0,9e-08
1536693187262084920,5108,1536693187259871896,base_link,0.0,0.0,0.0,0.0,-1.0,0.0,0.0,0.0,0.0,0.0,0.0,0.0,0.0,0.061,-0.032,-0.067,1.21846967915e-07,0.0,0.0,0.0,1.21846967915e-07,0.0,0.0,0.0,1.21846967915e-07,0.00980665,0.79433865,10.2381426,9e-08,0.0,0.0,0.0,9e-08,0.0,0.0,0.0,9e-08
1536693187379321240,5109,1536693187378700984,base_link,0.0,0.0,0.0,0.0,-1.0,0.0,0.0,0.0,0.0,0.0,0.0,0.0,0.0,0.093,0.033,-0.084,1.21846967915e-07,0.0,0.0,0.0,1.21846967915e-07,0.0,0.0,0.0,1.21846967915e-07,-0.0392266,0.7453054,9.58109705,9e-08,0.0,0.0,0.0,9e-08,0.0,0.0,0.0,9e-08
1536693187457087640,5110,1536693187456519096,base_link,0.0,0.0,0.0,0.0,-1.0,0.0,0.0,0.0,0.0,0.0,0.0,0.0,0.0,0.12,0.024,-0.097,1.21846967915e-07,0.0,0.0,0.0,1.21846967915e-07,0.0,0.0,0.0,1.21846967915e-07,0.0,0.7649187,9.40457735,9e-08,0.0,0.0,0.0,9e-08,0.0,0.0,0.0,9e-08
1536693187592905304,5111,1536693187592177560,base_link,0.0,0.0,0.0,0.0,-1.0,0.0,0.0,0.0,0.0,0.0,0.0,0.0,0.0,0.151,-0.015,-0.119,1.21846967915e-07,0.0,0.0,0.0,1.21846967915e-07,0.0,0.0,0.0,1.21846967915e-07,-0.0784532,0.69627215,9.69877685,9e-08,0.0,0.0,0.0,9e-08,0.0,0.0,0.0,9e-08
1536693187651627064,5112,1536693187651048600,base_link,0.0,0.0,0.0,0.0,-1.0,0.0,0.0,0.0,0.0,0.0,0.0,0.0,0.0,0.163,0.002,-0.127,1.21846967915e-07,0.0,0.0,0.0,1.21846967915e-07,0.0,0.0,0.0,1.21846967915e-07,-0.06864655,0.784532,9.63993695,9e-08,0.0,0.0,0.0,9e-08,0.0,0.0,0.0,9e-08
1536693187749462424,5113,1536693187749002072,base_link,0.0,0.0,0.0,0.0,-1.0,0.0,0.0,0.0,0.0,0.0,0.0,0.0,0.0,0.17,0.018,-0.139,1.21846967915e-07,0.0,0.0,0.0,1.21846967915e-07,0.0,0.0,0.0,1.21846967915e-07,-0.0784532,0.71588545,9.67916355,9e-08,0.0,0.0,0.0,9e-08,0.0,0.0,0.0,9e-08
1536693187873063192,5114,1536693187872143832,base_link,0.0,0.0,0.0,0.0,-1.0,0.0,0.0,0.0,0.0,0.0,0.0,0.0,0.0,0.151,-0.008,-0.14,1.21846967915e-07,0.0,0.0,0.0,1.21846967915e-07,0.0,0.0,0.0,1.21846967915e-07,-0.02941995,0.81395195,9.1594111,9e-08,0.0,0.0,0.0,9e-08,0.0,0.0,0.0,9e-08
1536693187956247992,5115,1536693187955732472,base_link,0.0,0.0,0.0,0.0,-1.0,0.0,0.0,0.0,0.0,0.0,0.0,0.0,0.0,0.153,-0.017,-0.147,1.21846967915e-07,0.0,0.0,0.0,1.21846967915e-07,0.0,0.0,0.0,1.21846967915e-07,-0.02941995,0.8041453,9.4339973,9e-08,0.0,0.0,0.0,9e-08,0.0,0.0,0.0,9e-08
1536693188050361976,5116,1536693188049601912,base_link,0.0,0.0,0.0,0.0,-1.0,0.0,0.0,0.0,0.0,0.0,0.0,0.0,0.0,0.179,-0.052,-0.148,1.21846967915e-07,0.0,0.0,0.0,1.21846967915e-07,0.0,0.0,0.0,1.21846967915e-07,0.00980665,0.784532,9.4928372,9e-08,0.0,0.0,0.0,9e-08,0.0,0.0,0.0,9e-08
1536693188162847000,5117,1536693188159601592,base_link,0.0,0.0,0.0,0.0,-1.0,0.0,0.0,0.0,0.0,0.0,0.0,0.0,0.0,0.201,-0.059,-0.159,1.21846967915e-07,0.0,0.0,0.0,1.21846967915e-07,0.0,0.0,0.0,1.21846967915e-07,-0.00980665,0.77472535,9.58109705,9e-08,0.0,0.0,0.0,9e-08,0.0,0.0,0.0,9e-08
1536693188255878296,5118,1536693188255426232,base_link,0.0,0.0,0.0,0.0,-1.0,0.0,0.0,0.0,0.0,0.0,0.0,0.0,0.0,0.182,-0.054,-0.162,1.21846967915e-07,0.0,0.0,0.0,1.21846967915e-07,0.0,0.0,0.0,1.21846967915e-07,0.02941995,0.73549875,10.0812362,9e-08,0.0,0.0,0.0,9e-08,0.0,0.0,0.0,9e-08
1536693188350446200,5119,1536693188349956440,base_link,0.0,0.0,0.0,0.0,-1.0,0.0,0.0,0.0,0.0,0.0,0.0,0.0,0.0,0.174,-0.044,-0.157,1.21846967915e-07,0.0,0.0,0.0,1.21846967915e-07,0.0,0.0,0.0,1.21846967915e-07,0.0784532,0.79433865,10.002783,9e-08,0.0,0.0,0.0,9e-08,0.0,0.0,0.0,9e-08
1536693188458174456,5120,1536693188457621176,base_link,0.0,0.0,0.0,0.0,-1.0,0.0,0.0,0.0,0.0,0.0,0.0,0.0,0.0,0.161,-0.086,-0.164,1.21846967915e-07,0.0,0.0,0.0,1.21846967915e-07,0.0,0.0,0.0,1.21846967915e-07,0.0392266,0.8041453,10.5715687,9e-08,0.0,0.0,0.0,9e-08,0.0,0.0,0.0,9e-08
1536693188608083544,5121,1536693188606915544,base_link,0.0,0.0,0.0,0.0,-1.0,0.0,0.0,0.0,0.0,0.0,0.0,0.0,0.0,0.086,-0.111,-0.165,1.21846967915e-07,0.0,0.0,0.0,1.21846967915e-07,0.0,0.0,0.0,1.21846967915e-07,0.1176798,0.99047165,10.3362091,9e-08,0.0,0.0,0.0,9e-08,0.0,0.0,0.0,9e-08
1536693188651772568,5122,1536693188651363800,base_link,0.0,0.0,0.0,0.0,-1.0,0.0,0.0,0.0,0.0,0.0,0.0,0.0,0.0,0.074,-0.086,-0.176,1.21846967915e-07,0.0,0.0,0.0,1.21846967915e-07,0.0,0.0,0.0,1.21846967915e-07,0.12748645,0.95124505,10.38524235,9e-08,0.0,0.0,0.0,9e-08,0.0,0.0,0.0,9e-08
1536693188771298008,5123,1536693188770818744,base_link,0.0,0.0,0.0,0.0,-1.0,0.0,0.0,0.0,0.0,0.0,0.0,0.0,0.0,0.068,-0.119,-0.197,1.21846967915e-07,0.0,0.0,0.0,1.21846967915e-07,0.0,0.0,0.0,1.21846967915e-07,0.12748645,0.93163175,10.5519554,9e-08,0.0,0.0,0.0,9e-08,0.0,0.0,0.0,9e-08
1536693188852642840,5124,1536693188852000376,base_link,0.0,0.0,0.0,0.0,-1.0,0.0,0.0,0.0,0.0,0.0,0.0,0.0,0.0,0.085,-0.083,-0.209,1.21846967915e-07,0.0,0.0,0.0,1.21846967915e-07,0.0,0.0,0.0,1.21846967915e-07,0.14709975,0.9218251,10.6304086,9e-08,0.0,0.0,0.0,9e-08,0.0,0.0,0.0,9e-08
1536693188957823576,5125,1536693188956865240,base_link,0.0,0.0,0.0,0.0,-1.0,0.0,0.0,0.0,0.0,0.0,0.0,0.0,0.0,0.084,-0.119,-0.227,1.21846967915e-07,0.0,0.0,0.0,1.21846967915e-07,0.0,0.0,0.0,1.21846967915e-07,0.20593965,0.9414384,10.5127288,9e-08,0.0,0.0,0.0,9e-08,0.0,0.0,0.0,9e-08
1536693189092813400,5126,1536693189092220536,base_link,0.0,0.0,0.0,0.0,-1.0,0.0,0.0,0.0,0.0,0.0,0.0,0.0,0.0,0.082,-0.05,-0.23,1.21846967915e-07,0.0,0.0,0.0,1.21846967915e-07,0.0,0.0,0.0,1.21846967915e-07,0.196133,0.8825985,10.3362091,9e-08,0.0,0.0,0.0,9e-08,0.0,0.0,0.0,9e-08
1536693189220882456,5127,1536693189211994136,base_link,0.0,0.0,0.0,0.0,-1.0,0.0,0.0,0.0,0.0,0.0,0.0,0.0,0.0,0.083,-0.124,-0.227,1.21846967915e-07,0.0,0.0,0.0,1.21846967915e-07,0.0,0.0,0.0,1.21846967915e-07,0.1765197,0.980665,10.0420096,9e-08,0.0,0.0,0.0,9e-08,0.0,0.0,0.0,9e-08
1536693189258712760,5128,1536693189258156056,base_link,0.0,0.0,0.0,0.0,-1.0,0.0,0.0,0.0,0.0,0.0,0.0,0.0,0.0,0.097,-0.13,-0.232,1.21846967915e-07,0.0,0.0,0.0,1.21846967915e-07,0.0,0.0,0.0,1.21846967915e-07,0.14709975,0.9414384,10.36562905,9e-08,0.0,0.0,0.0,9e-08,0.0,0.0,0.0,9e-08
1536693189352238520,5129,1536693189351874872,base_link,0.0,0.0,0.0,0.0,-1.0,0.0,0.0,0.0,0.0,0.0,0.0,0.0,0.0,0.05,-0.118,-0.239,1.21846967915e-07,0.0,0.0,0.0,1.21846967915e-07,0.0,0.0,0.0,1.21846967915e-07,0.20593965,0.95124505,9.81645665,9e-08,0.0,0.0,0.0,9e-08,0.0,0.0,0.0,9e-08
1536693189443532696,5130,1536693189442643256,base_link,0.0,0.0,0.0,0.0,-1.0,0.0,0.0,0.0,0.0,0.0,0.0,0.0,0.0,-0.029,-0.124,-0.227,1.21846967915e-07,0.0,0.0,0.0,1.21846967915e-07,0.0,0.0,0.0,1.21846967915e-07,0.20593965,0.95124505,9.7085835,9e-08,0.0,0.0,0.0,9e-08,0.0,0.0,0.0,9e-08
1536693189577626040,5131,1536693189577052056,base_link,0.0,0.0,0.0,0.0,-1.0,0.0,0.0,0.0,0.0,0.0,0.0,0.0,0.0,-0.029,-0.15,-0.224,1.21846967915e-07,0.0,0.0,0.0,1.21846967915e-07,0.0,0.0,0.0,1.21846967915e-07,0.22555295,0.8237586,9.89490985,9e-08,0.0,0.0,0.0,9e-08,0.0,0.0,0.0,9e-08
1536693189651551896,5132,1536693189651202808,base_link,0.0,0.0,0.0,0.0,-1.0,0.0,0.0,0.0,0.0,0.0,0.0,0.0,0.0,-0.014,-0.116,-0.215,1.21846967915e-07,0.0,0.0,0.0,1.21846967915e-07,0.0,0.0,0.0,1.21846967915e-07,0.3138128,0.91201845,9.95374975,9e-08,0.0,0.0,0.0,9e-08,0.0,0.0,0.0,9e-08
1536693189784365688,5133,1536693189783733496,base_link,0.0,0.0,0.0,0.0,-1.0,0.0,0.0,0.0,0.0,0.0,0.0,0.0,0.0,0.018,-0.191,-0.203,1.21846967915e-07,0.0,0.0,0.0,1.21846967915e-07,0.0,0.0,0.0,1.21846967915e-07,0.4118793,0.97085835,11.0815145,9e-08,0.0,0.0,0.0,9e-08,0.0,0.0,0.0,9e-08
1536693189903350616,5134,1536693189902626360,base_link,0.0,0.0,0.0,0.0,-1.0,0.0,0.0,0.0,0.0,0.0,0.0,0.0,0.0,0.06,-0.208,-0.193,1.21846967915e-07,0.0,0.0,0.0,1.21846967915e-07,0.0,0.0,0.0,1.21846967915e-07,0.4511059,1.0395049,11.56204035,9e-08,0.0,0.0,0.0,9e-08,0.0,0.0,0.0,9e-08
1536693189969260216,5135,1536693189968098136,base_link,0.0,0.0,0.0,0.0,-1.0,0.0,0.0,0.0,0.0,0.0,0.0,0.0,0.0,0.017,-0.188,-0.187,1.21846967915e-07,0.0,0.0,0.0,1.21846967915e-07,0.0,0.0,0.0,1.21846967915e-07,0.5099458,1.08853815,11.81701325,9e-08,0.0,0.0,0.0,9e-08,0.0,0.0,0.0,9e-08
1536693190079983384,5136,1536693190079149080,base_link,0.0,0.0,0.0,0.0,-1.0,0.0,0.0,0.0,0.0,0.0,0.0,0.0,0.0,0.013,-0.142,-0.189,1.21846967915e-07,0.0,0.0,0.0,1.21846967915e-07,0.0,0.0,0.0,1.21846967915e-07,0.61781895,1.2552512,11.85623985,9e-08,0.0,0.0,0.0,9e-08,0.0,0.0,0.0,9e-08
1536693190147501208,5137,1536693190146716664,base_link,0.0,0.0,0.0,0.0,-1.0,0.0,0.0,0.0,0.0,0.0,0.0,0.0,0.0,0.005,-0.141,-0.198,1.21846967915e-07,0.0,0.0,0.0,1.21846967915e-07,0.0,0.0,0.0,1.21846967915e-07,0.53936575,1.16699135,11.42474725,9e-08,0.0,0.0,0.0,9e-08,0.0,0.0,0.0,9e-08
1536693190283052920,5138,1536693190282278904,base_link,0.0,0.0,0.0,0.0,-1.0,0.0,0.0,0.0,0.0,0.0,0.0,0.0,0.0,-0.009,-0.206,-0.224,1.21846967915e-07,0.0,0.0,0.0,1.21846967915e-07,0.0,0.0,0.0,1.21846967915e-07,0.59820565,1.18660465,11.69933345,9e-08,0.0,0.0,0.0,9e-08,0.0,0.0,0.0,9e-08
1536693190368303672,5139,1536693190365743640,base_link,0.0,0.0,0.0,0.0,-1.0,0.0,0.0,0.0,0.0,0.0,0.0,0.0,0.0,-0.015,-0.164,-0.231,1.21846967915e-07,0.0,0.0,0.0,1.21846967915e-07,0.0,0.0,0.0,1.21846967915e-07,0.6080123,1.2552512,11.4149406,9e-08,0.0,0.0,0.0,9e-08,0.0,0.0,0.0,9e-08
1536693190477572504,5140,1536693190476991800,base_link,0.0,0.0,0.0,0.0,-1.0,0.0,0.0,0.0,0.0,0.0,0.0,0.0,0.0,-0.051,-0.175,-0.247,1.21846967915e-07,0.0,0.0,0.0,1.21846967915e-07,0.0,0.0,0.0,1.21846967915e-07,0.6472389,1.176798,11.54242705,9e-08,0.0,0.0,0.0,9e-08,0.0,0.0,0.0,9e-08
1536693190574263608,5141,1536693190573660888,base_link,0.0,0.0,0.0,0.0,-1.0,0.0,0.0,0.0,0.0,0.0,0.0,0.0,0.0,-0.035,-0.148,-0.249,1.21846967915e-07,0.0,0.0,0.0,1.21846967915e-07,0.0,0.0,0.0,1.21846967915e-07,0.6472389,1.2160246,11.3364874,9e-08,0.0,0.0,0.0,9e-08,0.0,0.0,0.0,9e-08
1536693190652063864,5142,1536693190651705496,base_link,0.0,0.0,0.0,0.0,-1.0,0.0,0.0,0.0,0.0,0.0,0.0,0.0,0.0,-0.01,-0.096,-0.252,1.21846967915e-07,0.0,0.0,0.0,1.21846967915e-07,0.0,0.0,0.0,1.21846967915e-07,0.75511205,1.18660465,11.34629405,9e-08,0.0,0.0,0.0,9e-08,0.0,0.0,0.0,9e-08
1536693190759039128,5143,1536693190758547128,base_link,0.0,0.0,0.0,0.0,-1.0,0.0,0.0,0.0,0.0,0.0,0.0,0.0,0.0,0.015,-0.166,-0.249,1.21846967915e-07,0.0,0.0,0.0,1.21846967915e-07,0.0,0.0,0.0,1.21846967915e-07,0.6472389,1.14737805,10.83634825,9e-08,0.0,0.0,0.0,9e-08,0.0,0.0,0.0,9e-08
1536693190848669464,5144,1536693190848113336,base_link,0.0,0.0,0.0,0.0,-1.0,0.0,0.0,0.0,0.0,0.0,0.0,0.0,0.0,-0.008,-0.189,-0.242,1.21846967915e-07,0.0,0.0,0.0,1.21846967915e-07,0.0,0.0,0.0,1.21846967915e-07,0.7060788,1.24544455,11.48358715,9e-08,0.0,0.0,0.0,9e-08,0.0,0.0,0.0,9e-08
1536693190958839288,5145,1536693190958356184,base_link,0.0,0.0,0.0,0.0,-1.0,0.0,0.0,0.0,0.0,0.0,0.0,0.0,0.0,-0.022,-0.236,-0.242,1.21846967915e-07,0.0,0.0,0.0,1.21846967915e-07,0.0,0.0,0.0,1.21846967915e-07,0.8237586,1.0983448,11.99353295,9e-08,0.0,0.0,0.0,9e-08,0.0,0.0,0.0,9e-08
1536693191052757112,5146,1536693191052181112,base_link,0.0,0.0,0.0,0.0,-1.0,0.0,0.0,0.0,0.0,0.0,0.0,0.0,0.0,-0.01,-0.254,-0.232,1.21846967915e-07,0.0,0.0,0.0,1.21846967915e-07,0.0,0.0,0.0,1.21846967915e-07,0.8433719,1.0198916,12.18966595,9e-08,0.0,0.0,0.0,9e-08,0.0,0.0,0.0,9e-08
1536693191153964984,5147,1536693191153240184,base_link,0.0,0.0,0.0,0.0,-1.0,0.0,0.0,0.0,0.0,0.0,0.0,0.0,0.0,0.015,-0.278,-0.215,1.21846967915e-07,0.0,0.0,0.0,1.21846967915e-07,0.0,0.0,0.0,1.21846967915e-07,0.7649187,0.99047165,12.18966595,9e-08,0.0,0.0,0.0,9e-08,0.0,0.0,0.0,9e-08
1536693191255090232,5148,1536693191254730680,base_link,0.0,0.0,0.0,0.0,-1.0,0.0,0.0,0.0,0.0,0.0,0.0,0.0,0.0,0.059,-0.259,-0.2,1.21846967915e-07,0.0,0.0,0.0,1.21846967915e-07,0.0,0.0,0.0,1.21846967915e-07,0.8041453,1.14737805,12.44463885,9e-08,0.0,0.0,0.0,9e-08,0.0,0.0,0.0,9e-08
1536693191361090616,5149,1536693191360315928,base_link,0.0,0.0,0.0,0.0,-1.0,0.0,0.0,0.0,0.0,0.0,0.0,0.0,0.0,0.051,-0.285,-0.195,1.21846967915e-07,0.0,0.0,0.0,1.21846967915e-07,0.0,0.0,0.0,1.21846967915e-07,0.9414384,1.14737805,12.87613145,9e-08,0.0,0.0,0.0,9e-08,0.0,0.0,0.0,9e-08
1536693191456221752,5150,1536693191455663448,base_link,0.0,0.0,0.0,0.0,-1.0,0.0,0.0,0.0,0.0,0.0,0.0,0.0,0.0,0.054,-0.263,-0.192,1.21846967915e-07,0.0,0.0,0.0,1.21846967915e-07,0.0,0.0,0.0,1.21846967915e-07,0.97085835,1.176798,12.552512,9e-08,0.0,0.0,0.0,9e-08,0.0,0.0,0.0,9e-08
1536693191558033272,5151,1536693191557363640,base_link,0.0,0.0,0.0,0.0,-1.0,0.0,0.0,0.0,0.0,0.0,0.0,0.0,0.0,0.014,-0.266,-0.197,1.21846967915e-07,0.0,0.0,0.0,1.21846967915e-07,0.0,0.0,0.0,1.21846967915e-07,1.01008495,1.36312435,12.66038515,9e-08,0.0,0.0,0.0,9e-08,0.0,0.0,0.0,9e-08
1536693191629736600,5152,1536693191628984024,base_link,0.0,0.0,0.0,0.0,-1.0,0.0,0.0,0.0,0.0,0.0,0.0,0.0,0.0,0.019,-0.261,-0.206,1.21846967915e-07,0.0,0.0,0.0,1.21846967915e-07,0.0,0.0,0.0,1.21846967915e-07,1.04931155,1.4709975,12.93497135,9e-08,0.0,0.0,0.0,9e-08,0.0,0.0,0.0,9e-08
1536693191758319608,5153,1536693191757869016,base_link,0.0,0.0,0.0,0.0,-1.0,0.0,0.0,0.0,0.0,0.0,0.0,0.0,0.0,-0.11,-0.211,-0.216,1.21846967915e-07,0.0,0.0,0.0,1.21846967915e-07,0.0,0.0,0.0,1.21846967915e-07,1.0787315,1.53964405,12.7878716,9e-08,0.0,0.0,0.0,9e-08,0.0,0.0,0.0,9e-08
1536693191866631448,5154,1536693191866055960,base_link,0.0,0.0,0.0,0.0,-1.0,0.0,0.0,0.0,0.0,0.0,0.0,0.0,0.0,-0.187,-0.21,-0.246,1.21846967915e-07,0.0,0.0,0.0,1.21846967915e-07,0.0,0.0,0.0,1.21846967915e-07,1.06892485,1.52003075,12.6701918,9e-08,0.0,0.0,0.0,9e-08,0.0,0.0,0.0,9e-08
1536693191955342232,5155,1536693191953199704,base_link,0.0,0.0,0.0,0.0,-1.0,0.0,0.0,0.0,0.0,0.0,0.0,0.0,0.0,-0.237,-0.167,-0.251,1.21846967915e-07,0.0,0.0,0.0,1.21846967915e-07,0.0,0.0,0.0,1.21846967915e-07,1.12776475,1.4513842,12.4152189,9e-08,0.0,0.0,0.0,9e-08,0.0,0.0,0.0,9e-08
1536693192055547128,5156,1536693192055183128,base_link,0.0,0.0,0.0,0.0,-1.0,0.0,0.0,0.0,0.0,0.0,0.0,0.0,0.0,-0.244,-0.117,-0.266,1.21846967915e-07,0.0,0.0,0.0,1.21846967915e-07,0.0,0.0,0.0,1.21846967915e-07,1.08853815,1.5102241,12.60154525,9e-08,0.0,0.0,0.0,9e-08,0.0,0.0,0.0,9e-08
1536693192175972760,5157,1536693192175497528,base_link,0.0,0.0,0.0,0.0,-1.0,0.0,0.0,0.0,0.0,0.0,0.0,0.0,0.0,-0.202,-0.104,-0.279,1.21846967915e-07,0.0,0.0,0.0,1.21846967915e-07,0.0,0.0,0.0,1.21846967915e-07,1.14737805,1.2552512,12.6309652,9e-08,0.0,0.0,0.0,9e-08,0.0,0.0,0.0,9e-08
1536693192254639096,5158,1536693192252918552,base_link,0.0,0.0,0.0,0.0,-1.0,0.0,0.0,0.0,0.0,0.0,0.0,0.0,0.0,-0.2,-0.071,-0.284,1.21846967915e-07,0.0,0.0,0.0,1.21846967915e-07,0.0,0.0,0.0,1.21846967915e-07,1.04931155,1.2160246,12.160246,9e-08,0.0,0.0,0.0,9e-08,0.0,0.0,0.0,9e-08
1536693192372747448,5159,1536693192371876056,base_link,0.0,0.0,0.0,0.0,-1.0,0.0,0.0,0.0,0.0,0.0,0.0,0.0,0.0,-0.254,-0.082,-0.247,1.21846967915e-07,0.0,0.0,0.0,1.21846967915e-07,0.0,0.0,0.0,1.21846967915e-07,0.8825985,1.32389775,11.6110736,9e-08,0.0,0.0,0.0,9e-08,0.0,0.0,0.0,9e-08
1536693192449766104,5160,1536693192445752824,base_link,0.0,0.0,0.0,0.0,-1.0,0.0,0.0,0.0,0.0,0.0,0.0,0.0,0.0,-0.37,-0.044,-0.239,1.21846967915e-07,0.0,0.0,0.0,1.21846967915e-07,0.0,0.0,0.0,1.21846967915e-07,0.7649187,1.26505785,10.8069283,9e-08,0.0,0.0,0.0,9e-08,0.0,0.0,0.0,9e-08
1536693192569233176,5161,1536693192568864344,base_link,0.0,0.0,0.0,0.0,-1.0,0.0,0.0,0.0,0.0,0.0,0.0,0.0,0.0,-0.371,-0.085,-0.233,1.21846967915e-07,0.0,0.0,0.0,1.21846967915e-07,0.0,0.0,0.0,1.21846967915e-07,0.6864655,1.12776475,10.32640245,9e-08,0.0,0.0,0.0,9e-08,0.0,0.0,0.0,9e-08
1536693192661863768,5162,1536693192661397176,base_link,0.0,0.0,0.0,0.0,-1.0,0.0,0.0,0.0,0.0,0.0,0.0,0.0,0.0,-0.347,-0.036,-0.227,1.21846967915e-07,0.0,0.0,0.0,1.21846967915e-07,0.0,0.0,0.0,1.21846967915e-07,0.65704555,0.9414384,10.3558224,9e-08,0.0,0.0,0.0,9e-08,0.0,0.0,0.0,9e-08
1536693192804784728,5163,1536693192803580440,base_link,0.0,0.0,0.0,0.0,-1.0,0.0,0.0,0.0,0.0,0.0,0.0,0.0,0.0,-0.395,-0.03,-0.2,1.21846967915e-07,0.0,0.0,0.0,1.21846967915e-07,0.0,0.0,0.0,1.21846967915e-07,0.5491724,0.7256921,9.8262633,9e-08,0.0,0.0,0.0,9e-08,0.0,0.0,0.0,9e-08
1536693192859325144,5164,1536693192858347032,base_link,0.0,0.0,0.0,0.0,-1.0,0.0,0.0,0.0,0.0,0.0,0.0,0.0,0.0,-0.369,-0.021,-0.19,1.21846967915e-07,0.0,0.0,0.0,1.21846967915e-07,0.0,0.0,0.0,1.21846967915e-07,0.588399,0.7453054,9.7085835,9e-08,0.0,0.0,0.0,9e-08,0.0,0.0,0.0,9e-08
1536693192971265816,5165,1536693192968793656,base_link,0.0,0.0,0.0,0.0,-1.0,0.0,0.0,0.0,0.0,0.0,0.0,0.0,0.0,-0.292,-0.043,-0.143,1.21846967915e-07,0.0,0.0,0.0,1.21846967915e-07,0.0,0.0,0.0,1.21846967915e-07,0.6080123,0.71588545,9.97336305,9e-08,0.0,0.0,0.0,9e-08,0.0,0.0,0.0,9e-08
1536693193056505368,5166,1536693193055806872,base_link,0.0,0.0,0.0,0.0,-1.0,0.0,0.0,0.0,0.0,0.0,0.0,0.0,0.0,-0.303,-0.035,-0.107,1.21846967915e-07,0.0,0.0,0.0,1.21846967915e-07,0.0,0.0,0.0,1.21846967915e-07,0.5491724,0.91201845,9.65955025,9e-08,0.0,0.0,0.0,9e-08,0.0,0.0,0.0,9e-08
1536693193166936632,5167,1536693193166441112,base_link,0.0,0.0,0.0,0.0,-1.0,0.0,0.0,0.0,0.0,0.0,0.0,0.0,0.0,-0.298,-0.038,-0.098,1.21846967915e-07,0.0,0.0,0.0,1.21846967915e-07,0.0,0.0,0.0,1.21846967915e-07,0.50013915,0.9414384,9.9831697,9e-08,0.0,0.0,0.0,9e-08,0.0,0.0,0.0,9e-08
1536693193284993432,5168,1536693193284533240,base_link,0.0,0.0,0.0,0.0,-1.0,0.0,0.0,0.0,0.0,0.0,0.0,0.0,0.0,-0.301,-0.009,-0.106,1.21846967915e-07,0.0,0.0,0.0,1.21846967915e-07,0.0,0.0,0.0,1.21846967915e-07,0.46091255,0.8237586,10.01258965,9e-08,0.0,0.0,0.0,9e-08,0.0,0.0,0.0,9e-08
1536693193354881080,5169,1536693193353898584,base_link,0.0,0.0,0.0,0.0,-1.0,0.0,0.0,0.0,0.0,0.0,0.0,0.0,0.0,-0.287,-0.021,-0.104,1.21846967915e-07,0.0,0.0,0.0,1.21846967915e-07,0.0,0.0,0.0,1.21846967915e-07,0.50013915,0.784532,10.1008495,9e-08,0.0,0.0,0.0,9e-08,0.0,0.0,0.0,9e-08
1536693193460622808,5170,1536693193458915160,base_link,0.0,0.0,0.0,0.0,-1.0,0.0,0.0,0.0,0.0,0.0,0.0,0.0,0.0,-0.288,-0.044,-0.078,1.21846967915e-07,0.0,0.0,0.0,1.21846967915e-07,0.0,0.0,0.0,1.21846967915e-07,0.5295591,0.784532,10.0812362,9e-08,0.0,0.0,0.0,9e-08,0.0,0.0,0.0,9e-08
1536693193558774328,5171,1536693193558276792,base_link,0.0,0.0,0.0,0.0,-1.0,0.0,0.0,0.0,0.0,0.0,0.0,0.0,0.0,-0.273,-0.008,-0.061,1.21846967915e-07,0.0,0.0,0.0,1.21846967915e-07,0.0,0.0,0.0,1.21846967915e-07,0.46091255,0.7060788,10.26756255,9e-08,0.0,0.0,0.0,9e-08,0.0,0.0,0.0,9e-08
1536693193685307768,5172,1536693193684744696,base_link,0.0,0.0,0.0,0.0,-1.0,0.0,0.0,0.0,0.0,0.0,0.0,0.0,0.0,-0.197,-0.001,-0.029,1.21846967915e-07,0.0,0.0,0.0,1.21846967915e-07,0.0,0.0,0.0,1.21846967915e-07,0.4903325,0.61781895,9.9047165,9e-08,0.0,0.0,0.0,9e-08,0.0,0.0,0.0,9e-08
1536693193767381112,5173,1536693193766766968,base_link,0.0,0.0,0.0,0.0,-1.0,0.0,0.0,0.0,0.0,0.0,0.0,0.0,0.0,-0.088,0.03,-0.031,1.21846967915e-07,0.0,0.0,0.0,1.21846967915e-07,0.0,0.0,0.0,1.21846967915e-07,0.50013915,0.48052585,10.13026945,9e-08,0.0,0.0,0.0,9e-08,0.0,0.0,0.0,9e-08
1536693193865541880,5174,1536693193865138328,base_link,0.0,0.0,0.0,0.0,-1.0,0.0,0.0,0.0,0.0,0.0,0.0,0.0,0.0,-0.065,0.03,0.008,1.21846967915e-07,0.0,0.0,0.0,1.21846967915e-07,0.0,0.0,0.0,1.21846967915e-07,0.5295591,0.42168595,9.95374975,9e-08,0.0,0.0,0.0,9e-08,0.0,0.0,0.0,9e-08
1536693193972278552,5175,1536693193971588664,base_link,0.0,0.0,0.0,0.0,-1.0,0.0,0.0,0.0,0.0,0.0,0.0,0.0,0.0,-0.087,0.052,0.06,1.21846967915e-07,0.0,0.0,0.0,1.21846967915e-07,0.0,0.0,0.0,1.21846967915e-07,0.55897905,0.57859235,10.1793027,9e-08,0.0,0.0,0.0,9e-08,0.0,0.0,0.0,9e-08
1536693194058355480,5176,1536693194054906264,base_link,0.0,0.0,0.0,0.0,-1.0,0.0,0.0,0.0,0.0,0.0,0.0,0.0,0.0,-0.108,0.057,0.072,1.21846967915e-07,0.0,0.0,0.0,1.21846967915e-07,0.0,0.0,0.0,1.21846967915e-07,0.50013915,0.6668522,9.79684335,9e-08,0.0,0.0,0.0,9e-08,0.0,0.0,0.0,9e-08
1536693194177531288,5177,1536693194175286040,base_link,0.0,0.0,0.0,0.0,-1.0,0.0,0.0,0.0,0.0,0.0,0.0,0.0,0.0,-0.067,0.08,0.064,1.21846967915e-07,0.0,0.0,0.0,1.21846967915e-07,0.0,0.0,0.0,1.21846967915e-07,0.4707192,0.77472535,8.89463155,9e-08,0.0,0.0,0.0,9e-08,0.0,0.0,0.0,9e-08
1536693194294596664,5178,1536693194293844952,base_link,0.0,0.0,0.0,0.0,-1.0,0.0,0.0,0.0,0.0,0.0,0.0,0.0,0.0,-0.11,0.096,0.04,1.21846967915e-07,0.0,0.0,0.0,1.21846967915e-07,0.0,0.0,0.0,1.21846967915e-07,0.42168595,0.77472535,9.0809579,9e-08,0.0,0.0,0.0,9e-08,0.0,0.0,0.0,9e-08
1536693194358041624,5179,1536693194357459800,base_link,0.0,0.0,0.0,0.0,-1.0,0.0,0.0,0.0,0.0,0.0,0.0,0.0,0.0,-0.096,0.105,0.026,1.21846967915e-07,0.0,0.0,0.0,1.21846967915e-07,0.0,0.0,0.0,1.21846967915e-07,0.392266,0.7649187,8.73772515,9e-08,0.0,0.0,0.0,9e-08,0.0,0.0,0.0,9e-08
1536693194463330008,5180,1536693194462853176,base_link,0.0,0.0,0.0,0.0,-1.0,0.0,0.0,0.0,0.0,0.0,0.0,0.0,0.0,-0.054,0.076,0.016,1.21846967915e-07,0.0,0.0,0.0,1.21846967915e-07,0.0,0.0,0.0,1.21846967915e-07,0.38245935,0.83356525,8.58081875,9e-08,0.0,0.0,0.0,9e-08,0.0,0.0,0.0,9e-08
1536693194572035704,5181,1536693194570036504,base_link,0.0,0.0,0.0,0.0,-1.0,0.0,0.0,0.0,0.0,0.0,0.0,0.0,0.0,-0.008,0.026,-0.012,1.21846967915e-07,0.0,0.0,0.0,1.21846967915e-07,0.0,0.0,0.0,1.21846967915e-07,0.42168595,0.7453054,9.5712904,9e-08,0.0,0.0,0.0,9e-08,0.0,0.0,0.0,9e-08
1536693194710226968,5182,1536693194709641016,base_link,0.0,0.0,0.0,0.0,-1.0,0.0,0.0,0.0,0.0,0.0,0.0,0.0,0.0,-0.022,0.026,-0.008,1.21846967915e-07,0.0,0.0,0.0,1.21846967915e-07,0.0,0.0,0.0,1.21846967915e-07,0.42168595,0.59820565,9.24767095,9e-08,0.0,0.0,0.0,9e-08,0.0,0.0,0.0,9e-08
1536693194790110200,5183,1536693194789661016,base_link,0.0,0.0,0.0,0.0,-1.0,0.0,0.0,0.0,0.0,0.0,0.0,0.0,0.0,0.038,0.036,-0.005,1.21846967915e-07,0.0,0.0,0.0,1.21846967915e-07,0.0,0.0,0.0,1.21846967915e-07,0.34323275,0.53936575,8.7867584,9e-08,0.0,0.0,0.0,9e-08,0.0,0.0,0.0,9e-08
1536693194860164984,5184,1536693194855128088,base_link,0.0,0.0,0.0,0.0,-1.0,0.0,0.0,0.0,0.0,0.0,0.0,0.0,0.0,0.066,0.034,0.002,1.21846967915e-07,0.0,0.0,0.0,1.21846967915e-07,0.0,0.0,0.0,1.21846967915e-07,0.3530394,0.5295591,8.7475318,9e-08,0.0,0.0,0.0,9e-08,0.0,0.0,0.0,9e-08
1536693194962210680,5185,1536693194961692440,base_link,0.0,0.0,0.0,0.0,-1.0,0.0,0.0,0.0,0.0,0.0,0.0,0.0,0.0,-0.019,0.067,0.024,1.21846967915e-07,0.0,0.0,0.0,1.21846967915e-07,0.0,0.0,0.0,1.21846967915e-07,0.3138128,0.4707192,8.5317855,9e-08,0.0,0.0,0.0,9e-08,0.0,0.0,0.0,9e-08
1536693195055531160,5186,1536693195054648440,base_link,0.0,0.0,0.0,0.0,-1.0,0.0,0.0,0.0,0.0,0.0,0.0,0.0,0.0,-0.034,0.068,0.04,1.21846967915e-07,0.0,0.0,0.0,1.21846967915e-07,0.0,0.0,0.0,1.21846967915e-07,0.40207265,0.53936575,8.7279185,9e-08,0.0,0.0,0.0,9e-08,0.0,0.0,0.0,9e-08
1536693195162666040,5187,1536693195159915864,base_link,0.0,0.0,0.0,0.0,-1.0,0.0,0.0,0.0,0.0,0.0,0.0,0.0,0.0,-0.02,0.084,0.052,1.21846967915e-07,0.0,0.0,0.0,1.21846967915e-07,0.0,0.0,0.0,1.21846967915e-07,0.4511059,0.59820565,8.93385815,9e-08,0.0,0.0,0.0,9e-08,0.0,0.0,0.0,9e-08
1536693195303671096,5188,1536693195302917656,base_link,0.0,0.0,0.0,0.0,-1.0,0.0,0.0,0.0,0.0,0.0,0.0,0.0,0.0,-0.036,0.014,0.061,1.21846967915e-07,0.0,0.0,0.0,1.21846967915e-07,0.0,0.0,0.0,1.21846967915e-07,0.53936575,0.5687857,9.5124505,9e-08,0.0,0.0,0.0,9e-08,0.0,0.0,0.0,9e-08
1536693195393654616,5189,1536693195392897816,base_link,0.0,0.0,0.0,0.0,-1.0,0.0,0.0,0.0,0.0,0.0,0.0,0.0,0.0,-0.094,-0.012,0.07,1.21846967915e-07,0.0,0.0,0.0,1.21846967915e-07,0.0,0.0,0.0,1.21846967915e-07,0.59820565,0.63743225,9.8851032,9e-08,0.0,0.0,0.0,9e-08,0.0,0.0,0.0,9e-08
1536693195483347288,5190,1536693195483016440,base_link,0.0,0.0,0.0,0.0,-1.0,0.0,0.0,0.0,0.0,0.0,0.0,0.0,0.0,-0.065,0.032,0.072,1.21846967915e-07,0.0,0.0,0.0,1.21846967915e-07,0.0,0.0,0.0,1.21846967915e-07,0.4707192,0.63743225,8.83579165,9e-08,0.0,0.0,0.0,9e-08,0.0,0.0,0.0,9e-08
1536693195574381464,5191,1536693195573984120,base_link,0.0,0.0,0.0,0.0,-1.0,0.0,0.0,0.0,0.0,0.0,0.0,0.0,0.0,0.013,0.035,0.064,1.21846967915e-07,0.0,0.0,0.0,1.21846967915e-07,0.0,0.0,0.0,1.21846967915e-07,0.50013915,0.7256921,8.9632781,9e-08,0.0,0.0,0.0,9e-08,0.0,0.0,0.0,9e-08
1536693195663628312,5192,1536693195663221240,base_link,0.0,0.0,0.0,0.0,-1.0,0.0,0.0,0.0,0.0,0.0,0.0,0.0,0.0,0.003,0.066,0.06,1.21846967915e-07,0.0,0.0,0.0,1.21846967915e-07,0.0,0.0,0.0,1.21846967915e-07,0.5099458,0.69627215,8.8063717,9e-08,0.0,0.0,0.0,9e-08,0.0,0.0,0.0,9e-08
1536693195791005720,5193,1536693195790516088,base_link,0.0,0.0,0.0,0.0,-1.0,0.0,0.0,0.0,0.0,0.0,0.0,0.0,0.0,0.0,0.027,0.046,1.21846967915e-07,0.0,0.0,0.0,1.21846967915e-07,0.0,0.0,0.0,1.21846967915e-07,0.5099458,0.69627215,8.91424485,9e-08,0.0,0.0,0.0,9e-08,0.0,0.0,0.0,9e-08
1536693195882200248,5194,1536693195881755192,base_link,0.0,0.0,0.0,0.0,-1.0,0.0,0.0,0.0,0.0,0.0,0.0,0.0,0.0,0.046,0.021,0.029,1.21846967915e-07,0.0,0.0,0.0,1.21846967915e-07,0.0,0.0,0.0,1.21846967915e-07,0.4511059,0.7060788,9.36535075,9e-08,0.0,0.0,0.0,9e-08,0.0,0.0,0.0,9e-08
1536693195987693880,5195,1536693195983910392,base_link,0.0,0.0,0.0,0.0,-1.0,0.0,0.0,0.0,0.0,0.0,0.0,0.0,0.0,0.066,0.021,0.021,1.21846967915e-07,0.0,0.0,0.0,1.21846967915e-07,0.0,0.0,0.0,1.21846967915e-07,0.6080123,0.6472389,9.4536106,9e-08,0.0,0.0,0.0,9e-08,0.0,0.0,0.0,9e-08
1536693196059564280,5196,1536693196056685592,base_link,0.0,0.0,0.0,0.0,-1.0,0.0,0.0,0.0,0.0,0.0,0.0,0.0,0.0,0.084,-0.004,0.017,1.21846967915e-07,0.0,0.0,0.0,1.21846967915e-07,0.0,0.0,0.0,1.21846967915e-07,0.61781895,0.7256921,9.7478101,9e-08,0.0,0.0,0.0,9e-08,0.0,0.0,0.0,9e-08
1536693196155597400,5197,1536693196154522808,base_link,0.0,0.0,0.0,0.0,-1.0,0.0,0.0,0.0,0.0,0.0,0.0,0.0,0.0,0.045,-0.014,0.02,1.21846967915e-07,0.0,0.0,0.0,1.21846967915e-07,0.0,0.0,0.0,1.21846967915e-07,0.6080123,0.65704555,10.05181625,9e-08,0.0,0.0,0.0,9e-08,0.0,0.0,0.0,9e-08
1536693196261673784,5198,1536693196259977144,base_link,0.0,0.0,0.0,0.0,-1.0,0.0,0.0,0.0,0.0,0.0,0.0,0.0,0.0,0.017,-0.01,0.033,1.21846967915e-07,0.0,0.0,0.0,1.21846967915e-07,0.0,0.0,0.0,1.21846967915e-07,0.588399,0.588399,10.26756255,9e-08,0.0,0.0,0.0,9e-08,0.0,0.0,0.0,9e-08
1536693196366615960,5199,1536693196365641400,base_link,0.0,0.0,0.0,0.0,-1.0,0.0,0.0,0.0,0.0,0.0,0.0,0.0,0.0,0.028,0.039,0.036,1.21846967915e-07,0.0,0.0,0.0,1.21846967915e-07,0.0,0.0,0.0,1.21846967915e-07,0.588399,0.73549875,10.0616229,9e-08,0.0,0.0,0.0,9e-08,0.0,0.0,0.0,9e-08
1536693196450142360,5200,1536693196449665944,base_link,0.0,0.0,0.0,0.0,-1.0,0.0,0.0,0.0,0.0,0.0,0.0,0.0,0.0,0.04,0.05,0.028,1.21846967915e-07,0.0,0.0,0.0,1.21846967915e-07,0.0,0.0,0.0,1.21846967915e-07,0.5491724,0.73549875,9.7085835,9e-08,0.0,0.0,0.0,9e-08,0.0,0.0,0.0,9e-08
1536693196543780344,5201,1536693196540828760,base_link,0.0,0.0,0.0,0.0,-1.0,0.0,0.0,0.0,0.0,0.0,0.0,0.0,0.0,0.026,0.06,0.031,1.21846967915e-07,0.0,0.0,0.0,1.21846967915e-07,0.0,0.0,0.0,1.21846967915e-07,0.5687857,0.69627215,9.3751574,9e-08,0.0,0.0,0.0,9e-08,0.0,0.0,0.0,9e-08
1536693196636814424,5202,1536693196635604376,base_link,0.0,0.0,0.0,0.0,-1.0,0.0,0.0,0.0,0.0,0.0,0.0,0.0,0.0,0.037,0.028,0.024,1.21846967915e-07,0.0,0.0,0.0,1.21846967915e-07,0.0,0.0,0.0,1.21846967915e-07,0.5295591,0.73549875,9.73800345,9e-08,0.0,0.0,0.0,9e-08,0.0,0.0,0.0,9e-08
1536693196770317176,5203,1536693196769640824,base_link,0.0,0.0,0.0,0.0,-1.0,0.0,0.0,0.0,0.0,0.0,0.0,0.0,0.0,0.05,0.003,0.02,1.21846967915e-07,0.0,0.0,0.0,1.21846967915e-07,0.0,0.0,0.0,1.21846967915e-07,0.51975245,0.71588545,9.7281968,9e-08,0.0,0.0,0.0,9e-08,0.0,0.0,0.0,9e-08
1536693196856889016,5204,1536693196855547864,base_link,0.0,0.0,0.0,0.0,-1.0,0.0,0.0,0.0,0.0,0.0,0.0,0.0,0.0,0.049,-0.03,0.016,1.21846967915e-07,0.0,0.0,0.0,1.21846967915e-07,0.0,0.0,0.0,1.21846967915e-07,0.5491724,0.73549875,9.93413645,9e-08,0.0,0.0,0.0,9e-08,0.0,0.0,0.0,9e-08
1536693196955434936,5205,1536693196954826936,base_link,0.0,0.0,0.0,0.0,-1.0,0.0,0.0,0.0,0.0,0.0,0.0,0.0,0.0,0.056,-0.038,0.012,1.21846967915e-07,0.0,0.0,0.0,1.21846967915e-07,0.0,0.0,0.0,1.21846967915e-07,0.6080123,0.67665885,10.0223963,9e-08,0.0,0.0,0.0,9e-08,0.0,0.0,0.0,9e-08
1536693197047792184,5206,1536693197043487512,base_link,0.0,0.0,0.0,0.0,-1.0,0.0,0.0,0.0,0.0,0.0,0.0,0.0,0.0,0.058,-0.009,0.016,1.21846967915e-07,0.0,0.0,0.0,1.21846967915e-07,0.0,0.0,0.0,1.21846967915e-07,0.6080123,0.7060788,9.9047165,9e-08,0.0,0.0,0.0,9e-08,0.0,0.0,0.0,9e-08
1536693197180927704,5207,1536693197179894520,base_link,0.0,0.0,0.0,0.0,-1.0,0.0,0.0,0.0,0.0,0.0,0.0,0.0,0.0,0.035,0.008,0.016,1.21846967915e-07,0.0,0.0,0.0,1.21846967915e-07,0.0,0.0,0.0,1.21846967915e-07,0.61781895,0.73549875,9.73800345,9e-08,0.0,0.0,0.0,9e-08,0.0,0.0,0.0,9e-08
1536693197284418744,5208,1536693197284034424,base_link,0.0,0.0,0.0,0.0,-1.0,0.0,0.0,0.0,0.0,0.0,0.0,0.0,0.0,0.054,0.029,0.016,1.21846967915e-07,0.0,0.0,0.0,1.21846967915e-07,0.0,0.0,0.0,1.21846967915e-07,0.4511059,0.63743225,9.62032365,9e-08,0.0,0.0,0.0,9e-08,0.0,0.0,0.0,9e-08
1536693197377623000,5209,1536693197377040856,base_link,0.0,0.0,0.0,0.0,-1.0,0.0,0.0,0.0,0.0,0.0,0.0,0.0,0.0,0.073,0.024,0.014,1.21846967915e-07,0.0,0.0,0.0,1.21846967915e-07,0.0,0.0,0.0,1.21846967915e-07,0.50013915,0.63743225,9.67916355,9e-08,0.0,0.0,0.0,9e-08,0.0,0.0,0.0,9e-08
1536693197454128024,5210,1536693197453691224,base_link,0.0,0.0,0.0,0.0,-1.0,0.0,0.0,0.0,0.0,0.0,0.0,0.0,0.0,0.06,-0.011,0.02,1.21846967915e-07,0.0,0.0,0.0,1.21846967915e-07,0.0,0.0,0.0,1.21846967915e-07,0.5099458,0.63743225,9.7085835,9e-08,0.0,0.0,0.0,9e-08,0.0,0.0,0.0,9e-08
1536693197583098168,5211,1536693197582656856,base_link,0.0,0.0,0.0,0.0,-1.0,0.0,0.0,0.0,0.0,0.0,0.0,0.0,0.0,0.083,-0.027,0.025,1.21846967915e-07,0.0,0.0,0.0,1.21846967915e-07,0.0,0.0,0.0,1.21846967915e-07,0.57859235,0.6668522,10.16949605,9e-08,0.0,0.0,0.0,9e-08,0.0,0.0,0.0,9e-08
1536693197652388120,5212,1536693197651648472,base_link,0.0,0.0,0.0,0.0,-1.0,0.0,0.0,0.0,0.0,0.0,0.0,0.0,0.0,0.096,-0.046,0.027,1.21846967915e-07,0.0,0.0,0.0,1.21846967915e-07,0.0,0.0,0.0,1.21846967915e-07,0.61781895,0.588399,10.32640245,9e-08,0.0,0.0,0.0,9e-08,0.0,0.0,0.0,9e-08
1536693197751320184,5213,1536693197750830392,base_link,0.0,0.0,0.0,0.0,-1.0,0.0,0.0,0.0,0.0,0.0,0.0,0.0,0.0,0.087,-0.055,0.032,1.21846967915e-07,0.0,0.0,0.0,1.21846967915e-07,0.0,0.0,0.0,1.21846967915e-07,0.6864655,0.6864655,10.5323421,9e-08,0.0,0.0,0.0,9e-08,0.0,0.0,0.0,9e-08
1536693197843798648,5214,1536693197842284376,base_link,0.0,0.0,0.0,0.0,-1.0,0.0,0.0,0.0,0.0,0.0,0.0,0.0,0.0,0.045,-0.013,0.033,1.21846967915e-07,0.0,0.0,0.0,1.21846967915e-07,0.0,0.0,0.0,1.21846967915e-07,0.7060788,0.7060788,10.81673495,9e-08,0.0,0.0,0.0,9e-08,0.0,0.0,0.0,9e-08
1536693197950443992,5215,1536693197949982808,base_link,0.0,0.0,0.0,0.0,-1.0,0.0,0.0,0.0,0.0,0.0,0.0,0.0,0.0,-0.002,-0.02,0.037,1.21846967915e-07,0.0,0.0,0.0,1.21846967915e-07,0.0,0.0,0.0,1.21846967915e-07,0.7060788,0.87279185,10.2381426,9e-08,0.0,0.0,0.0,9e-08,0.0,0.0,0.0,9e-08
1536693198059361016,5216,1536693198057569912,base_link,0.0,0.0,0.0,0.0,-1.0,0.0,0.0,0.0,0.0,0.0,0.0,0.0,0.0,-0.016,-0.072,0.034,1.21846967915e-07,0.0,0.0,0.0,1.21846967915e-07,0.0,0.0,0.0,1.21846967915e-07,0.7060788,0.8629852,10.3165958,9e-08,0.0,0.0,0.0,9e-08,0.0,0.0,0.0,9e-08
1536693198161200408,5217,1536693198160053624,base_link,0.0,0.0,0.0,0.0,-1.0,0.0,0.0,0.0,0.0,0.0,0.0,0.0,0.0,-0.028,-0.088,0.023,1.21846967915e-07,0.0,0.0,0.0,1.21846967915e-07,0.0,0.0,0.0,1.21846967915e-07,0.7060788,0.85317855,10.65982855,9e-08,0.0,0.0,0.0,9e-08,0.0,0.0,0.0,9e-08
1536693198250619992,5218,1536693198250225368,base_link,0.0,0.0,0.0,0.0,-1.0,0.0,0.0,0.0,0.0,0.0,0.0,0.0,0.0,-0.021,-0.096,0.013,1.21846967915e-07,0.0,0.0,0.0,1.21846967915e-07,0.0,0.0,0.0,1.21846967915e-07,0.73549875,0.95124505,10.81673495,9e-08,0.0,0.0,0.0,9e-08,0.0,0.0,0.0,9e-08
1536693198363602904,5219,1536693198362770680,base_link,0.0,0.0,0.0,0.0,-1.0,0.0,0.0,0.0,0.0,0.0,0.0,0.0,0.0,-0.022,-0.075,0.004,1.21846967915e-07,0.0,0.0,0.0,1.21846967915e-07,0.0,0.0,0.0,1.21846967915e-07,0.7453054,0.85317855,10.99325465,9e-08,0.0,0.0,0.0,9e-08,0.0,0.0,0.0,9e-08
1536693198455537048,5220,1536693198454942616,base_link,0.0,0.0,0.0,0.0,-1.0,0.0,0.0,0.0,0.0,0.0,0.0,0.0,0.0,-0.044,-0.01,-0.004,1.21846967915e-07,0.0,0.0,0.0,1.21846967915e-07,0.0,0.0,0.0,1.21846967915e-07,0.85317855,0.9022118,10.83634825,9e-08,0.0,0.0,0.0,9e-08,0.0,0.0,0.0,9e-08
1536693198553430616,5221,1536693198552533304,base_link,0.0,0.0,0.0,0.0,-1.0,0.0,0.0,0.0,0.0,0.0,0.0,0.0,0.0,-0.037,-0.001,-0.011,1.21846967915e-07,0.0,0.0,0.0,1.21846967915e-07,0.0,0.0,0.0,1.21846967915e-07,0.7453054,0.8433719,10.4342756,9e-08,0.0,0.0,0.0,9e-08,0.0,0.0,0.0,9e-08
1536693198656681208,5222,1536693198653784536,base_link,0.0,0.0,0.0,0.0,-1.0,0.0,0.0,0.0,0.0,0.0,0.0,0.0,0.0,-0.012,-0.01,-0.018,1.21846967915e-07,0.0,0.0,0.0,1.21846967915e-07,0.0,0.0,0.0,1.21846967915e-07,0.67665885,0.81395195,10.3362091,9e-08,0.0,0.0,0.0,9e-08,0.0,0.0,0.0,9e-08
1536693198758335512,5223,1536693198757115224,base_link,0.0,0.0,0.0,0.0,-1.0,0.0,0.0,0.0,0.0,0.0,0.0,0.0,0.0,0.009,-0.021,-0.014,1.21846967915e-07,0.0,0.0,0.0,1.21846967915e-07,0.0,0.0,0.0,1.21846967915e-07,0.7453054,0.8825985,10.3558224,9e-08,0.0,0.0,0.0,9e-08,0.0,0.0,0.0,9e-08
1536693198853602264,5224,1536693198853150136,base_link,0.0,0.0,0.0,0.0,-1.0,0.0,0.0,0.0,0.0,0.0,0.0,0.0,0.0,0.003,-0.024,-0.009,1.21846967915e-07,0.0,0.0,0.0,1.21846967915e-07,0.0,0.0,0.0,1.21846967915e-07,0.69627215,0.77472535,10.38524235,9e-08,0.0,0.0,0.0,9e-08,0.0,0.0,0.0,9e-08
1536693198981223416,5225,1536693198980696568,base_link,0.0,0.0,0.0,0.0,-1.0,0.0,0.0,0.0,0.0,0.0,0.0,0.0,0.0,0.0,-0.026,-0.002,1.21846967915e-07,0.0,0.0,0.0,1.21846967915e-07,0.0,0.0,0.0,1.21846967915e-07,0.7649187,0.83356525,10.24794925,9e-08,0.0,0.0,0.0,9e-08,0.0,0.0,0.0,9e-08
1536693199068244952,5226,1536693199067825016,base_link,0.0,0.0,0.0,0.0,-1.0,0.0,0.0,0.0,0.0,0.0,0.0,0.0,0.0,-0.007,-0.032,-0.002,1.21846967915e-07,0.0,0.0,0.0,1.21846967915e-07,0.0,0.0,0.0,1.21846967915e-07,0.8237586,0.81395195,10.24794925,9e-08,0.0,0.0,0.0,9e-08,0.0,0.0,0.0,9e-08
1536693199171293944,5227,1536693199170799608,base_link,0.0,0.0,0.0,0.0,-1.0,0.0,0.0,0.0,0.0,0.0,0.0,0.0,0.0,-0.015,-0.031,0.001,1.21846967915e-07,0.0,0.0,0.0,1.21846967915e-07,0.0,0.0,0.0,1.21846967915e-07,0.87279185,0.85317855,10.24794925,9e-08,0.0,0.0,0.0,9e-08,0.0,0.0,0.0,9e-08
1536693199255401400,5228,1536693199255066968,base_link,0.0,0.0,0.0,0.0,-1.0,0.0,0.0,0.0,0.0,0.0,0.0,0.0,0.0,-0.007,-0.022,0.003,1.21846967915e-07,0.0,0.0,0.0,1.21846967915e-07,0.0,0.0,0.0,1.21846967915e-07,0.784532,0.79433865,10.44408225,9e-08,0.0,0.0,0.0,9e-08,0.0,0.0,0.0,9e-08
1536693199380249496,5229,1536693199374323896,base_link,0.0,0.0,0.0,0.0,-1.0,0.0,0.0,0.0,0.0,0.0,0.0,0.0,0.0,-0.01,0.064,0.007,1.21846967915e-07,0.0,0.0,0.0,1.21846967915e-07,0.0,0.0,0.0,1.21846967915e-07,0.8237586,0.81395195,10.1204628,9e-08,0.0,0.0,0.0,9e-08,0.0,0.0,0.0,9e-08
1536693199445441624,5230,1536693199444861848,base_link,0.0,0.0,0.0,0.0,-1.0,0.0,0.0,0.0,0.0,0.0,0.0,0.0,0.0,-0.008,0.043,0.007,1.21846967915e-07,0.0,0.0,0.0,1.21846967915e-07,0.0,0.0,0.0,1.21846967915e-07,0.7649187,0.7649187,9.8654899,9e-08,0.0,0.0,0.0,9e-08,0.0,0.0,0.0,9e-08
1536693199553924568,5231,1536693199553214808,base_link,0.0,0.0,0.0,0.0,-1.0,0.0,0.0,0.0,0.0,0.0,0.0,0.0,0.0,-0.006,0.004,0.005,1.21846967915e-07,0.0,0.0,0.0,1.21846967915e-07,0.0,0.0,0.0,1.21846967915e-07,0.7453054,0.7649187,9.9635564,9e-08,0.0,0.0,0.0,9e-08,0.0,0.0,0.0,9e-08
1536693199662128376,5232,1536693199661640248,base_link,0.0,0.0,0.0,0.0,-1.0,0.0,0.0,0.0,0.0,0.0,0.0,0.0,0.0,-0.017,-0.029,0.006,1.21846967915e-07,0.0,0.0,0.0,1.21846967915e-07,0.0,0.0,0.0,1.21846967915e-07,0.71588545,0.8041453,9.79684335,9e-08,0.0,0.0,0.0,9e-08,0.0,0.0,0.0,9e-08
1536693199766748472,5233,1536693199766106904,base_link,0.0,0.0,0.0,0.0,-1.0,0.0,0.0,0.0,0.0,0.0,0.0,0.0,0.0,-0.015,-0.025,0.003,1.21846967915e-07,0.0,0.0,0.0,1.21846967915e-07,0.0,0.0,0.0,1.21846967915e-07,0.79433865,0.8237586,10.1008495,9e-08,0.0,0.0,0.0,9e-08,0.0,0.0,0.0,9e-08
1536693199896633912,5234,1536693199896246968,base_link,0.0,0.0,0.0,0.0,-1.0,0.0,0.0,0.0,0.0,0.0,0.0,0.0,0.0,-0.006,-0.02,0.002,1.21846967915e-07,0.0,0.0,0.0,1.21846967915e-07,0.0,0.0,0.0,1.21846967915e-07,0.81395195,0.8433719,10.1400761,9e-08,0.0,0.0,0.0,9e-08,0.0,0.0,0.0,9e-08
1536693199964964056,5235,1536693199964549880,base_link,0.0,0.0,0.0,0.0,-1.0,0.0,0.0,0.0,0.0,0.0,0.0,0.0,0.0,-0.003,-0.023,-0.004,1.21846967915e-07,0.0,0.0,0.0,1.21846967915e-07,0.0,0.0,0.0,1.21846967915e-07,0.784532,0.6864655,10.14988275,9e-08,0.0,0.0,0.0,9e-08,0.0,0.0,0.0,9e-08
1536693200057562328,5236,1536693200057080760,base_link,0.0,0.0,0.0,0.0,-1.0,0.0,0.0,0.0,0.0,0.0,0.0,0.0,0.0,-0.016,-0.012,0.004,1.21846967915e-07,0.0,0.0,0.0,1.21846967915e-07,0.0,0.0,0.0,1.21846967915e-07,0.7453054,0.75511205,10.0223963,9e-08,0.0,0.0,0.0,9e-08,0.0,0.0,0.0,9e-08
1536693200185249912,5237,1536693200184525208,base_link,0.0,0.0,0.0,0.0,-1.0,0.0,0.0,0.0,0.0,0.0,0.0,0.0,0.0,-0.034,0.063,0.012,1.21846967915e-07,0.0,0.0,0.0,1.21846967915e-07,0.0,0.0,0.0,1.21846967915e-07,0.81395195,0.85317855,10.01258965,9e-08,0.0,0.0,0.0,9e-08,0.0,0.0,0.0,9e-08
1536693200298101592,5238,1536693200297683352,base_link,0.0,0.0,0.0,0.0,-1.0,0.0,0.0,0.0,0.0,0.0,0.0,0.0,0.0,-0.051,0.052,0.003,1.21846967915e-07,0.0,0.0,0.0,1.21846967915e-07,0.0,0.0,0.0,1.21846967915e-07,0.73549875,0.7453054,9.5320638,9e-08,0.0,0.0,0.0,9e-08,0.0,0.0,0.0,9e-08
1536693200425988536,5239,1536693200425642456,base_link,0.0,0.0,0.0,0.0,-1.0,0.0,0.0,0.0,0.0,0.0,0.0,0.0,0.0,0.0,0.004,-0.003,1.21846967915e-07,0.0,0.0,0.0,1.21846967915e-07,0.0,0.0,0.0,1.21846967915e-07,0.77472535,0.8237586,9.60071035,9e-08,0.0,0.0,0.0,9e-08,0.0,0.0,0.0,9e-08
1536693200457029528,5240,1536693200456604888,base_link,0.0,0.0,0.0,0.0,-1.0,0.0,0.0,0.0,0.0,0.0,0.0,0.0,0.0,0.01,-0.008,-0.003,1.21846967915e-07,0.0,0.0,0.0,1.21846967915e-07,0.0,0.0,0.0,1.21846967915e-07,0.7453054,0.7453054,9.8458766,9e-08,0.0,0.0,0.0,9e-08,0.0,0.0,0.0,9e-08
1536693200538885112,5241,1536693200538432920,base_link,0.0,0.0,0.0,0.0,-1.0,0.0,0.0,0.0,0.0,0.0,0.0,0.0,0.0,0.009,0.011,-0.003,1.21846967915e-07,0.0,0.0,0.0,1.21846967915e-07,0.0,0.0,0.0,1.21846967915e-07,0.8237586,0.83356525,9.89490985,9e-08,0.0,0.0,0.0,9e-08,0.0,0.0,0.0,9e-08
1536693200651355352,5242,1536693200649469496,base_link,0.0,0.0,0.0,0.0,-1.0,0.0,0.0,0.0,0.0,0.0,0.0,0.0,0.0,0.031,0.01,-0.003,1.21846967915e-07,0.0,0.0,0.0,1.21846967915e-07,0.0,0.0,0.0,1.21846967915e-07,0.8041453,0.73549875,9.7674234,9e-08,0.0,0.0,0.0,9e-08,0.0,0.0,0.0,9e-08
1536693200759466936,5243,1536693200758938552,base_link,0.0,0.0,0.0,0.0,-1.0,0.0,0.0,0.0,0.0,0.0,0.0,0.0,0.0,0.057,0.03,-0.001,1.21846967915e-07,0.0,0.0,0.0,1.21846967915e-07,0.0,0.0,0.0,1.21846967915e-07,0.7649187,0.69627215,9.610517,9e-08,0.0,0.0,0.0,9e-08,0.0,0.0,0.0,9e-08
1536693200890812632,5244,1536693200890100472,base_link,0.0,0.0,0.0,0.0,-1.0,0.0,0.0,0.0,0.0,0.0,0.0,0.0,0.0,0.014,0.029,0.014,1.21846967915e-07,0.0,0.0,0.0,1.21846967915e-07,0.0,0.0,0.0,1.21846967915e-07,0.7649187,0.79433865,9.8458766,9e-08,0.0,0.0,0.0,9e-08,0.0,0.0,0.0,9e-08
1536693200966195576,5245,1536693200963955448,base_link,0.0,0.0,0.0,0.0,-1.0,0.0,0.0,0.0,0.0,0.0,0.0,0.0,0.0,0.001,-0.009,0.025,1.21846967915e-07,0.0,0.0,0.0,1.21846967915e-07,0.0,0.0,0.0,1.21846967915e-07,0.85317855,0.8041453,10.56176205,9e-08,0.0,0.0,0.0,9e-08,0.0,0.0,0.0,9e-08
1536693201051000568,5246,1536693201050475896,base_link,0.0,0.0,0.0,0.0,-1.0,0.0,0.0,0.0,0.0,0.0,0.0,0.0,0.0,0.046,0.034,0.021,1.21846967915e-07,0.0,0.0,0.0,1.21846967915e-07,0.0,0.0,0.0,1.21846967915e-07,0.8433719,0.87279185,10.46369555,9e-08,0.0,0.0,0.0,9e-08,0.0,0.0,0.0,9e-08
1536693201157242456,5247,1536693201155967384,base_link,0.0,0.0,0.0,0.0,-1.0,0.0,0.0,0.0,0.0,0.0,0.0,0.0,0.0,0.04,0.009,0.011,1.21846967915e-07,0.0,0.0,0.0,1.21846967915e-07,0.0,0.0,0.0,1.21846967915e-07,0.784532,0.89240515,9.7085835,9e-08,0.0,0.0,0.0,9e-08,0.0,0.0,0.0,9e-08
1536693201254521208,5248,1536693201254123928,base_link,0.0,0.0,0.0,0.0,-1.0,0.0,0.0,0.0,0.0,0.0,0.0,0.0,0.0,0.021,0.019,-0.01,1.21846967915e-07,0.0,0.0,0.0,1.21846967915e-07,0.0,0.0,0.0,1.21846967915e-07,0.8041453,1.0983448,9.80665,9e-08,0.0,0.0,0.0,9e-08,0.0,0.0,0.0,9e-08
1536693201338292984,5249,1536693201337591768,base_link,0.0,0.0,0.0,0.0,-1.0,0.0,0.0,0.0,0.0,0.0,0.0,0.0,0.0,0.046,0.006,-0.038,1.21846967915e-07,0.0,0.0,0.0,1.21846967915e-07,0.0,0.0,0.0,1.21846967915e-07,0.85317855,1.06892485,10.1596894,9e-08,0.0,0.0,0.0,9e-08,0.0,0.0,0.0,9e-08
1536693201478627288,5250,1536693201478182904,base_link,0.0,0.0,0.0,0.0,-1.0,0.0,0.0,0.0,0.0,0.0,0.0,0.0,0.0,-0.02,-0.063,-0.051,1.21846967915e-07,0.0,0.0,0.0,1.21846967915e-07,0.0,0.0,0.0,1.21846967915e-07,1.02969825,0.980665,11.15016105,9e-08,0.0,0.0,0.0,9e-08,0.0,0.0,0.0,9e-08
1536693201563466936,5251,1536693201562720920,base_link,0.0,0.0,0.0,0.0,-1.0,0.0,0.0,0.0,0.0,0.0,0.0,0.0,0.0,-0.075,-0.082,-0.045,1.21846967915e-07,0.0,0.0,0.0,1.21846967915e-07,0.0,0.0,0.0,1.21846967915e-07,1.04931155,0.91201845,11.24822755,9e-08,0.0,0.0,0.0,9e-08,0.0,0.0,0.0,9e-08
1536693201666182872,5252,1536693201664848280,base_link,0.0,0.0,0.0,0.0,-1.0,0.0,0.0,0.0,0.0,0.0,0.0,0.0,0.0,0.007,-0.048,-0.032,1.21846967915e-07,0.0,0.0,0.0,1.21846967915e-07,0.0,0.0,0.0,1.21846967915e-07,1.04931155,1.0198916,10.99325465,9e-08,0.0,0.0,0.0,9e-08,0.0,0.0,0.0,9e-08
1536693201765796376,5253,1536693201765108792,base_link,0.0,0.0,0.0,0.0,-1.0,0.0,0.0,0.0,0.0,0.0,0.0,0.0,0.0,0.016,-0.034,-0.028,1.21846967915e-07,0.0,0.0,0.0,1.21846967915e-07,0.0,0.0,0.0,1.21846967915e-07,0.93163175,0.89240515,10.89518815,9e-08,0.0,0.0,0.0,9e-08,0.0,0.0,0.0,9e-08
1536693201861043736,5254,1536693201860251896,base_link,0.0,0.0,0.0,0.0,-1.0,0.0,0.0,0.0,0.0,0.0,0.0,0.0,0.0,0.025,-0.027,-0.039,1.21846967915e-07,0.0,0.0,0.0,1.21846967915e-07,0.0,0.0,0.0,1.21846967915e-07,0.95124505,0.79433865,10.8657682,9e-08,0.0,0.0,0.0,9e-08,0.0,0.0,0.0,9e-08
1536693201961586072,5255,1536693201959800248,base_link,0.0,0.0,0.0,0.0,-1.0,0.0,0.0,0.0,0.0,0.0,0.0,0.0,0.0,0.051,-0.014,-0.038,1.21846967915e-07,0.0,0.0,0.0,1.21846967915e-07,0.0,0.0,0.0,1.21846967915e-07,0.9414384,0.79433865,10.56176205,9e-08,0.0,0.0,0.0,9e-08,0.0,0.0,0.0,9e-08
1536693202056046072,5256,1536693202054846744,base_link,0.0,0.0,0.0,0.0,-1.0,0.0,0.0,0.0,0.0,0.0,0.0,0.0,0.0,0.046,-0.008,-0.027,1.21846967915e-07,0.0,0.0,0.0,1.21846967915e-07,0.0,0.0,0.0,1.21846967915e-07,0.81395195,0.7649187,10.30678915,9e-08,0.0,0.0,0.0,9e-08,0.0,0.0,0.0,9e-08
1536693202154606936,5257,1536693202153108056,base_link,0.0,0.0,0.0,0.0,-1.0,0.0,0.0,0.0,0.0,0.0,0.0,0.0,0.0,0.004,0.019,-0.017,1.21846967915e-07,0.0,0.0,0.0,1.21846967915e-07,0.0,0.0,0.0,1.21846967915e-07,0.8237586,0.79433865,10.42446895,9e-08,0.0,0.0,0.0,9e-08,0.0,0.0,0.0,9e-08
1536693202249775416,5258,1536693202249347480,base_link,0.0,0.0,0.0,0.0,-1.0,0.0,0.0,0.0,0.0,0.0,0.0,0.0,0.0,0.008,0.037,-0.022,1.21846967915e-07,0.0,0.0,0.0,1.21846967915e-07,0.0,0.0,0.0,1.21846967915e-07,0.7453054,0.73549875,9.77723005,9e-08,0.0,0.0,0.0,9e-08,0.0,0.0,0.0,9e-08
1536693202354878456,5259,1536693202354296504,base_link,0.0,0.0,0.0,0.0,-1.0,0.0,0.0,0.0,0.0,0.0,0.0,0.0,0.0,-0.012,0.028,-0.021,1.21846967915e-07,0.0,0.0,0.0,1.21846967915e-07,0.0,0.0,0.0,1.21846967915e-07,0.7256921,0.75511205,9.218251,9e-08,0.0,0.0,0.0,9e-08,0.0,0.0,0.0,9e-08
1536693202465912344,5260,1536693202464729912,base_link,0.0,0.0,0.0,0.0,-1.0,0.0,0.0,0.0,0.0,0.0,0.0,0.0,0.0,-0.039,0.008,-0.009,1.21846967915e-07,0.0,0.0,0.0,1.21846967915e-07,0.0,0.0,0.0,1.21846967915e-07,0.7060788,0.784532,9.1201845,9e-08,0.0,0.0,0.0,9e-08,0.0,0.0,0.0,9e-08
1536693202552673432,5261,1536693202551518232,base_link,0.0,0.0,0.0,0.0,-1.0,0.0,0.0,0.0,0.0,0.0,0.0,0.0,0.0,-0.014,0.002,-0.017,1.21846967915e-07,0.0,0.0,0.0,1.21846967915e-07,0.0,0.0,0.0,1.21846967915e-07,0.75511205,0.83356525,9.4732239,9e-08,0.0,0.0,0.0,9e-08,0.0,0.0,0.0,9e-08
1536693202660279288,5262,1536693202659205720,base_link,0.0,0.0,0.0,0.0,-1.0,0.0,0.0,0.0,0.0,0.0,0.0,0.0,0.0,0.055,-0.009,-0.028,1.21846967915e-07,0.0,0.0,0.0,1.21846967915e-07,0.0,0.0,0.0,1.21846967915e-07,0.61781895,0.75511205,9.89490985,9e-08,0.0,0.0,0.0,9e-08,0.0,0.0,0.0,9e-08
1536693202751405592,5263,1536693202750741784,base_link,0.0,0.0,0.0,0.0,-1.0,0.0,0.0,0.0,0.0,0.0,0.0,0.0,0.0,0.101,-0.032,-0.012,1.21846967915e-07,0.0,0.0,0.0,1.21846967915e-07,0.0,0.0,0.0,1.21846967915e-07,0.6276256,1.01008495,9.97336305,9e-08,0.0,0.0,0.0,9e-08,0.0,0.0,0.0,9e-08
1536693202883513368,5264,1536693202878332312,base_link,0.0,0.0,0.0,0.0,-1.0,0.0,0.0,0.0,0.0,0.0,0.0,0.0,0.0,-0.118,-0.024,-0.024,1.21846967915e-07,0.0,0.0,0.0,1.21846967915e-07,0.0,0.0,0.0,1.21846967915e-07,0.61781895,0.980665,9.610517,9e-08,0.0,0.0,0.0,9e-08,0.0,0.0,0.0,9e-08
1536693202965668056,5265,1536693202965049848,base_link,0.0,0.0,0.0,0.0,-1.0,0.0,0.0,0.0,0.0,0.0,0.0,0.0,0.0,-0.04,-0.022,-0.044,1.21846967915e-07,0.0,0.0,0.0,1.21846967915e-07,0.0,0.0,0.0,1.21846967915e-07,0.67665885,0.79433865,10.28717585,9e-08,0.0,0.0,0.0,9e-08,0.0,0.0,0.0,9e-08
1536693203087099320,5266,1536693203086661048,base_link,0.0,0.0,0.0,0.0,-1.0,0.0,0.0,0.0,0.0,0.0,0.0,0.0,0.0,0.02,-0.004,-0.052,1.21846967915e-07,0.0,0.0,0.0,1.21846967915e-07,0.0,0.0,0.0,1.21846967915e-07,0.7060788,0.6864655,10.03220295,9e-08,0.0,0.0,0.0,9e-08,0.0,0.0,0.0,9e-08
1536693203163004216,5267,1536693203162550808,base_link,0.0,0.0,0.0,0.0,-1.0,0.0,0.0,0.0,0.0,0.0,0.0,0.0,0.0,0.042,0.001,-0.048,1.21846967915e-07,0.0,0.0,0.0,1.21846967915e-07,0.0,0.0,0.0,1.21846967915e-07,0.7060788,0.61781895,9.7674234,9e-08,0.0,0.0,0.0,9e-08,0.0,0.0,0.0,9e-08
1536693203266815512,5268,1536693203264197176,base_link,0.0,0.0,0.0,0.0,-1.0,0.0,0.0,0.0,0.0,0.0,0.0,0.0,0.0,0.013,0.028,-0.027,1.21846967915e-07,0.0,0.0,0.0,1.21846967915e-07,0.0,0.0,0.0,1.21846967915e-07,0.7453054,0.784532,10.07142955,9e-08,0.0,0.0,0.0,9e-08,0.0,0.0,0.0,9e-08
1536693203356894776,5269,1536693203356076536,base_link,0.0,0.0,0.0,0.0,-1.0,0.0,0.0,0.0,0.0,0.0,0.0,0.0,0.0,-0.04,0.037,-0.012,1.21846967915e-07,0.0,0.0,0.0,1.21846967915e-07,0.0,0.0,0.0,1.21846967915e-07,0.71588545,0.7453054,9.9831697,9e-08,0.0,0.0,0.0,9e-08,0.0,0.0,0.0,9e-08
1536693203450081208,5270,1536693203449492088,base_link,0.0,0.0,0.0,0.0,-1.0,0.0,0.0,0.0,0.0,0.0,0.0,0.0,0.0,-0.053,0.047,-0.014,1.21846967915e-07,0.0,0.0,0.0,1.21846967915e-07,0.0,0.0,0.0,1.21846967915e-07,0.7060788,0.7060788,9.8654899,9e-08,0.0,0.0,0.0,9e-08,0.0,0.0,0.0,9e-08
1536693203563535608,5271,1536693203562342712,base_link,0.0,0.0,0.0,0.0,-1.0,0.0,0.0,0.0,0.0,0.0,0.0,0.0,0.0,-0.12,0.008,-9.79717439318e-19,1.21846967915e-07,0.0,0.0,0.0,1.21846967915e-07,0.0,0.0,0.0,1.21846967915e-07,0.65704555,0.67665885,10.0420096,9e-08,0.0,0.0,0.0,9e-08,0.0,0.0,0.0,9e-08
1536693203654260632,5272,1536693203653494616,base_link,0.0,0.0,0.0,0.0,-1.0,0.0,0.0,0.0,0.0,0.0,0.0,0.0,0.0,-0.07,0.002,0.005,1.21846967915e-07,0.0,0.0,0.0,1.21846967915e-07,0.0,0.0,0.0,1.21846967915e-07,0.67665885,0.5687857,9.8654899,9e-08,0.0,0.0,0.0,9e-08,0.0,0.0,0.0,9e-08
1536693203767423768,5273,1536693203767020760,base_link,0.0,0.0,0.0,0.0,-1.0,0.0,0.0,0.0,0.0,0.0,0.0,0.0,0.0,0.027,0.006,0.008,1.21846967915e-07,0.0,0.0,0.0,1.21846967915e-07,0.0,0.0,0.0,1.21846967915e-07,0.59820565,0.73549875,9.0025047,9e-08,0.0,0.0,0.0,9e-08,0.0,0.0,0.0,9e-08
1536693203857391000,5274,1536693203856270616,base_link,0.0,0.0,0.0,0.0,-1.0,0.0,0.0,0.0,0.0,0.0,0.0,0.0,0.0,-0.035,-0.007,0.017,1.21846967915e-07,0.0,0.0,0.0,1.21846967915e-07,0.0,0.0,0.0,1.21846967915e-07,0.63743225,0.7453054,9.38496405,9e-08,0.0,0.0,0.0,9e-08,0.0,0.0,0.0,9e-08
1536693203945308728,5275,1536693203944846744,base_link,0.0,0.0,0.0,0.0,-1.0,0.0,0.0,0.0,0.0,0.0,0.0,0.0,0.0,-0.101,-0.014,0.032,1.21846967915e-07,0.0,0.0,0.0,1.21846967915e-07,0.0,0.0,0.0,1.21846967915e-07,0.7453054,0.79433865,9.65955025,9e-08,0.0,0.0,0.0,9e-08,0.0,0.0,0.0,9e-08
1536693204049516248,5276,1536693204048674488,base_link,0.0,0.0,0.0,0.0,-1.0,0.0,0.0,0.0,0.0,0.0,0.0,0.0,0.0,-0.108,0.021,0.021,1.21846967915e-07,0.0,0.0,0.0,1.21846967915e-07,0.0,0.0,0.0,1.21846967915e-07,0.6668522,0.8041453,9.24767095,9e-08,0.0,0.0,0.0,9e-08,0.0,0.0,0.0,9e-08
1536693204158653656,5277,1536693204157911416,base_link,0.0,0.0,0.0,0.0,-1.0,0.0,0.0,0.0,0.0,0.0,0.0,0.0,0.0,-0.138,0.074,0.015,1.21846967915e-07,0.0,0.0,0.0,1.21846967915e-07,0.0,0.0,0.0,1.21846967915e-07,0.6080123,0.75511205,9.0809579,9e-08,0.0,0.0,0.0,9e-08,0.0,0.0,0.0,9e-08
1536693204232645656,5278,1536693204232027224,base_link,0.0,0.0,0.0,0.0,-1.0,0.0,0.0,0.0,0.0,0.0,0.0,0.0,0.0,-0.133,0.076,0.015,1.21846967915e-07,0.0,0.0,0.0,1.21846967915e-07,0.0,0.0,0.0,1.21846967915e-07,0.6080123,0.7649187,8.6886919,9e-08,0.0,0.0,0.0,9e-08,0.0,0.0,0.0,9e-08
1536693204357498936,5279,1536693204356097400,base_link,0.0,0.0,0.0,0.0,-1.0,0.0,0.0,0.0,0.0,0.0,0.0,0.0,0.0,-0.066,0.03,-3.67394039744e-18,1.21846967915e-07,0.0,0.0,0.0,1.21846967915e-07,0.0,0.0,0.0,1.21846967915e-07,0.59820565,0.73549875,9.03192465,9e-08,0.0,0.0,0.0,9e-08,0.0,0.0,0.0,9e-08
1536693204467574040,5280,1536693204466847352,base_link,0.0,0.0,0.0,0.0,-1.0,0.0,0.0,0.0,0.0,0.0,0.0,0.0,0.0,-0.067,0.065,-7.96020419446e-18,1.21846967915e-07,0.0,0.0,0.0,1.21846967915e-07,0.0,0.0,0.0,1.21846967915e-07,0.6276256,0.7256921,9.67916355,9e-08,0.0,0.0,0.0,9e-08,0.0,0.0,0.0,9e-08
1536693204556633336,5281,1536693204556017272,base_link,0.0,0.0,0.0,0.0,-1.0,0.0,0.0,0.0,0.0,0.0,0.0,0.0,0.0,-0.031,0.101,0.003,1.21846967915e-07,0.0,0.0,0.0,1.21846967915e-07,0.0,0.0,0.0,1.21846967915e-07,0.69627215,0.77472535,9.34573745,9e-08,0.0,0.0,0.0,9e-08,0.0,0.0,0.0,9e-08
1536693204654267160,5282,1536693204653547832,base_link,0.0,0.0,0.0,0.0,-1.0,0.0,0.0,0.0,0.0,0.0,0.0,0.0,0.0,0.049,0.057,-0.001,1.21846967915e-07,0.0,0.0,0.0,1.21846967915e-07,0.0,0.0,0.0,1.21846967915e-07,0.6080123,0.7060788,9.07115125,9e-08,0.0,0.0,0.0,9e-08,0.0,0.0,0.0,9e-08
1536693204767572664,5283,1536693204766033752,base_link,0.0,0.0,0.0,0.0,-1.0,0.0,0.0,0.0,0.0,0.0,0.0,0.0,0.0,-0.095,0.035,0.012,1.21846967915e-07,0.0,0.0,0.0,1.21846967915e-07,0.0,0.0,0.0,1.21846967915e-07,0.6276256,0.75511205,9.18883105,9e-08,0.0,0.0,0.0,9e-08,0.0,0.0,0.0,9e-08
1536693204837025624,5284,1536693204834684664,base_link,0.0,0.0,0.0,0.0,-1.0,0.0,0.0,0.0,0.0,0.0,0.0,0.0,0.0,-0.163,0.011,0.016,1.21846967915e-07,0.0,0.0,0.0,1.21846967915e-07,0.0,0.0,0.0,1.21846967915e-07,0.73549875,0.63743225,9.89490985,9e-08,0.0,0.0,0.0,9e-08,0.0,0.0,0.0,9e-08
1536693204955903704,5285,1536693204955193880,base_link,0.0,0.0,0.0,0.0,-1.0,0.0,0.0,0.0,0.0,0.0,0.0,0.0,0.0,-0.047,-0.014,0.038,1.21846967915e-07,0.0,0.0,0.0,1.21846967915e-07,0.0,0.0,0.0,1.21846967915e-07,0.7256921,0.61781895,9.93413645,9e-08,0.0,0.0,0.0,9e-08,0.0,0.0,0.0,9e-08
1536693205081712280,5286,1536693205077534264,base_link,0.0,0.0,0.0,0.0,-1.0,0.0,0.0,0.0,0.0,0.0,0.0,0.0,0.0,-0.045,-0.019,0.056,1.21846967915e-07,0.0,0.0,0.0,1.21846967915e-07,0.0,0.0,0.0,1.21846967915e-07,0.7649187,0.63743225,10.14988275,9e-08,0.0,0.0,0.0,9e-08,0.0,0.0,0.0,9e-08
1536693205158095896,5287,1536693205157657720,base_link,0.0,0.0,0.0,0.0,-1.0,0.0,0.0,0.0,0.0,0.0,0.0,0.0,0.0,-0.002,-0.034,0.056,1.21846967915e-07,0.0,0.0,0.0,1.21846967915e-07,0.0,0.0,0.0,1.21846967915e-07,0.77472535,0.6080123,10.13026945,9e-08,0.0,0.0,0.0,9e-08,0.0,0.0,0.0,9e-08
1536693205277994616,5288,1536693205277597016,base_link,0.0,0.0,0.0,0.0,-1.0,0.0,0.0,0.0,0.0,0.0,0.0,0.0,0.0,0.052,-0.048,0.062,1.21846967915e-07,0.0,0.0,0.0,1.21846967915e-07,0.0,0.0,0.0,1.21846967915e-07,0.87279185,0.69627215,10.1793027,9e-08,0.0,0.0,0.0,9e-08,0.0,0.0,0.0,9e-08
1536693205357902840,5289,1536693205357510968,base_link,0.0,0.0,0.0,0.0,-1.0,0.0,0.0,0.0,0.0,0.0,0.0,0.0,0.0,0.082,-0.024,0.051,1.21846967915e-07,0.0,0.0,0.0,1.21846967915e-07,0.0,0.0,0.0,1.21846967915e-07,0.97085835,0.69627215,10.5323421,9e-08,0.0,0.0,0.0,9e-08,0.0,0.0,0.0,9e-08
1536693205454107256,5290,1536693205453628856,base_link,0.0,0.0,0.0,0.0,-1.0,0.0,0.0,0.0,0.0,0.0,0.0,0.0,0.0,0.19,-0.015,0.045,1.21846967915e-07,0.0,0.0,0.0,1.21846967915e-07,0.0,0.0,0.0,1.21846967915e-07,0.89240515,0.7060788,10.1596894,9e-08,0.0,0.0,0.0,9e-08,0.0,0.0,0.0,9e-08
1536693205602091512,5291,1536693205600173688,base_link,0.0,0.0,0.0,0.0,-1.0,0.0,0.0,0.0,0.0,0.0,0.0,0.0,0.0,0.19,4.53119315685e-18,0.037,1.21846967915e-07,0.0,0.0,0.0,1.21846967915e-07,0.0,0.0,0.0,1.21846967915e-07,0.9414384,0.6864655,10.4146623,9e-08,0.0,0.0,0.0,9e-08,0.0,0.0,0.0,9e-08
1536693205676634904,5292,1536693205676192024,base_link,0.0,0.0,0.0,0.0,-1.0,0.0,0.0,0.0,0.0,0.0,0.0,0.0,0.0,0.132,-0.055,0.039,1.21846967915e-07,0.0,0.0,0.0,1.21846967915e-07,0.0,0.0,0.0,1.21846967915e-07,0.91201845,0.8237586,10.28717585,9e-08,0.0,0.0,0.0,9e-08,0.0,0.0,0.0,9e-08
1536693205756615736,5293,1536693205755955096,base_link,0.0,0.0,0.0,0.0,-1.0,0.0,0.0,0.0,0.0,0.0,0.0,0.0,0.0,0.011,-0.071,0.038,1.21846967915e-07,0.0,0.0,0.0,1.21846967915e-07,0.0,0.0,0.0,1.21846967915e-07,0.8825985,0.784532,9.83606995,9e-08,0.0,0.0,0.0,9e-08,0.0,0.0,0.0,9e-08
1536693205857114104,5294,1536693205856325240,base_link,0.0,0.0,0.0,0.0,-1.0,0.0,0.0,0.0,0.0,0.0,0.0,0.0,0.0,-0.158,-0.097,0.044,1.21846967915e-07,0.0,0.0,0.0,1.21846967915e-07,0.0,0.0,0.0,1.21846967915e-07,0.9610517,0.8825985,10.64021525,9e-08,0.0,0.0,0.0,9e-08,0.0,0.0,0.0,9e-08
1536693205951664984,5295,1536693205951120632,base_link,0.0,0.0,0.0,0.0,-1.0,0.0,0.0,0.0,0.0,0.0,0.0,0.0,0.0,-0.194,-0.104,0.039,1.21846967915e-07,0.0,0.0,0.0,1.21846967915e-07,0.0,0.0,0.0,1.21846967915e-07,1.2552512,0.8237586,11.71894675,9e-08,0.0,0.0,0.0,9e-08,0.0,0.0,0.0,9e-08
1536693206050298296,5296,1536693206049582296,base_link,0.0,0.0,0.0,0.0,-1.0,0.0,0.0,0.0,0.0,0.0,0.0,0.0,0.0,-0.019,-0.049,0.021,1.21846967915e-07,0.0,0.0,0.0,1.21846967915e-07,0.0,0.0,0.0,1.21846967915e-07,1.22583125,0.63743225,11.2972608,9e-08,0.0,0.0,0.0,9e-08,0.0,0.0,0.0,9e-08
1536693206143616664,5297,1536693206142261176,base_link,0.0,0.0,0.0,0.0,-1.0,0.0,0.0,0.0,0.0,0.0,0.0,0.0,0.0,0.1,-0.015,0.016,1.21846967915e-07,0.0,0.0,0.0,1.21846967915e-07,0.0,0.0,0.0,1.21846967915e-07,1.176798,0.6276256,11.0422879,9e-08,0.0,0.0,0.0,9e-08,0.0,0.0,0.0,9e-08
1536693206294715480,5298,1536693206294013944,base_link,0.0,0.0,0.0,0.0,-1.0,0.0,0.0,0.0,0.0,0.0,0.0,0.0,0.0,0.285,-0.035,0.038,1.21846967915e-07,0.0,0.0,0.0,1.21846967915e-07,0.0,0.0,0.0,1.21846967915e-07,1.26505785,0.4511059,11.6503002,9e-08,0.0,0.0,0.0,9e-08,0.0,0.0,0.0,9e-08
1536693206377865432,5299,1536693206377384792,base_link,0.0,0.0,0.0,0.0,-1.0,0.0,0.0,0.0,0.0,0.0,0.0,0.0,0.0,0.157,-0.034,0.095,1.21846967915e-07,0.0,0.0,0.0,1.21846967915e-07,0.0,0.0,0.0,1.21846967915e-07,1.14737805,0.55897905,11.2188076,9e-08,0.0,0.0,0.0,9e-08,0.0,0.0,0.0,9e-08
1536693206458905752,5300,1536693206458365688,base_link,0.0,0.0,0.0,0.0,-1.0,0.0,0.0,0.0,0.0,0.0,0.0,0.0,0.0,0.03,-0.027,0.123,1.21846967915e-07,0.0,0.0,0.0,1.21846967915e-07,0.0,0.0,0.0,1.21846967915e-07,1.2160246,0.8433719,11.6699135,9e-08,0.0,0.0,0.0,9e-08,0.0,0.0,0.0,9e-08
1536693206550501976,5301,1536693206550063736,base_link,0.0,0.0,0.0,0.0,-1.0,0.0,0.0,0.0,0.0,0.0,0.0,0.0,0.0,0.102,0.006,0.109,1.21846967915e-07,0.0,0.0,0.0,1.21846967915e-07,0.0,0.0,0.0,1.21846967915e-07,1.10815145,1.0002783,11.26784085,9e-08,0.0,0.0,0.0,9e-08,0.0,0.0,0.0,9e-08
1536693206662160984,5302,1536693206661623928,base_link,0.0,0.0,0.0,0.0,-1.0,0.0,0.0,0.0,0.0,0.0,0.0,0.0,0.0,0.016,0.02,0.07,1.21846967915e-07,0.0,0.0,0.0,1.21846967915e-07,0.0,0.0,0.0,1.21846967915e-07,1.04931155,1.16699135,10.93441475,9e-08,0.0,0.0,0.0,9e-08,0.0,0.0,0.0,9e-08
1536693206751266744,5303,1536693206750851512,base_link,0.0,0.0,0.0,0.0,-1.0,0.0,0.0,0.0,0.0,0.0,0.0,0.0,0.0,-0.09,0.066,0.039,1.21846967915e-07,0.0,0.0,0.0,1.21846967915e-07,0.0,0.0,0.0,1.21846967915e-07,0.9022118,1.22583125,9.89490985,9e-08,0.0,0.0,0.0,9e-08,0.0,0.0,0.0,9e-08
1536693206877472792,5304,1536693206873264504,base_link,0.0,0.0,0.0,0.0,-1.0,0.0,0.0,0.0,0.0,0.0,0.0,0.0,0.0,-0.054,0.111,-0.012,1.21846967915e-07,0.0,0.0,0.0,1.21846967915e-07,0.0,0.0,0.0,1.21846967915e-07,0.8825985,1.22583125,8.97308475,9e-08,0.0,0.0,0.0,9e-08,0.0,0.0,0.0,9e-08
1536693206965588184,5305,1536693206964694968,base_link,0.0,0.0,0.0,0.0,-1.0,0.0,0.0,0.0,0.0,0.0,0.0,0.0,0.0,-0.005,0.111,-0.08,1.21846967915e-07,0.0,0.0,0.0,1.21846967915e-07,0.0,0.0,0.0,1.21846967915e-07,0.9218251,1.1375714,8.825985,9e-08,0.0,0.0,0.0,9e-08,0.0,0.0,0.0,9e-08
1536693207055093784,5306,1536693207054570264,base_link,0.0,0.0,0.0,0.0,-1.0,0.0,0.0,0.0,0.0,0.0,0.0,0.0,0.0,0.009,0.132,-0.109,1.21846967915e-07,0.0,0.0,0.0,1.21846967915e-07,0.0,0.0,0.0,1.21846967915e-07,0.85317855,0.95124505,9.3359308,9e-08,0.0,0.0,0.0,9e-08,0.0,0.0,0.0,9e-08
1536693207171727032,5307,1536693207170832920,base_link,0.0,0.0,0.0,0.0,-1.0,0.0,0.0,0.0,0.0,0.0,0.0,0.0,0.0,0.143,0.194,-0.122,1.21846967915e-07,0.0,0.0,0.0,1.21846967915e-07,0.0,0.0,0.0,1.21846967915e-07,0.588399,0.6864655,7.5903471,9e-08,0.0,0.0,0.0,9e-08,0.0,0.0,0.0,9e-08
1536693207256178616,5308,1536693207254454712,base_link,0.0,0.0,0.0,0.0,-1.0,0.0,0.0,0.0,0.0,0.0,0.0,0.0,0.0,0.097,0.12,-0.118,1.21846967915e-07,0.0,0.0,0.0,1.21846967915e-07,0.0,0.0,0.0,1.21846967915e-07,0.59820565,0.6668522,7.05098135,9e-08,0.0,0.0,0.0,9e-08,0.0,0.0,0.0,9e-08
1536693207367270456,5309,1536693207366627640,base_link,0.0,0.0,0.0,0.0,-1.0,0.0,0.0,0.0,0.0,0.0,0.0,0.0,0.0,0.1,0.014,-0.103,1.21846967915e-07,0.0,0.0,0.0,1.21846967915e-07,0.0,0.0,0.0,1.21846967915e-07,0.59820565,0.6080123,7.6884136,9e-08,0.0,0.0,0.0,9e-08,0.0,0.0,0.0,9e-08
1536693207472684728,5310,1536693207470485464,base_link,0.0,0.0,0.0,0.0,-1.0,0.0,0.0,0.0,0.0,0.0,0.0,0.0,0.0,0.104,-0.042,-0.083,1.21846967915e-07,0.0,0.0,0.0,1.21846967915e-07,0.0,0.0,0.0,1.21846967915e-07,0.7256921,0.63743225,8.48275225,9e-08,0.0,0.0,0.0,9e-08,0.0,0.0,0.0,9e-08
1536693207562857368,5311,1536693207562118488,base_link,0.0,0.0,0.0,0.0,-1.0,0.0,0.0,0.0,0.0,0.0,0.0,0.0,0.0,0.122,-0.062,-0.061,1.21846967915e-07,0.0,0.0,0.0,1.21846967915e-07,0.0,0.0,0.0,1.21846967915e-07,0.73549875,0.57859235,8.7867584,9e-08,0.0,0.0,0.0,9e-08,0.0,0.0,0.0,9e-08
1536693207688946616,5312,1536693207681603224,base_link,0.0,0.0,0.0,0.0,-1.0,0.0,0.0,0.0,0.0,0.0,0.0,0.0,0.0,0.08,-0.08,-0.033,1.21846967915e-07,0.0,0.0,0.0,1.21846967915e-07,0.0,0.0,0.0,1.21846967915e-07,0.87279185,0.7060788,9.8851032,9e-08,0.0,0.0,0.0,9e-08,0.0,0.0,0.0,9e-08
1536693207763177144,5313,1536693207762823064,base_link,0.0,0.0,0.0,0.0,-1.0,0.0,0.0,0.0,0.0,0.0,0.0,0.0,0.0,-0.004,-0.066,-0.007,1.21846967915e-07,0.0,0.0,0.0,1.21846967915e-07,0.0,0.0,0.0,1.21846967915e-07,0.89240515,0.73549875,10.3754357,9e-08,0.0,0.0,0.0,9e-08,0.0,0.0,0.0,9e-08
1536693207843411736,5314,1536693207835776280,base_link,0.0,0.0,0.0,0.0,-1.0,0.0,0.0,0.0,0.0,0.0,0.0,0.0,0.0,-0.14,-0.037,0.017,1.21846967915e-07,0.0,0.0,0.0,1.21846967915e-07,0.0,0.0,0.0,1.21846967915e-07,0.93163175,0.81395195,10.36562905,9e-08,0.0,0.0,0.0,9e-08,0.0,0.0,0.0,9e-08
1536693207964095416,5315,1536693207962280504,base_link,0.0,0.0,0.0,0.0,-1.0,0.0,0.0,0.0,0.0,0.0,0.0,0.0,0.0,-0.218,-0.026,0.033,1.21846967915e-07,0.0,0.0,0.0,1.21846967915e-07,0.0,0.0,0.0,1.21846967915e-07,0.93163175,0.8237586,10.0420096,9e-08,0.0,0.0,0.0,9e-08,0.0,0.0,0.0,9e-08
1536693208066230296,5316,1536693208064541048,base_link,0.0,0.0,0.0,0.0,-1.0,0.0,0.0,0.0,0.0,0.0,0.0,0.0,0.0,-0.214,-0.042,0.029,1.21846967915e-07,0.0,0.0,0.0,1.21846967915e-07,0.0,0.0,0.0,1.21846967915e-07,0.980665,0.9218251,10.52253545,9e-08,0.0,0.0,0.0,9e-08,0.0,0.0,0.0,9e-08
1536693208176974168,5317,1536693208176512472,base_link,0.0,0.0,0.0,0.0,-1.0,0.0,0.0,0.0,0.0,0.0,0.0,0.0,0.0,-0.135,-0.014,0.001,1.21846967915e-07,0.0,0.0,0.0,1.21846967915e-07,0.0,0.0,0.0,1.21846967915e-07,0.91201845,0.8825985,10.591182,9e-08,0.0,0.0,0.0,9e-08,0.0,0.0,0.0,9e-08
1536693208256417432,5318,1536693208254076664,base_link,0.0,0.0,0.0,0.0,-1.0,0.0,0.0,0.0,0.0,0.0,0.0,0.0,0.0,-0.094,0.021,-0.006,1.21846967915e-07,0.0,0.0,0.0,1.21846967915e-07,0.0,0.0,0.0,1.21846967915e-07,0.79433865,0.9218251,10.48330885,9e-08,0.0,0.0,0.0,9e-08,0.0,0.0,0.0,9e-08
1536693208373961720,5319,1536693208373291288,base_link,0.0,0.0,0.0,0.0,-1.0,0.0,0.0,0.0,0.0,0.0,0.0,0.0,0.0,-0.079,0.003,-0.008,1.21846967915e-07,0.0,0.0,0.0,1.21846967915e-07,0.0,0.0,0.0,1.21846967915e-07,0.8433719,0.8433719,10.18910935,9e-08,0.0,0.0,0.0,9e-08,0.0,0.0,0.0,9e-08
1536693208454913112,5320,1536693208454273592,base_link,0.0,0.0,0.0,0.0,-1.0,0.0,0.0,0.0,0.0,0.0,0.0,0.0,0.0,0.032,-0.003,-0.022,1.21846967915e-07,0.0,0.0,0.0,1.21846967915e-07,0.0,0.0,0.0,1.21846967915e-07,0.77472535,0.8237586,10.20872265,9e-08,0.0,0.0,0.0,9e-08,0.0,0.0,0.0,9e-08
1536693208578637336,5321,1536693208578041400,base_link,0.0,0.0,0.0,0.0,-1.0,0.0,0.0,0.0,0.0,0.0,0.0,0.0,0.0,0.076,-0.022,-0.018,1.21846967915e-07,0.0,0.0,0.0,1.21846967915e-07,0.0,0.0,0.0,1.21846967915e-07,0.75511205,0.77472535,10.3165958,9e-08,0.0,0.0,0.0,9e-08,0.0,0.0,0.0,9e-08
1536693208707089656,5322,1536693208706387448,base_link,0.0,0.0,0.0,0.0,-1.0,0.0,0.0,0.0,0.0,0.0,0.0,0.0,0.0,0.057,-0.041,-0.014,1.21846967915e-07,0.0,0.0,0.0,1.21846967915e-07,0.0,0.0,0.0,1.21846967915e-07,0.79433865,0.7256921,10.24794925,9e-08,0.0,0.0,0.0,9e-08,0.0,0.0,0.0,9e-08
1536693208778681080,5323,1536693208776377304,base_link,0.0,0.0,0.0,0.0,-1.0,0.0,0.0,0.0,0.0,0.0,0.0,0.0,0.0,-0.009,-0.066,-0.002,1.21846967915e-07,0.0,0.0,0.0,1.21846967915e-07,0.0,0.0,0.0,1.21846967915e-07,0.8041453,0.7649187,10.3362091,9e-08,0.0,0.0,0.0,9e-08,0.0,0.0,0.0,9e-08
1536693208854416600,5324,1536693208853568920,base_link,0.0,0.0,0.0,0.0,-1.0,0.0,0.0,0.0,0.0,0.0,0.0,0.0,0.0,0.015,-0.046,0.002,1.21846967915e-07,0.0,0.0,0.0,1.21846967915e-07,0.0,0.0,0.0,1.21846967915e-07,0.87279185,0.77472535,10.4146623,9e-08,0.0,0.0,0.0,9e-08,0.0,0.0,0.0,9e-08
1536693208959505944,5325,1536693208956272024,base_link,0.0,0.0,0.0,0.0,-1.0,0.0,0.0,0.0,0.0,0.0,0.0,0.0,0.0,-0.015,-0.026,-0.005,1.21846967915e-07,0.0,0.0,0.0,1.21846967915e-07,0.0,0.0,0.0,1.21846967915e-07,0.8041453,0.8041453,10.4146623,9e-08,0.0,0.0,0.0,9e-08,0.0,0.0,0.0,9e-08
1536693209064409048,5326,1536693209062813976,base_link,0.0,0.0,0.0,0.0,-1.0,0.0,0.0,0.0,0.0,0.0,0.0,0.0,0.0,-0.039,-0.018,-0.016,1.21846967915e-07,0.0,0.0,0.0,1.21846967915e-07,0.0,0.0,0.0,1.21846967915e-07,0.73549875,0.6472389,9.91452315,9e-08,0.0,0.0,0.0,9e-08,0.0,0.0,0.0,9e-08
1536693209175387640,5327,1536693209174950200,base_link,0.0,0.0,0.0,0.0,-1.0,0.0,0.0,0.0,0.0,0.0,0.0,0.0,0.0,0.005,-0.005,-0.002,1.21846967915e-07,0.0,0.0,0.0,1.21846967915e-07,0.0,0.0,0.0,1.21846967915e-07,0.8237586,0.79433865,10.1400761,9e-08,0.0,0.0,0.0,9e-08,0.0,0.0,0.0,9e-08
1536693209243812888,5328,1536693209243119224,base_link,0.0,0.0,0.0,0.0,-1.0,0.0,0.0,0.0,0.0,0.0,0.0,0.0,0.0,-0.016,0.024,-2.93915231795e-18,1.21846967915e-07,0.0,0.0,0.0,1.21846967915e-07,0.0,0.0,0.0,1.21846967915e-07,0.69627215,0.7453054,10.24794925,9e-08,0.0,0.0,0.0,9e-08,0.0,0.0,0.0,9e-08
1536693209361067576,5329,1536693209359818328,base_link,0.0,0.0,0.0,0.0,-1.0,0.0,0.0,0.0,0.0,0.0,0.0,0.0,0.0,-0.011,0.087,-0.002,1.21846967915e-07,0.0,0.0,0.0,1.21846967915e-07,0.0,0.0,0.0,1.21846967915e-07,0.50013915,0.61781895,8.9828914,9e-08,0.0,0.0,0.0,9e-08,0.0,0.0,0.0,9e-08
1536693209464700696,5330,1536693209457849432,base_link,0.0,0.0,0.0,0.0,-1.0,0.0,0.0,0.0,0.0,0.0,0.0,0.0,0.0,-0.031,0.084,-0.004,1.21846967915e-07,0.0,0.0,0.0,1.21846967915e-07,0.0,0.0,0.0,1.21846967915e-07,0.4707192,0.53936575,8.38468575,9e-08,0.0,0.0,0.0,9e-08,0.0,0.0,0.0,9e-08
1536693209530094168,5331,1536693209529714776,base_link,0.0,0.0,0.0,0.0,-1.0,0.0,0.0,0.0,0.0,0.0,0.0,0.0,0.0,0.044,0.045,0.024,1.21846967915e-07,0.0,0.0,0.0,1.21846967915e-07,0.0,0.0,0.0,1.21846967915e-07,0.5687857,0.73549875,9.03192465,9e-08,0.0,0.0,0.0,9e-08,0.0,0.0,0.0,9e-08
1536693209687169240,5332,1536693209686354264,base_link,0.0,0.0,0.0,0.0,-1.0,0.0,0.0,0.0,0.0,0.0,0.0,0.0,0.0,0.183,-0.025,0.011,1.21846967915e-07,0.0,0.0,0.0,1.21846967915e-07,0.0,0.0,0.0,1.21846967915e-07,0.73549875,0.784532,9.8851032,9e-08,0.0,0.0,0.0,9e-08,0.0,0.0,0.0,9e-08
1536693209826743128,5333,1536693209825781112,base_link,0.0,0.0,0.0,0.0,-1.0,0.0,0.0,0.0,0.0,0.0,0.0,0.0,0.0,0.121,0.005,0.008,1.21846967915e-07,0.0,0.0,0.0,1.21846967915e-07,0.0,0.0,0.0,1.21846967915e-07,0.75511205,0.79433865,9.71839015,9e-08,0.0,0.0,0.0,9e-08,0.0,0.0,0.0,9e-08
1536693209863951288,5334,1536693209863607192,base_link,0.0,0.0,0.0,0.0,-1.0,0.0,0.0,0.0,0.0,0.0,0.0,0.0,0.0,0.111,4.89858719659e-19,0.004,1.21846967915e-07,0.0,0.0,0.0,1.21846967915e-07,0.0,0.0,0.0,1.21846967915e-07,0.8041453,0.81395195,9.73800345,9e-08,0.0,0.0,0.0,9e-08,0.0,0.0,0.0,9e-08
1536693209938537080,5335,1536693209938034584,base_link,0.0,0.0,0.0,0.0,-1.0,0.0,0.0,0.0,0.0,0.0,0.0,0.0,0.0,0.053,-0.03,3.67394039744e-18,1.21846967915e-07,0.0,0.0,0.0,1.21846967915e-07,0.0,0.0,0.0,1.21846967915e-07,0.83356525,0.7453054,9.95374975,9e-08,0.0,0.0,0.0,9e-08,0.0,0.0,0.0,9e-08
1536693210054230616,5336,1536693210053419736,base_link,0.0,0.0,0.0,0.0,-1.0,0.0,0.0,0.0,0.0,0.0,0.0,0.0,0.0,0.121,-0.022,2.69422295812e-18,1.21846967915e-07,0.0,0.0,0.0,1.21846967915e-07,0.0,0.0,0.0,1.21846967915e-07,0.7649187,0.93163175,9.4536106,9e-08,0.0,0.0,0.0,9e-08,0.0,0.0,0.0,9e-08
1536693210153699896,5337,1536693210153135800,base_link,0.0,0.0,0.0,0.0,-1.0,0.0,0.0,0.0,0.0,0.0,0.0,0.0,0.0,-0.068,-0.034,-0.01,1.21846967915e-07,0.0,0.0,0.0,1.21846967915e-07,0.0,0.0,0.0,1.21846967915e-07,0.6864655,1.0002783,8.95347145,9e-08,0.0,0.0,0.0,9e-08,0.0,0.0,0.0,9e-08
1536693210270966808,5338,1536693210270270232,base_link,0.0,0.0,0.0,0.0,-1.0,0.0,0.0,0.0,0.0,0.0,0.0,0.0,0.0,-0.136,-0.052,-0.029,1.21846967915e-07,0.0,0.0,0.0,1.21846967915e-07,0.0,0.0,0.0,1.21846967915e-07,0.79433865,0.9414384,9.91452315,9e-08,0.0,0.0,0.0,9e-08,0.0,0.0,0.0,9e-08
1536693210357235480,5339,1536693210356673624,base_link,0.0,0.0,0.0,0.0,-1.0,0.0,0.0,0.0,0.0,0.0,0.0,0.0,0.0,-0.138,-0.022,-0.056,1.21846967915e-07,0.0,0.0,0.0,1.21846967915e-07,0.0,0.0,0.0,1.21846967915e-07,0.8041453,0.89240515,9.71839015,9e-08,0.0,0.0,0.0,9e-08,0.0,0.0,0.0,9e-08
1536693210457250072,5340,1536693210456550264,base_link,0.0,0.0,0.0,0.0,-1.0,0.0,0.0,0.0,0.0,0.0,0.0,0.0,0.0,-0.062,-0.01,-0.056,1.21846967915e-07,0.0,0.0,0.0,1.21846967915e-07,0.0,0.0,0.0,1.21846967915e-07,0.8433719,0.784532,9.4339973,9e-08,0.0,0.0,0.0,9e-08,0.0,0.0,0.0,9e-08
1536693210598327416,5341,1536693210597797400,base_link,0.0,0.0,0.0,0.0,-1.0,0.0,0.0,0.0,0.0,0.0,0.0,0.0,0.0,0.045,-0.016,-0.056,1.21846967915e-07,0.0,0.0,0.0,1.21846967915e-07,0.0,0.0,0.0,1.21846967915e-07,0.79433865,0.6864655,9.7478101,9e-08,0.0,0.0,0.0,9e-08,0.0,0.0,0.0,9e-08
1536693210648766424,5342,1536693210647915384,base_link,0.0,0.0,0.0,0.0,-1.0,0.0,0.0,0.0,0.0,0.0,0.0,0.0,0.0,-0.027,-0.048,-0.055,1.21846967915e-07,0.0,0.0,0.0,1.21846967915e-07,0.0,0.0,0.0,1.21846967915e-07,0.8237586,0.55897905,10.1793027,9e-08,0.0,0.0,0.0,9e-08,0.0,0.0,0.0,9e-08
1536693210762894104,5343,1536693210762230488,base_link,0.0,0.0,0.0,0.0,-1.0,0.0,0.0,0.0,0.0,0.0,0.0,0.0,0.0,-0.084,-0.088,-0.013,1.21846967915e-07,0.0,0.0,0.0,1.21846967915e-07,0.0,0.0,0.0,1.21846967915e-07,0.9022118,0.5491724,10.20872265,9e-08,0.0,0.0,0.0,9e-08,0.0,0.0,0.0,9e-08
1536693210886764408,5344,1536693210886143416,base_link,0.0,0.0,0.0,0.0,-1.0,0.0,0.0,0.0,0.0,0.0,0.0,0.0,0.0,-0.075,-0.057,0.032,1.21846967915e-07,0.0,0.0,0.0,1.21846967915e-07,0.0,0.0,0.0,1.21846967915e-07,1.0591182,0.7649187,11.0422879,9e-08,0.0,0.0,0.0,9e-08,0.0,0.0,0.0,9e-08
1536693210971835864,5345,1536693210970351608,base_link,0.0,0.0,0.0,0.0,-1.0,0.0,0.0,0.0,0.0,0.0,0.0,0.0,0.0,-0.132,-0.051,0.053,1.21846967915e-07,0.0,0.0,0.0,1.21846967915e-07,0.0,0.0,0.0,1.21846967915e-07,1.176798,0.89240515,11.26784085,9e-08,0.0,0.0,0.0,9e-08,0.0,0.0,0.0,9e-08
1536693211048593944,5346,1536693211047557400,base_link,0.0,0.0,0.0,0.0,-1.0,0.0,0.0,0.0,0.0,0.0,0.0,0.0,0.0,-0.158,-0.025,0.059,1.21846967915e-07,0.0,0.0,0.0,1.21846967915e-07,0.0,0.0,0.0,1.21846967915e-07,1.14737805,1.02969825,11.26784085,9e-08,0.0,0.0,0.0,9e-08,0.0,0.0,0.0,9e-08
1536693211163602104,5347,1536693211162456504,base_link,0.0,0.0,0.0,0.0,-1.0,0.0,0.0,0.0,0.0,0.0,0.0,0.0,0.0,-0.073,-0.005,0.031,1.21846967915e-07,0.0,0.0,0.0,1.21846967915e-07,0.0,0.0,0.0,1.21846967915e-07,1.26505785,0.93163175,11.48358715,9e-08,0.0,0.0,0.0,9e-08,0.0,0.0,0.0,9e-08
1536693211269361112,5348,1536693211268907288,base_link,0.0,0.0,0.0,0.0,-1.0,0.0,0.0,0.0,0.0,0.0,0.0,0.0,0.0,-0.048,3.06161699787e-18,0.025,1.21846967915e-07,0.0,0.0,0.0,1.21846967915e-07,0.0,0.0,0.0,1.21846967915e-07,1.3140911,0.8041453,11.83662655,9e-08,0.0,0.0,0.0,9e-08,0.0,0.0,0.0,9e-08
1536693211351661368,5349,1536693211350640728,base_link,0.0,0.0,0.0,0.0,-1.0,0.0,0.0,0.0,0.0,0.0,0.0,0.0,0.0,-0.057,0.006,0.017,1.21846967915e-07,0.0,0.0,0.0,1.21846967915e-07,0.0,0.0,0.0,1.21846967915e-07,1.3337044,0.77472535,12.11121275,9e-08,0.0,0.0,0.0,9e-08,0.0,0.0,0.0,9e-08
1536693211459700344,5350,1536693211456699640,base_link,0.0,0.0,0.0,0.0,-1.0,0.0,0.0,0.0,0.0,0.0,0.0,0.0,0.0,-0.032,0.007,0.033,1.21846967915e-07,0.0,0.0,0.0,1.21846967915e-07,0.0,0.0,0.0,1.21846967915e-07,1.30428445,0.7453054,12.01314625,9e-08,0.0,0.0,0.0,9e-08,0.0,0.0,0.0,9e-08
1536693211547872984,5351,1536693211547302904,base_link,0.0,0.0,0.0,0.0,-1.0,0.0,0.0,0.0,0.0,0.0,0.0,0.0,0.0,0.094,0.037,0.04,1.21846967915e-07,0.0,0.0,0.0,1.21846967915e-07,0.0,0.0,0.0,1.21846967915e-07,1.08853815,0.9022118,11.38552065,9e-08,0.0,0.0,0.0,9e-08,0.0,0.0,0.0,9e-08
1536693211664032664,5352,1536693211663392088,base_link,0.0,0.0,0.0,0.0,-1.0,0.0,0.0,0.0,0.0,0.0,0.0,0.0,0.0,-0.026,0.021,0.038,1.21846967915e-07,0.0,0.0,0.0,1.21846967915e-07,0.0,0.0,0.0,1.21846967915e-07,0.980665,0.93163175,10.99325465,9e-08,0.0,0.0,0.0,9e-08,0.0,0.0,0.0,9e-08
1536693211757466520,5353,1536693211756705144,base_link,0.0,0.0,0.0,0.0,-1.0,0.0,0.0,0.0,0.0,0.0,0.0,0.0,0.0,0.059,0.07,0.021,1.21846967915e-07,0.0,0.0,0.0,1.21846967915e-07,0.0,0.0,0.0,1.21846967915e-07,0.93163175,0.85317855,10.8461549,9e-08,0.0,0.0,0.0,9e-08,0.0,0.0,0.0,9e-08
1536693211852040088,5354,1536693211851358904,base_link,0.0,0.0,0.0,0.0,-1.0,0.0,0.0,0.0,0.0,0.0,0.0,0.0,0.0,0.006,0.115,0.026,1.21846967915e-07,0.0,0.0,0.0,1.21846967915e-07,0.0,0.0,0.0,1.21846967915e-07,0.97085835,0.95124505,10.58137535,9e-08,0.0,0.0,0.0,9e-08,0.0,0.0,0.0,9e-08
1536693211972334040,5355,1536693211971324920,base_link,0.0,0.0,0.0,0.0,-1.0,0.0,0.0,0.0,0.0,0.0,0.0,0.0,0.0,-0.069,0.072,0.024,1.21846967915e-07,0.0,0.0,0.0,1.21846967915e-07,0.0,0.0,0.0,1.21846967915e-07,0.9218251,0.91201845,10.3558224,9e-08,0.0,0.0,0.0,9e-08,0.0,0.0,0.0,9e-08
1536693212053741112,5356,1536693212053005848,base_link,0.0,0.0,0.0,0.0,-1.0,0.0,0.0,0.0,0.0,0.0,0.0,0.0,0.0,-0.195,0.059,0.013,1.21846967915e-07,0.0,0.0,0.0,1.21846967915e-07,0.0,0.0,0.0,1.21846967915e-07,0.81395195,0.9414384,9.9635564,9e-08,0.0,0.0,0.0,9e-08,0.0,0.0,0.0,9e-08
1536693212169032952,5357,1536693212167594008,base_link,0.0,0.0,0.0,0.0,-1.0,0.0,0.0,0.0,0.0,0.0,0.0,0.0,0.0,-0.019,0.043,-0.014,1.21846967915e-07,0.0,0.0,0.0,1.21846967915e-07,0.0,0.0,0.0,1.21846967915e-07,0.8237586,0.85317855,9.7478101,9e-08,0.0,0.0,0.0,9e-08,0.0,0.0,0.0,9e-08
1536693212274822520,5358,1536693212274164568,base_link,0.0,0.0,0.0,0.0,-1.0,0.0,0.0,0.0,0.0,0.0,0.0,0.0,0.0,-0.049,0.031,-0.018,1.21846967915e-07,0.0,0.0,0.0,1.21846967915e-07,0.0,0.0,0.0,1.21846967915e-07,0.8433719,0.9414384,10.2185293,9e-08,0.0,0.0,0.0,9e-08,0.0,0.0,0.0,9e-08
1536693212357221944,5359,1536693212356396152,base_link,0.0,0.0,0.0,0.0,-1.0,0.0,0.0,0.0,0.0,0.0,0.0,0.0,0.0,-0.054,0.085,-0.016,1.21846967915e-07,0.0,0.0,0.0,1.21846967915e-07,0.0,0.0,0.0,1.21846967915e-07,0.8237586,0.9218251,10.07142955,9e-08,0.0,0.0,0.0,9e-08,0.0,0.0,0.0,9e-08
1536693212453947224,5360,1536693212453593816,base_link,0.0,0.0,0.0,0.0,-1.0,0.0,0.0,0.0,0.0,0.0,0.0,0.0,0.0,0.022,0.124,-0.032,1.21846967915e-07,0.0,0.0,0.0,1.21846967915e-07,0.0,0.0,0.0,1.21846967915e-07,0.6276256,0.87279185,9.218251,9e-08,0.0,0.0,0.0,9e-08,0.0,0.0,0.0,9e-08
1536693212557051800,5361,1536693212555257560,base_link,0.0,0.0,0.0,0.0,-1.0,0.0,0.0,0.0,0.0,0.0,0.0,0.0,0.0,0.08,0.092,-0.059,1.21846967915e-07,0.0,0.0,0.0,1.21846967915e-07,0.0,0.0,0.0,1.21846967915e-07,0.61781895,0.7649187,8.6102387,9e-08,0.0,0.0,0.0,9e-08,0.0,0.0,0.0,9e-08
1536693212636238616,5362,1536693212635319000,base_link,0.0,0.0,0.0,0.0,-1.0,0.0,0.0,0.0,0.0,0.0,0.0,0.0,0.0,0.081,0.073,-0.047,1.21846967915e-07,0.0,0.0,0.0,1.21846967915e-07,0.0,0.0,0.0,1.21846967915e-07,0.51975245,0.73549875,8.7475318,9e-08,0.0,0.0,0.0,9e-08,0.0,0.0,0.0,9e-08
1536693212777345624,5363,1536693212776843128,base_link,0.0,0.0,0.0,0.0,-1.0,0.0,0.0,0.0,0.0,0.0,0.0,0.0,0.0,0.122,0.068,-0.04,1.21846967915e-07,0.0,0.0,0.0,1.21846967915e-07,0.0,0.0,0.0,1.21846967915e-07,0.6080123,0.67665885,8.67888525,9e-08,0.0,0.0,0.0,9e-08,0.0,0.0,0.0,9e-08
1536693212853483384,5364,1536693212853021720,base_link,0.0,0.0,0.0,0.0,-1.0,0.0,0.0,0.0,0.0,0.0,0.0,0.0,0.0,0.146,0.089,-0.047,1.21846967915e-07,0.0,0.0,0.0,1.21846967915e-07,0.0,0.0,0.0,1.21846967915e-07,0.59820565,0.588399,8.5906254,9e-08,0.0,0.0,0.0,9e-08,0.0,0.0,0.0,9e-08
1536693212962694168,5365,1536693212961892280,base_link,0.0,0.0,0.0,0.0,-1.0,0.0,0.0,0.0,0.0,0.0,0.0,0.0,0.0,0.163,0.028,-0.03,1.21846967915e-07,0.0,0.0,0.0,1.21846967915e-07,0.0,0.0,0.0,1.21846967915e-07,0.59820565,0.5687857,8.44352565,9e-08,0.0,0.0,0.0,9e-08,0.0,0.0,0.0,9e-08
1536693213052482104,5366,1536693213051976088,base_link,0.0,0.0,0.0,0.0,-1.0,0.0,0.0,0.0,0.0,0.0,0.0,0.0,0.0,0.132,-0.002,-0.012,1.21846967915e-07,0.0,0.0,0.0,1.21846967915e-07,0.0,0.0,0.0,1.21846967915e-07,0.6080123,0.71588545,8.825985,9e-08,0.0,0.0,0.0,9e-08,0.0,0.0,0.0,9e-08
1536693213158123160,5367,1536693213154210360,base_link,0.0,0.0,0.0,0.0,-1.0,0.0,0.0,0.0,0.0,0.0,0.0,0.0,0.0,0.087,0.046,-0.004,1.21846967915e-07,0.0,0.0,0.0,1.21846967915e-07,0.0,0.0,0.0,1.21846967915e-07,0.69627215,0.6864655,9.44380395,9e-08,0.0,0.0,0.0,9e-08,0.0,0.0,0.0,9e-08
1536693213348584280,5368,1536693213347944760,base_link,0.0,0.0,0.0,0.0,-1.0,0.0,0.0,0.0,0.0,0.0,0.0,0.0,0.0,-0.012,0.015,0.014,1.21846967915e-07,0.0,0.0,0.0,1.21846967915e-07,0.0,0.0,0.0,1.21846967915e-07,0.50013915,0.75511205,9.5124505,9e-08,0.0,0.0,0.0,9e-08,0.0,0.0,0.0,9e-08
1536693213370930456,5369,1536693213370461272,base_link,0.0,0.0,0.0,0.0,-1.0,0.0,0.0,0.0,0.0,0.0,0.0,0.0,0.0,-0.027,0.016,0.011,1.21846967915e-07,0.0,0.0,0.0,1.21846967915e-07,0.0,0.0,0.0,1.21846967915e-07,0.61781895,0.7060788,9.414384,9e-08,0.0,0.0,0.0,9e-08,0.0,0.0,0.0,9e-08
1536693213462861176,5370,1536693213461271704,base_link,0.0,0.0,0.0,0.0,-1.0,0.0,0.0,0.0,0.0,0.0,0.0,0.0,0.0,0.021,-0.032,0.006,1.21846967915e-07,0.0,0.0,0.0,1.21846967915e-07,0.0,0.0,0.0,1.21846967915e-07,0.6080123,0.73549875,9.5320638,9e-08,0.0,0.0,0.0,9e-08,0.0,0.0,0.0,9e-08
1536693213604679864,5371,1536693213604080120,base_link,0.0,0.0,0.0,0.0,-1.0,0.0,0.0,0.0,0.0,0.0,0.0,0.0,0.0,-0.023,-0.033,0.024,1.21846967915e-07,0.0,0.0,0.0,1.21846967915e-07,0.0,0.0,0.0,1.21846967915e-07,0.85317855,0.87279185,10.3754357,9e-08,0.0,0.0,0.0,9e-08,0.0,0.0,0.0,9e-08
1536693213678097400,5372,1536693213677019640,base_link,0.0,0.0,0.0,0.0,-1.0,0.0,0.0,0.0,0.0,0.0,0.0,0.0,0.0,-0.042,-0.023,0.003,1.21846967915e-07,0.0,0.0,0.0,1.21846967915e-07,0.0,0.0,0.0,1.21846967915e-07,0.8041453,0.87279185,10.65982855,9e-08,0.0,0.0,0.0,9e-08,0.0,0.0,0.0,9e-08
1536693213802548312,5373,1536693213802087512,base_link,0.0,0.0,0.0,0.0,-1.0,0.0,0.0,0.0,0.0,0.0,0.0,0.0,0.0,-0.074,0.017,0.005,1.21846967915e-07,0.0,0.0,0.0,1.21846967915e-07,0.0,0.0,0.0,1.21846967915e-07,0.79433865,0.85317855,10.22833595,9e-08,0.0,0.0,0.0,9e-08,0.0,0.0,0.0,9e-08
1536693213861495896,5374,1536693213860483928,base_link,0.0,0.0,0.0,0.0,-1.0,0.0,0.0,0.0,0.0,0.0,0.0,0.0,0.0,-0.09,-0.001,0.006,1.21846967915e-07,0.0,0.0,0.0,1.21846967915e-07,0.0,0.0,0.0,1.21846967915e-07,0.8041453,0.8629852,10.2773692,9e-08,0.0,0.0,0.0,9e-08,0.0,0.0,0.0,9e-08
1536693213957292248,5375,1536693213956102456,base_link,0.0,0.0,0.0,0.0,-1.0,0.0,0.0,0.0,0.0,0.0,0.0,0.0,0.0,-0.106,-0.024,0.007,1.21846967915e-07,0.0,0.0,0.0,1.21846967915e-07,0.0,0.0,0.0,1.21846967915e-07,0.6668522,0.7649187,9.75761675,9e-08,0.0,0.0,0.0,9e-08,0.0,0.0,0.0,9e-08
1536693214086349592,5376,1536693214085727160,base_link,0.0,0.0,0.0,0.0,-1.0,0.0,0.0,0.0,0.0,0.0,0.0,0.0,0.0,0.025,-0.015,-0.007,1.21846967915e-07,0.0,0.0,0.0,1.21846967915e-07,0.0,0.0,0.0,1.21846967915e-07,0.7256921,0.6864655,9.9243298,9e-08,0.0,0.0,0.0,9e-08,0.0,0.0,0.0,9e-08
1536693214178269368,5377,1536693214177642584,base_link,0.0,0.0,0.0,0.0,-1.0,0.0,0.0,0.0,0.0,0.0,0.0,0.0,0.0,0.17,-0.018,-0.01,1.21846967915e-07,0.0,0.0,0.0,1.21846967915e-07,0.0,0.0,0.0,1.21846967915e-07,0.8825985,0.75511205,10.77750835,9e-08,0.0,0.0,0.0,9e-08,0.0,0.0,0.0,9e-08
1536693214246732856,5378,1536693214246399864,base_link,0.0,0.0,0.0,0.0,-1.0,0.0,0.0,0.0,0.0,0.0,0.0,0.0,0.0,0.242,-0.034,-0.017,1.21846967915e-07,0.0,0.0,0.0,1.21846967915e-07,0.0,0.0,0.0,1.21846967915e-07,1.04931155,0.7649187,11.42474725,9e-08,0.0,0.0,0.0,9e-08,0.0,0.0,0.0,9e-08
1536693214357130840,5379,1536693214356696568,base_link,0.0,0.0,0.0,0.0,-1.0,0.0,0.0,0.0,0.0,0.0,0.0,0.0,0.0,0.021,0.011,-0.01,1.21846967915e-07,0.0,0.0,0.0,1.21846967915e-07,0.0,0.0,0.0,1.21846967915e-07,0.51975245,0.51975245,9.8654899,9e-08,0.0,0.0,0.0,9e-08,0.0,0.0,0.0,9e-08
1536693214463572888,5380,1536693214461574616,base_link,0.0,0.0,0.0,0.0,-1.0,0.0,0.0,0.0,0.0,0.0,0.0,0.0,0.0,0.141,0.04,0.03,1.21846967915e-07,0.0,0.0,0.0,1.21846967915e-07,0.0,0.0,0.0,1.21846967915e-07,0.40207265,0.6276256,9.30651085,9e-08,0.0,0.0,0.0,9e-08,0.0,0.0,0.0,9e-08
1536693214550918296,5381,1536693214550445720,base_link,0.0,0.0,0.0,0.0,-1.0,0.0,0.0,0.0,0.0,0.0,0.0,0.0,0.0,0.08,0.034,0.063,1.21846967915e-07,0.0,0.0,0.0,1.21846967915e-07,0.0,0.0,0.0,1.21846967915e-07,0.46091255,1.2356379,8.433719,9e-08,0.0,0.0,0.0,9e-08,0.0,0.0,0.0,9e-08
1536693214665319864,5382,1536693214664694680,base_link,0.0,0.0,0.0,0.0,-1.0,0.0,0.0,0.0,0.0,0.0,0.0,0.0,0.0,-0.16,1.46957615898e-18,0.012,1.21846967915e-07,0.0,0.0,0.0,1.21846967915e-07,0.0,0.0,0.0,1.21846967915e-07,0.55897905,1.3925443,10.13026945,9e-08,0.0,0.0,0.0,9e-08,0.0,0.0,0.0,9e-08
1536693214772676024,5383,1536693214772098200,base_link,0.0,0.0,0.0,0.0,-1.0,0.0,0.0,0.0,0.0,0.0,0.0,0.0,0.0,-0.027,0.045,-0.085,1.21846967915e-07,0.0,0.0,0.0,1.21846967915e-07,0.0,0.0,0.0,1.21846967915e-07,0.48052585,1.32389775,9.56148375,9e-08,0.0,0.0,0.0,9e-08,0.0,0.0,0.0,9e-08
1536693214864258456,5384,1536693214862389272,base_link,0.0,0.0,0.0,0.0,-1.0,0.0,0.0,0.0,0.0,0.0,0.0,0.0,0.0,-0.113,0.062,-0.14,1.21846967915e-07,0.0,0.0,0.0,1.21846967915e-07,0.0,0.0,0.0,1.21846967915e-07,0.53936575,1.18660465,10.11065615,9e-08,0.0,0.0,0.0,9e-08,0.0,0.0,0.0,9e-08
1536693214970837336,5385,1536693214969878584,base_link,0.0,0.0,0.0,0.0,-1.0,0.0,0.0,0.0,0.0,0.0,0.0,0.0,0.0,-0.066,0.087,-0.188,1.21846967915e-07,0.0,0.0,0.0,1.21846967915e-07,0.0,0.0,0.0,1.21846967915e-07,0.65704555,1.0395049,10.64021525,9e-08,0.0,0.0,0.0,9e-08,0.0,0.0,0.0,9e-08
1536693215062337112,5386,1536693215061317016,base_link,0.0,0.0,0.0,0.0,-1.0,0.0,0.0,0.0,0.0,0.0,0.0,0.0,0.0,0.072,0.027,-0.199,1.21846967915e-07,0.0,0.0,0.0,1.21846967915e-07,0.0,0.0,0.0,1.21846967915e-07,0.46091255,0.85317855,9.87529655,9e-08,0.0,0.0,0.0,9e-08,0.0,0.0,0.0,9e-08
1536693215165670040,5387,1536693215164538008,base_link,0.0,0.0,0.0,0.0,-1.0,0.0,0.0,0.0,0.0,0.0,0.0,0.0,0.0,0.178,-0.031,-0.19,1.21846967915e-07,0.0,0.0,0.0,1.21846967915e-07,0.0,0.0,0.0,1.21846967915e-07,0.3530394,0.65704555,9.93413645,9e-08,0.0,0.0,0.0,9e-08,0.0,0.0,0.0,9e-08
1536693215256231768,5388,1536693215255772792,base_link,0.0,0.0,0.0,0.0,-1.0,0.0,0.0,0.0,0.0,0.0,0.0,0.0,0.0,0.277,-0.094,-0.17,1.21846967915e-07,0.0,0.0,0.0,1.21846967915e-07,0.0,0.0,0.0,1.21846967915e-07,0.3138128,0.4511059,10.40485565,9e-08,0.0,0.0,0.0,9e-08,0.0,0.0,0.0,9e-08
1536693215398319096,5389,1536693215397654168,base_link,0.0,0.0,0.0,0.0,-1.0,0.0,0.0,0.0,0.0,0.0,0.0,0.0,0.0,0.256,-0.11,-0.071,1.21846967915e-07,0.0,0.0,0.0,1.21846967915e-07,0.0,0.0,0.0,1.21846967915e-07,0.57859235,0.392266,10.9638347,9e-08,0.0,0.0,0.0,9e-08,0.0,0.0,0.0,9e-08
1536693215492442648,5390,1536693215491926040,base_link,0.0,0.0,0.0,0.0,-1.0,0.0,0.0,0.0,0.0,0.0,0.0,0.0,0.0,0.198,-0.096,-0.024,1.21846967915e-07,0.0,0.0,0.0,1.21846967915e-07,0.0,0.0,0.0,1.21846967915e-07,0.57859235,0.53936575,11.16977435,9e-08,0.0,0.0,0.0,9e-08,0.0,0.0,0.0,9e-08
1536693215551137240,5391,1536693215550599992,base_link,0.0,0.0,0.0,0.0,-1.0,0.0,0.0,0.0,0.0,0.0,0.0,0.0,0.0,0.059,-0.083,0.018,1.21846967915e-07,0.0,0.0,0.0,1.21846967915e-07,0.0,0.0,0.0,1.21846967915e-07,0.71588545,0.7256921,12.160246,9e-08,0.0,0.0,0.0,9e-08,0.0,0.0,0.0,9e-08
1536693215661917304,5392,1536693215661399704,base_link,0.0,0.0,0.0,0.0,-1.0,0.0,0.0,0.0,0.0,0.0,0.0,0.0,0.0,0.029,-0.053,0.031,1.21846967915e-07,0.0,0.0,0.0,1.21846967915e-07,0.0,0.0,0.0,1.21846967915e-07,0.67665885,0.83356525,11.8856598,9e-08,0.0,0.0,0.0,9e-08,0.0,0.0,0.0,9e-08
1536693215759029784,5393,1536693215758502296,base_link,0.0,0.0,0.0,0.0,-1.0,0.0,0.0,0.0,0.0,0.0,0.0,0.0,0.0,0.058,0.011,0.02,1.21846967915e-07,0.0,0.0,0.0,1.21846967915e-07,0.0,0.0,0.0,1.21846967915e-07,0.4118793,1.04931155,11.0030613,9e-08,0.0,0.0,0.0,9e-08,0.0,0.0,0.0,9e-08
1536693215873949816,5394,1536693215870701528,base_link,0.0,0.0,0.0,0.0,-1.0,0.0,0.0,0.0,0.0,0.0,0.0,0.0,0.0,0.031,-0.001,-0.028,1.21846967915e-07,0.0,0.0,0.0,1.21846967915e-07,0.0,0.0,0.0,1.21846967915e-07,0.32361945,1.176798,10.79712165,9e-08,0.0,0.0,0.0,9e-08,0.0,0.0,0.0,9e-08
1536693215964916888,5395,1536693215964331416,base_link,0.0,0.0,0.0,0.0,-1.0,0.0,0.0,0.0,0.0,0.0,0.0,0.0,0.0,0.124,0.01,-0.091,1.21846967915e-07,0.0,0.0,0.0,1.21846967915e-07,0.0,0.0,0.0,1.21846967915e-07,0.2549729,1.28467115,10.01258965,9e-08,0.0,0.0,0.0,9e-08,0.0,0.0,0.0,9e-08
1536693216052432056,5396,1536693216051968344,base_link,0.0,0.0,0.0,0.0,-1.0,0.0,0.0,0.0,0.0,0.0,0.0,0.0,0.0,0.011,-0.001,-0.164,1.21846967915e-07,0.0,0.0,0.0,1.21846967915e-07,0.0,0.0,0.0,1.21846967915e-07,0.34323275,1.08853815,10.1008495,9e-08,0.0,0.0,0.0,9e-08,0.0,0.0,0.0,9e-08
1536693216184198840,5397,1536693216183575864,base_link,0.0,0.0,0.0,0.0,-1.0,0.0,0.0,0.0,0.0,0.0,0.0,0.0,0.0,0.047,-0.012,-0.207,1.21846967915e-07,0.0,0.0,0.0,1.21846967915e-07,0.0,0.0,0.0,1.21846967915e-07,0.4903325,0.8433719,10.64021525,9e-08,0.0,0.0,0.0,9e-08,0.0,0.0,0.0,9e-08
1536693216252089656,5398,1536693216248839928,base_link,0.0,0.0,0.0,0.0,-1.0,0.0,0.0,0.0,0.0,0.0,0.0,0.0,0.0,0.085,0.001,-0.185,1.21846967915e-07,0.0,0.0,0.0,1.21846967915e-07,0.0,0.0,0.0,1.21846967915e-07,0.42168595,0.8433719,10.99325465,9e-08,0.0,0.0,0.0,9e-08,0.0,0.0,0.0,9e-08
1536693216386147128,5399,1536693216382967800,base_link,0.0,0.0,0.0,0.0,-1.0,0.0,0.0,0.0,0.0,0.0,0.0,0.0,0.0,0.19,0.096,-0.191,1.21846967915e-07,0.0,0.0,0.0,1.21846967915e-07,0.0,0.0,0.0,1.21846967915e-07,0.196133,0.61781895,9.67916355,9e-08,0.0,0.0,0.0,9e-08,0.0,0.0,0.0,9e-08
1536693216455637688,5400,1536693216455051384,base_link,0.0,0.0,0.0,0.0,-1.0,0.0,0.0,0.0,0.0,0.0,0.0,0.0,0.0,0.287,0.056,-0.163,1.21846967915e-07,0.0,0.0,0.0,1.21846967915e-07,0.0,0.0,0.0,1.21846967915e-07,0.04903325,0.53936575,9.3359308,9e-08,0.0,0.0,0.0,9e-08,0.0,0.0,0.0,9e-08
1536693216575560728,5401,1536693216575089400,base_link,0.0,0.0,0.0,0.0,-1.0,0.0,0.0,0.0,0.0,0.0,0.0,0.0,0.0,0.26,-0.015,-0.117,1.21846967915e-07,0.0,0.0,0.0,1.21846967915e-07,0.0,0.0,0.0,1.21846967915e-07,-0.0784532,0.6864655,8.07087295,9e-08,0.0,0.0,0.0,9e-08,0.0,0.0,0.0,9e-08
1536693216649506872,5402,1536693216648558872,base_link,0.0,0.0,0.0,0.0,-1.0,0.0,0.0,0.0,0.0,0.0,0.0,0.0,0.0,0.222,-0.07,-0.113,1.21846967915e-07,0.0,0.0,0.0,1.21846967915e-07,0.0,0.0,0.0,1.21846967915e-07,0.0,0.59820565,8.30623255,9e-08,0.0,0.0,0.0,9e-08,0.0,0.0,0.0,9e-08
1536693216751348856,5403,1536693216750518136,base_link,0.0,0.0,0.0,0.0,-1.0,0.0,0.0,0.0,0.0,0.0,0.0,0.0,0.0,0.099,-0.096,-0.123,1.21846967915e-07,0.0,0.0,0.0,1.21846967915e-07,0.0,0.0,0.0,1.21846967915e-07,0.1569064,0.63743225,9.36535075,9e-08,0.0,0.0,0.0,9e-08,0.0,0.0,0.0,9e-08
1536693216877960344,5404,1536693216877335608,base_link,0.0,0.0,0.0,0.0,-1.0,0.0,0.0,0.0,0.0,0.0,0.0,0.0,0.0,0.066,-0.054,-0.108,1.21846967915e-07,0.0,0.0,0.0,1.21846967915e-07,0.0,0.0,0.0,1.21846967915e-07,0.12748645,0.784532,9.91452315,9e-08,0.0,0.0,0.0,9e-08,0.0,0.0,0.0,9e-08
1536693216966704760,5405,1536693216965746840,base_link,0.0,0.0,0.0,0.0,-1.0,0.0,0.0,0.0,0.0,0.0,0.0,0.0,0.0,0.066,-0.06,-0.11,1.21846967915e-07,0.0,0.0,0.0,1.21846967915e-07,0.0,0.0,0.0,1.21846967915e-07,0.16671305,0.91201845,9.73800345,9e-08,0.0,0.0,0.0,9e-08,0.0,0.0,0.0,9e-08
1536693217067186072,5406,1536693217066370424,base_link,0.0,0.0,0.0,0.0,-1.0,0.0,0.0,0.0,0.0,0.0,0.0,0.0,0.0,0.043,-0.094,-0.107,1.21846967915e-07,0.0,0.0,0.0,1.21846967915e-07,0.0,0.0,0.0,1.21846967915e-07,0.2353596,0.89240515,10.40485565,9e-08,0.0,0.0,0.0,9e-08,0.0,0.0,0.0,9e-08
1536693217171045176,5407,1536693217170646200,base_link,0.0,0.0,0.0,0.0,-1.0,0.0,0.0,0.0,0.0,0.0,0.0,0.0,0.0,0.155,-0.079,-0.149,1.21846967915e-07,0.0,0.0,0.0,1.21846967915e-07,0.0,0.0,0.0,1.21846967915e-07,0.34323275,0.71588545,10.2577559,9e-08,0.0,0.0,0.0,9e-08,0.0,0.0,0.0,9e-08
1536693217254592952,5408,1536693217254045112,base_link,0.0,0.0,0.0,0.0,-1.0,0.0,0.0,0.0,0.0,0.0,0.0,0.0,0.0,0.148,-0.078,-0.151,1.21846967915e-07,0.0,0.0,0.0,1.21846967915e-07,0.0,0.0,0.0,1.21846967915e-07,0.2353596,0.97085835,9.62032365,9e-08,0.0,0.0,0.0,9e-08,0.0,0.0,0.0,9e-08
1536693217349642520,5409,1536693217349244280,base_link,0.0,0.0,0.0,0.0,-1.0,0.0,0.0,0.0,0.0,0.0,0.0,0.0,0.0,0.146,-0.07,-0.17,1.21846967915e-07,0.0,0.0,0.0,1.21846967915e-07,0.0,0.0,0.0,1.21846967915e-07,0.22555295,0.79433865,10.07142955,9e-08,0.0,0.0,0.0,9e-08,0.0,0.0,0.0,9e-08
1536693217465448568,5410,1536693217464977400,base_link,0.0,0.0,0.0,0.0,-1.0,0.0,0.0,0.0,0.0,0.0,0.0,0.0,0.0,0.128,-0.049,-0.171,1.21846967915e-07,0.0,0.0,0.0,1.21846967915e-07,0.0,0.0,0.0,1.21846967915e-07,0.2549729,0.59820565,9.48303055,9e-08,0.0,0.0,0.0,9e-08,0.0,0.0,0.0,9e-08
1536693217551158360,5411,1536693217550660248,base_link,0.0,0.0,0.0,0.0,-1.0,0.0,0.0,0.0,0.0,0.0,0.0,0.0,0.0,0.108,-0.097,-0.146,1.21846967915e-07,0.0,0.0,0.0,1.21846967915e-07,0.0,0.0,0.0,1.21846967915e-07,0.30400615,0.588399,9.38496405,9e-08,0.0,0.0,0.0,9e-08,0.0,0.0,0.0,9e-08
1536693217655884952,5412,1536693217654827608,base_link,0.0,0.0,0.0,0.0,-1.0,0.0,0.0,0.0,0.0,0.0,0.0,0.0,0.0,0.044,-0.118,-0.136,1.21846967915e-07,0.0,0.0,0.0,1.21846967915e-07,0.0,0.0,0.0,1.21846967915e-07,0.2745862,0.6864655,9.34573745,9e-08,0.0,0.0,0.0,9e-08,0.0,0.0,0.0,9e-08
1536693217756295512,5413,1536693217755826104,base_link,0.0,0.0,0.0,0.0,-1.0,0.0,0.0,0.0,0.0,0.0,0.0,0.0,0.0,-0.188,-0.154,-0.119,1.21846967915e-07,0.0,0.0,0.0,1.21846967915e-07,0.0,0.0,0.0,1.21846967915e-07,0.4314926,0.784532,10.9638347,9e-08,0.0,0.0,0.0,9e-08,0.0,0.0,0.0,9e-08
1536693217854779416,5414,1536693217853158584,base_link,0.0,0.0,0.0,0.0,-1.0,0.0,0.0,0.0,0.0,0.0,0.0,0.0,0.0,0.0,-0.012,-0.15,1.21846967915e-07,0.0,0.0,0.0,1.21846967915e-07,0.0,0.0,0.0,1.21846967915e-07,0.24516625,0.7453054,8.8063717,9e-08,0.0,0.0,0.0,9e-08,0.0,0.0,0.0,9e-08
1536693217979063608,5415,1536693217978154168,base_link,0.0,0.0,0.0,0.0,-1.0,0.0,0.0,0.0,0.0,0.0,0.0,0.0,0.0,-0.025,-0.03,-0.19,1.21846967915e-07,0.0,0.0,0.0,1.21846967915e-07,0.0,0.0,0.0,1.21846967915e-07,0.3334261,1.06892485,10.1596894,9e-08,0.0,0.0,0.0,9e-08,0.0,0.0,0.0,9e-08
1536693218053978904,5416,1536693218053168248,base_link,0.0,0.0,0.0,0.0,-1.0,0.0,0.0,0.0,0.0,0.0,0.0,0.0,0.0,-0.071,0.063,-0.19,1.21846967915e-07,0.0,0.0,0.0,1.21846967915e-07,0.0,0.0,0.0,1.21846967915e-07,0.2157463,1.0787315,8.81617835,9e-08,0.0,0.0,0.0,9e-08,0.0,0.0,0.0,9e-08
1536693218188136728,5417,1536693218187510040,base_link,0.0,0.0,0.0,0.0,-1.0,0.0,0.0,0.0,0.0,0.0,0.0,0.0,0.0,-0.034,0.013,-0.265,1.21846967915e-07,0.0,0.0,0.0,1.21846967915e-07,0.0,0.0,0.0,1.21846967915e-07,0.2353596,1.22583125,8.77695175,9e-08,0.0,0.0,0.0,9e-08,0.0,0.0,0.0,9e-08
1536693218277056728,5418,1536693218276291768,base_link,0.0,0.0,0.0,0.0,-1.0,0.0,0.0,0.0,0.0,0.0,0.0,0.0,0.0,-0.081,0.004,-0.326,1.21846967915e-07,0.0,0.0,0.0,1.21846967915e-07,0.0,0.0,0.0,1.21846967915e-07,0.0784532,1.176798,8.4533323,9e-08,0.0,0.0,0.0,9e-08,0.0,0.0,0.0,9e-08
1536693218383713496,5419,1536693218375975960,base_link,0.0,0.0,0.0,0.0,-1.0,0.0,0.0,0.0,0.0,0.0,0.0,0.0,0.0,-0.262,0.021,-0.373,1.21846967915e-07,0.0,0.0,0.0,1.21846967915e-07,0.0,0.0,0.0,1.21846967915e-07,0.08825985,0.91201845,7.32556755,9e-08,0.0,0.0,0.0,9e-08,0.0,0.0,0.0,9e-08
1536693218472600056,5420,1536693218469515672,base_link,0.0,0.0,0.0,0.0,-1.0,0.0,0.0,0.0,0.0,0.0,0.0,0.0,0.0,-0.065,-0.085,-0.364,1.21846967915e-07,0.0,0.0,0.0,1.21846967915e-07,0.0,0.0,0.0,1.21846967915e-07,0.0392266,0.75511205,8.4533323,9e-08,0.0,0.0,0.0,9e-08,0.0,0.0,0.0,9e-08
1536693218555247480,5421,1536693218554648376,base_link,0.0,0.0,0.0,0.0,-1.0,0.0,0.0,0.0,0.0,0.0,0.0,0.0,0.0,0.415,-0.136,-0.358,1.21846967915e-07,0.0,0.0,0.0,1.21846967915e-07,0.0,0.0,0.0,1.21846967915e-07,0.2157463,0.81395195,9.67916355,9e-08,0.0,0.0,0.0,9e-08,0.0,0.0,0.0,9e-08
1536693218663303416,5422,1536693218662533464,base_link,0.0,0.0,0.0,0.0,-1.0,0.0,0.0,0.0,0.0,0.0,0.0,0.0,0.0,0.664,-0.153,-0.345,1.21846967915e-07,0.0,0.0,0.0,1.21846967915e-07,0.0,0.0,0.0,1.21846967915e-07,0.48052585,0.5491724,10.7677017,9e-08,0.0,0.0,0.0,9e-08,0.0,0.0,0.0,9e-08
1536693218792872472,5423,1536693218791783672,base_link,0.0,0.0,0.0,0.0,-1.0,0.0,0.0,0.0,0.0,0.0,0.0,0.0,0.0,0.64,-0.266,-0.274,1.21846967915e-07,0.0,0.0,0.0,1.21846967915e-07,0.0,0.0,0.0,1.21846967915e-07,0.6472389,0.44129925,11.93469305,9e-08,0.0,0.0,0.0,9e-08,0.0,0.0,0.0,9e-08
1536693218855123800,5424,1536693218854257144,base_link,0.0,0.0,0.0,0.0,-1.0,0.0,0.0,0.0,0.0,0.0,0.0,0.0,0.0,0.365,-0.29,-0.197,1.21846967915e-07,0.0,0.0,0.0,1.21846967915e-07,0.0,0.0,0.0,1.21846967915e-07,0.87279185,0.3726527,12.30734575,9e-08,0.0,0.0,0.0,9e-08,0.0,0.0,0.0,9e-08
1536693218973282392,5425,1536693218972220760,base_link,0.0,0.0,0.0,0.0,-1.0,0.0,0.0,0.0,0.0,0.0,0.0,0.0,0.0,0.021,-0.343,-0.076,1.21846967915e-07,0.0,0.0,0.0,1.21846967915e-07,0.0,0.0,0.0,1.21846967915e-07,0.97085835,0.69627215,13.0232312,9e-08,0.0,0.0,0.0,9e-08,0.0,0.0,0.0,9e-08
1536693219035845720,5426,1536693219035273144,base_link,0.0,0.0,0.0,0.0,-1.0,0.0,0.0,0.0,0.0,0.0,0.0,0.0,0.0,-0.143,-0.323,-0.051,1.21846967915e-07,0.0,0.0,0.0,1.21846967915e-07,0.0,0.0,0.0,1.21846967915e-07,1.0787315,0.784532,12.93497135,9e-08,0.0,0.0,0.0,9e-08,0.0,0.0,0.0,9e-08
1536693219165541144,5427,1536693219164851448,base_link,0.0,0.0,0.0,0.0,-1.0,0.0,0.0,0.0,0.0,0.0,0.0,0.0,0.0,-0.213,-0.298,-0.057,1.21846967915e-07,0.0,0.0,0.0,1.21846967915e-07,0.0,0.0,0.0,1.21846967915e-07,0.83356525,0.980665,11.7875933,9e-08,0.0,0.0,0.0,9e-08,0.0,0.0,0.0,9e-08
1536693219273569304,5428,1536693219273058488,base_link,0.0,0.0,0.0,0.0,-1.0,0.0,0.0,0.0,0.0,0.0,0.0,0.0,0.0,-0.225,-0.27,-0.08,1.21846967915e-07,0.0,0.0,0.0,1.21846967915e-07,0.0,0.0,0.0,1.21846967915e-07,0.87279185,1.2160246,11.964113,9e-08,0.0,0.0,0.0,9e-08,0.0,0.0,0.0,9e-08
1536693219372033752,5429,1536693219370989688,base_link,0.0,0.0,0.0,0.0,-1.0,0.0,0.0,0.0,0.0,0.0,0.0,0.0,0.0,-0.227,-0.129,-0.149,1.21846967915e-07,0.0,0.0,0.0,1.21846967915e-07,0.0,0.0,0.0,1.21846967915e-07,0.4903325,1.5102241,10.1008495,9e-08,0.0,0.0,0.0,9e-08,0.0,0.0,0.0,9e-08
1536693219488215000,5430,1536693219487002008,base_link,0.0,0.0,0.0,0.0,-1.0,0.0,0.0,0.0,0.0,0.0,0.0,0.0,0.0,-0.093,-0.076,-0.266,1.21846967915e-07,0.0,0.0,0.0,1.21846967915e-07,0.0,0.0,0.0,1.21846967915e-07,0.67665885,1.1179581,11.4541672,9e-08,0.0,0.0,0.0,9e-08,0.0,0.0,0.0,9e-08
1536693219566054136,5431,1536693219565148472,base_link,0.0,0.0,0.0,0.0,-1.0,0.0,0.0,0.0,0.0,0.0,0.0,0.0,0.0,-0.068,-0.092,-0.279,1.21846967915e-07,0.0,0.0,0.0,1.21846967915e-07,0.0,0.0,0.0,1.21846967915e-07,0.65704555,1.12776475,10.591182,9e-08,0.0,0.0,0.0,9e-08,0.0,0.0,0.0,9e-08
1536693219665328408,5432,1536693219664826232,base_link,0.0,0.0,0.0,0.0,-1.0,0.0,0.0,0.0,0.0,0.0,0.0,0.0,0.0,-0.241,-0.165,-0.268,1.21846967915e-07,0.0,0.0,0.0,1.21846967915e-07,0.0,0.0,0.0,1.21846967915e-07,0.71588545,1.18660465,10.89518815,9e-08,0.0,0.0,0.0,9e-08,0.0,0.0,0.0,9e-08
1536693219755119480,5433,1536693219754726520,base_link,0.0,0.0,0.0,0.0,-1.0,0.0,0.0,0.0,0.0,0.0,0.0,0.0,0.0,-0.23,-0.146,-0.269,1.21846967915e-07,0.0,0.0,0.0,1.21846967915e-07,0.0,0.0,0.0,1.21846967915e-07,0.7060788,1.38273765,11.58165365,9e-08,0.0,0.0,0.0,9e-08,0.0,0.0,0.0,9e-08
1536693219866038872,5434,1536693219865642552,base_link,0.0,0.0,0.0,0.0,-1.0,0.0,0.0,0.0,0.0,0.0,0.0,0.0,0.0,-0.133,-0.105,-0.313,1.21846967915e-07,0.0,0.0,0.0,1.21846967915e-07,0.0,0.0,0.0,1.21846967915e-07,0.73549875,1.26505785,11.5522337,9e-08,0.0,0.0,0.0,9e-08,0.0,0.0,0.0,9e-08
1536693219971182456,5435,1536693219970328792,base_link,0.0,0.0,0.0,0.0,-1.0,0.0,0.0,0.0,0.0,0.0,0.0,0.0,0.0,-0.042,-0.098,-0.314,1.21846967915e-07,0.0,0.0,0.0,1.21846967915e-07,0.0,0.0,0.0,1.21846967915e-07,0.6472389,1.18660465,11.73856005,9e-08,0.0,0.0,0.0,9e-08,0.0,0.0,0.0,9e-08
1536693220055732760,5436,1536693220054267896,base_link,0.0,0.0,0.0,0.0,-1.0,0.0,0.0,0.0,0.0,0.0,0.0,0.0,0.0,-0.038,-0.071,-0.327,1.21846967915e-07,0.0,0.0,0.0,1.21846967915e-07,0.0,0.0,0.0,1.21846967915e-07,0.6080123,1.2160246,11.79739995,9e-08,0.0,0.0,0.0,9e-08,0.0,0.0,0.0,9e-08
1536693220139579928,5437,1536693220139205656,base_link,0.0,0.0,0.0,0.0,-1.0,0.0,0.0,0.0,0.0,0.0,0.0,0.0,0.0,-0.006,-0.07,-0.352,1.21846967915e-07,0.0,0.0,0.0,1.21846967915e-07,0.0,0.0,0.0,1.21846967915e-07,0.48052585,0.67665885,10.62060195,9e-08,0.0,0.0,0.0,9e-08,0.0,0.0,0.0,9e-08
1536693220253350424,5438,1536693220252857080,base_link,0.0,0.0,0.0,0.0,-1.0,0.0,0.0,0.0,0.0,0.0,0.0,0.0,0.0,-0.02,-0.137,-0.271,1.21846967915e-07,0.0,0.0,0.0,1.21846967915e-07,0.0,0.0,0.0,1.21846967915e-07,0.61781895,0.7453054,11.91507975,9e-08,0.0,0.0,0.0,9e-08,0.0,0.0,0.0,9e-08
1536693220346741336,5439,1536693220346124024,base_link,0.0,0.0,0.0,0.0,-1.0,0.0,0.0,0.0,0.0,0.0,0.0,0.0,0.0,-0.061,-0.141,-0.233,1.21846967915e-07,0.0,0.0,0.0,1.21846967915e-07,0.0,0.0,0.0,1.21846967915e-07,0.61781895,0.83356525,12.54270535,9e-08,0.0,0.0,0.0,9e-08,0.0,0.0,0.0,9e-08
1536693220447853464,5440,1536693220447286168,base_link,0.0,0.0,0.0,0.0,-1.0,0.0,0.0,0.0,0.0,0.0,0.0,0.0,0.0,-0.107,-0.173,-0.2,1.21846967915e-07,0.0,0.0,0.0,1.21846967915e-07,0.0,0.0,0.0,1.21846967915e-07,0.48052585,0.8041453,11.8464332,9e-08,0.0,0.0,0.0,9e-08,0.0,0.0,0.0,9e-08
1536693220558655640,5441,1536693220558228536,base_link,0.0,0.0,0.0,0.0,-1.0,0.0,0.0,0.0,0.0,0.0,0.0,0.0,0.0,-0.154,-0.197,-0.203,1.21846967915e-07,0.0,0.0,0.0,1.21846967915e-07,0.0,0.0,0.0,1.21846967915e-07,0.588399,0.8237586,12.5917386,9e-08,0.0,0.0,0.0,9e-08,0.0,0.0,0.0,9e-08
1536693220661944408,5442,1536693220658739704,base_link,0.0,0.0,0.0,0.0,-1.0,0.0,0.0,0.0,0.0,0.0,0.0,0.0,0.0,-0.118,-0.197,-0.184,1.21846967915e-07,0.0,0.0,0.0,1.21846967915e-07,0.0,0.0,0.0,1.21846967915e-07,0.6276256,0.83356525,12.48386545,9e-08,0.0,0.0,0.0,9e-08,0.0,0.0,0.0,9e-08
1536693220762629592,5443,1536693220761840120,base_link,0.0,0.0,0.0,0.0,-1.0,0.0,0.0,0.0,0.0,0.0,0.0,0.0,0.0,0.269,-0.2,-0.147,1.21846967915e-07,0.0,0.0,0.0,1.21846967915e-07,0.0,0.0,0.0,1.21846967915e-07,0.6668522,1.3337044,12.6505785,9e-08,0.0,0.0,0.0,9e-08,0.0,0.0,0.0,9e-08
1536693220878326424,5444,1536693220877840792,base_link,0.0,0.0,0.0,0.0,-1.0,0.0,0.0,0.0,0.0,0.0,0.0,0.0,0.0,-0.076,-0.238,-0.169,1.21846967915e-07,0.0,0.0,0.0,1.21846967915e-07,0.0,0.0,0.0,1.21846967915e-07,0.89240515,1.176798,13.1997509,9e-08,0.0,0.0,0.0,9e-08,0.0,0.0,0.0,9e-08
1536693220950834712,5445,1536693220950377176,base_link,0.0,0.0,0.0,0.0,-1.0,0.0,0.0,0.0,0.0,0.0,0.0,0.0,0.0,-0.121,-0.209,-0.168,1.21846967915e-07,0.0,0.0,0.0,1.21846967915e-07,0.0,0.0,0.0,1.21846967915e-07,0.9414384,1.0395049,12.85651815,9e-08,0.0,0.0,0.0,9e-08,0.0,0.0,0.0,9e-08
1536693221049834712,5446,1536693221049188088,base_link,0.0,0.0,0.0,0.0,-1.0,0.0,0.0,0.0,0.0,0.0,0.0,0.0,0.0,-0.236,-0.136,-0.168,1.21846967915e-07,0.0,0.0,0.0,1.21846967915e-07,0.0,0.0,0.0,1.21846967915e-07,0.93163175,1.0002783,12.32695905,9e-08,0.0,0.0,0.0,9e-08,0.0,0.0,0.0,9e-08
1536693221204971096,5447,1536693221204123672,base_link,0.0,0.0,0.0,0.0,-1.0,0.0,0.0,0.0,0.0,0.0,0.0,0.0,0.0,-0.078,-0.022,-0.187,1.21846967915e-07,0.0,0.0,0.0,1.21846967915e-07,0.0,0.0,0.0,1.21846967915e-07,0.6668522,1.12776475,11.09132115,9e-08,0.0,0.0,0.0,9e-08,0.0,0.0,0.0,9e-08
1536693221267398392,5448,1536693221266800184,base_link,0.0,0.0,0.0,0.0,-1.0,0.0,0.0,0.0,0.0,0.0,0.0,0.0,0.0,-0.068,0.046,-0.205,1.21846967915e-07,0.0,0.0,0.0,1.21846967915e-07,0.0,0.0,0.0,1.21846967915e-07,0.59820565,1.16699135,10.54214875,9e-08,0.0,0.0,0.0,9e-08,0.0,0.0,0.0,9e-08
1536693221360816504,5449,1536693221359694968,base_link,0.0,0.0,0.0,0.0,-1.0,0.0,0.0,0.0,0.0,0.0,0.0,0.0,0.0,-0.152,0.033,-0.226,1.21846967915e-07,0.0,0.0,0.0,1.21846967915e-07,0.0,0.0,0.0,1.21846967915e-07,0.5295591,1.18660465,9.58109705,9e-08,0.0,0.0,0.0,9e-08,0.0,0.0,0.0,9e-08
1536693221465417048,5450,1536693221464836504,base_link,0.0,0.0,0.0,0.0,-1.0,0.0,0.0,0.0,0.0,0.0,0.0,0.0,0.0,-0.157,0.035,-0.244,1.21846967915e-07,0.0,0.0,0.0,1.21846967915e-07,0.0,0.0,0.0,1.21846967915e-07,0.48052585,1.14737805,9.2574776,9e-08,0.0,0.0,0.0,9e-08,0.0,0.0,0.0,9e-08
1536693221552989176,5451,1536693221552642456,base_link,0.0,0.0,0.0,0.0,-1.0,0.0,0.0,0.0,0.0,0.0,0.0,0.0,0.0,-0.142,0.074,-0.27,1.21846967915e-07,0.0,0.0,0.0,1.21846967915e-07,0.0,0.0,0.0,1.21846967915e-07,0.44129925,1.12776475,8.56120545,9e-08,0.0,0.0,0.0,9e-08,0.0,0.0,0.0,9e-08
1536693221654077592,5452,1536693221651633240,base_link,0.0,0.0,0.0,0.0,-1.0,0.0,0.0,0.0,0.0,0.0,0.0,0.0,0.0,-0.073,0.093,-0.32,1.21846967915e-07,0.0,0.0,0.0,1.21846967915e-07,0.0,0.0,0.0,1.21846967915e-07,0.4118793,0.83356525,8.54159215,9e-08,0.0,0.0,0.0,9e-08,0.0,0.0,0.0,9e-08
1536693221772828440,5453,1536693221772369144,base_link,0.0,0.0,0.0,0.0,-1.0,0.0,0.0,0.0,0.0,0.0,0.0,0.0,0.0,-0.04,0.014,-0.301,1.21846967915e-07,0.0,0.0,0.0,1.21846967915e-07,0.0,0.0,0.0,1.21846967915e-07,0.3726527,0.83356525,8.9240515,9e-08,0.0,0.0,0.0,9e-08,0.0,0.0,0.0,9e-08
1536693221865841848,5454,1536693221864802104,base_link,0.0,0.0,0.0,0.0,-1.0,0.0,0.0,0.0,0.0,0.0,0.0,0.0,0.0,-0.089,0.013,-0.246,1.21846967915e-07,0.0,0.0,0.0,1.21846967915e-07,0.0,0.0,0.0,1.21846967915e-07,0.4314926,0.9414384,9.1594111,9e-08,0.0,0.0,0.0,9e-08,0.0,0.0,0.0,9e-08
1536693221955061304,5455,1536693221954143736,base_link,0.0,0.0,0.0,0.0,-1.0,0.0,0.0,0.0,0.0,0.0,0.0,0.0,0.0,-0.089,0.029,-0.231,1.21846967915e-07,0.0,0.0,0.0,1.21846967915e-07,0.0,0.0,0.0,1.21846967915e-07,0.3530394,1.08853815,8.7475318,9e-08,0.0,0.0,0.0,9e-08,0.0,0.0,0.0,9e-08
1536693222038783064,5456,1536693222038170840,base_link,0.0,0.0,0.0,0.0,-1.0,0.0,0.0,0.0,0.0,0.0,0.0,0.0,0.0,-0.229,0.003,-0.239,1.21846967915e-07,0.0,0.0,0.0,1.21846967915e-07,0.0,0.0,0.0,1.21846967915e-07,0.2549729,0.9414384,8.3944924,9e-08,0.0,0.0,0.0,9e-08,0.0,0.0,0.0,9e-08
1536693222142987640,5457,1536693222142373432,base_link,0.0,0.0,0.0,0.0,-1.0,0.0,0.0,0.0,0.0,0.0,0.0,0.0,0.0,-0.239,-3.1595887418e-17,-0.258,1.21846967915e-07,0.0,0.0,0.0,1.21846967915e-07,0.0,0.0,0.0,1.21846967915e-07,0.34323275,0.79433865,8.6886919,9e-08,0.0,0.0,0.0,9e-08,0.0,0.0,0.0,9e-08
1536693222260953784,5458,1536693222254710040,base_link,0.0,0.0,0.0,0.0,-1.0,0.0,0.0,0.0,0.0,0.0,0.0,0.0,0.0,-0.207,-0.005,-0.229,1.21846967915e-07,0.0,0.0,0.0,1.21846967915e-07,0.0,0.0,0.0,1.21846967915e-07,0.28439285,0.7060788,8.89463155,9e-08,0.0,0.0,0.0,9e-08,0.0,0.0,0.0,9e-08
1536693222349024952,5459,1536693222347796888,base_link,0.0,0.0,0.0,0.0,-1.0,0.0,0.0,0.0,0.0,0.0,0.0,0.0,0.0,-0.167,-0.029,-0.179,1.21846967915e-07,0.0,0.0,0.0,1.21846967915e-07,0.0,0.0,0.0,1.21846967915e-07,0.3138128,0.75511205,8.52197885,9e-08,0.0,0.0,0.0,9e-08,0.0,0.0,0.0,9e-08
1536693222461369112,5460,1536693222456198744,base_link,0.0,0.0,0.0,0.0,-1.0,0.0,0.0,0.0,0.0,0.0,0.0,0.0,0.0,-0.176,-0.029,-0.159,1.21846967915e-07,0.0,0.0,0.0,1.21846967915e-07,0.0,0.0,0.0,1.21846967915e-07,0.24516625,1.0002783,9.12999115,9e-08,0.0,0.0,0.0,9e-08,0.0,0.0,0.0,9e-08
1536693222551909976,5461,1536693222551395608,base_link,0.0,0.0,0.0,0.0,-1.0,0.0,0.0,0.0,0.0,0.0,0.0,0.0,0.0,-0.138,-0.032,-0.173,1.21846967915e-07,0.0,0.0,0.0,1.21846967915e-07,0.0,0.0,0.0,1.21846967915e-07,0.4118793,0.93163175,10.0616229,9e-08,0.0,0.0,0.0,9e-08,0.0,0.0,0.0,9e-08
1536693222653694808,5462,1536693222652078680,base_link,0.0,0.0,0.0,0.0,-1.0,0.0,0.0,0.0,0.0,0.0,0.0,0.0,0.0,0.243,-0.105,-0.204,1.21846967915e-07,0.0,0.0,0.0,1.21846967915e-07,0.0,0.0,0.0,1.21846967915e-07,0.6864655,0.6276256,11.1207411,9e-08,0.0,0.0,0.0,9e-08,0.0,0.0,0.0,9e-08
1536693222755268216,5463,1536693222754525944,base_link,0.0,0.0,0.0,0.0,-1.0,0.0,0.0,0.0,0.0,0.0,0.0,0.0,0.0,0.181,-0.1,-0.151,1.21846967915e-07,0.0,0.0,0.0,1.21846967915e-07,0.0,0.0,0.0,1.21846967915e-07,0.588399,0.4903325,10.77750835,9e-08,0.0,0.0,0.0,9e-08,0.0,0.0,0.0,9e-08
1536693222839636088,5464,1536693222838954200,base_link,0.0,0.0,0.0,0.0,-1.0,0.0,0.0,0.0,0.0,0.0,0.0,0.0,0.0,0.1,-0.052,-0.094,1.21846967915e-07,0.0,0.0,0.0,1.21846967915e-07,0.0,0.0,0.0,1.21846967915e-07,0.4314926,0.51975245,9.97336305,9e-08,0.0,0.0,0.0,9e-08,0.0,0.0,0.0,9e-08
1536693223018810808,5465,1536693223009191800,base_link,0.0,0.0,0.0,0.0,-1.0,0.0,0.0,0.0,0.0,0.0,0.0,0.0,0.0,-0.289,-0.137,-0.03,1.21846967915e-07,0.0,0.0,0.0,1.21846967915e-07,0.0,0.0,0.0,1.21846967915e-07,0.46091255,0.6668522,10.1596894,9e-08,0.0,0.0,0.0,9e-08,0.0,0.0,0.0,9e-08
1536693223085903288,5466,1536693223085280728,base_link,0.0,0.0,0.0,0.0,-1.0,0.0,0.0,0.0,0.0,0.0,0.0,0.0,0.0,-0.387,-0.112,-0.021,1.21846967915e-07,0.0,0.0,0.0,1.21846967915e-07,0.0,0.0,0.0,1.21846967915e-07,0.44129925,0.77472535,10.14988275,9e-08,0.0,0.0,0.0,9e-08,0.0,0.0,0.0,9e-08
1536693223158091800,5467,1536693223157594936,base_link,0.0,0.0,0.0,0.0,-1.0,0.0,0.0,0.0,0.0,0.0,0.0,0.0,0.0,-0.389,-0.101,-0.037,1.21846967915e-07,0.0,0.0,0.0,1.21846967915e-07,0.0,0.0,0.0,1.21846967915e-07,0.46091255,0.7649187,10.93441475,9e-08,0.0,0.0,0.0,9e-08,0.0,0.0,0.0,9e-08
1536693223263176600,5468,1536693223261974072,base_link,0.0,0.0,0.0,0.0,-1.0,0.0,0.0,0.0,0.0,0.0,0.0,0.0,0.0,-0.392,-0.12,-0.049,1.21846967915e-07,0.0,0.0,0.0,1.21846967915e-07,0.0,0.0,0.0,1.21846967915e-07,0.588399,0.75511205,12.0229529,9e-08,0.0,0.0,0.0,9e-08,0.0,0.0,0.0,9e-08
1536693223365422712,5469,1536693223364246968,base_link,0.0,0.0,0.0,0.0,-1.0,0.0,0.0,0.0,0.0,0.0,0.0,0.0,0.0,-0.287,-0.12,-0.045,1.21846967915e-07,0.0,0.0,0.0,1.21846967915e-07,0.0,0.0,0.0,1.21846967915e-07,0.6864655,0.69627215,12.3367657,9e-08,0.0,0.0,0.0,9e-08,0.0,0.0,0.0,9e-08
1536693223471507448,5470,1536693223470934232,base_link,0.0,0.0,0.0,0.0,-1.0,0.0,0.0,0.0,0.0,0.0,0.0,0.0,0.0,-0.38,-0.108,-0.01,1.21846967915e-07,0.0,0.0,0.0,1.21846967915e-07,0.0,0.0,0.0,1.21846967915e-07,0.6472389,0.7256921,12.356379,9e-08,0.0,0.0,0.0,9e-08,0.0,0.0,0.0,9e-08
1536693223592952024,5471,1536693223592142168,base_link,0.0,0.0,0.0,0.0,-1.0,0.0,0.0,0.0,0.0,0.0,0.0,0.0,0.0,-0.279,-0.071,0.005,1.21846967915e-07,0.0,0.0,0.0,1.21846967915e-07,0.0,0.0,0.0,1.21846967915e-07,0.30400615,0.7256921,10.65982855,9e-08,0.0,0.0,0.0,9e-08,0.0,0.0,0.0,9e-08
1536693223694266456,5472,1536693223692080408,base_link,0.0,0.0,0.0,0.0,-1.0,0.0,0.0,0.0,0.0,0.0,0.0,0.0,0.0,-0.279,-0.021,0.01,1.21846967915e-07,0.0,0.0,0.0,1.21846967915e-07,0.0,0.0,0.0,1.21846967915e-07,0.12748645,0.63743225,9.8458766,9e-08,0.0,0.0,0.0,9e-08,0.0,0.0,0.0,9e-08
1536693223754664184,5473,1536693223754223960,base_link,0.0,0.0,0.0,0.0,-1.0,0.0,0.0,0.0,0.0,0.0,0.0,0.0,0.0,-0.278,-0.033,0.027,1.21846967915e-07,0.0,0.0,0.0,1.21846967915e-07,0.0,0.0,0.0,1.21846967915e-07,0.20593965,0.75511205,9.9243298,9e-08,0.0,0.0,0.0,9e-08,0.0,0.0,0.0,9e-08
1536693223860724056,5474,1536693223857860344,base_link,0.0,0.0,0.0,0.0,-1.0,0.0,0.0,0.0,0.0,0.0,0.0,0.0,0.0,-0.133,-0.082,0.006,1.21846967915e-07,0.0,0.0,0.0,1.21846967915e-07,0.0,0.0,0.0,1.21846967915e-07,0.71588545,0.65704555,12.552512,9e-08,0.0,0.0,0.0,9e-08,0.0,0.0,0.0,9e-08
1536693223942560696,5475,1536693223942185304,base_link,0.0,0.0,0.0,0.0,-1.0,0.0,0.0,0.0,0.0,0.0,0.0,0.0,0.0,-0.236,-0.088,0.025,1.21846967915e-07,0.0,0.0,0.0,1.21846967915e-07,0.0,0.0,0.0,1.21846967915e-07,0.6864655,0.36284605,13.1997509,9e-08,0.0,0.0,0.0,9e-08,0.0,0.0,0.0,9e-08
1536693224110682488,5476,1536693224110205432,base_link,0.0,0.0,0.0,0.0,-1.0,0.0,0.0,0.0,0.0,0.0,0.0,0.0,0.0,-0.204,-0.012,0.098,1.21846967915e-07,0.0,0.0,0.0,1.21846967915e-07,0.0,0.0,0.0,1.21846967915e-07,0.14709975,0.4511059,10.4342756,9e-08,0.0,0.0,0.0,9e-08,0.0,0.0,0.0,9e-08
1536693224166530872,5477,1536693224166107128,base_link,0.0,0.0,0.0,0.0,-1.0,0.0,0.0,0.0,0.0,0.0,0.0,0.0,0.0,-0.109,-0.025,0.102,1.21846967915e-07,0.0,0.0,0.0,1.21846967915e-07,0.0,0.0,0.0,1.21846967915e-07,0.30400615,0.4511059,10.1793027,9e-08,0.0,0.0,0.0,9e-08,0.0,0.0,0.0,9e-08
1536693224264174456,5478,1536693224263154104,base_link,0.0,0.0,0.0,0.0,-1.0,0.0,0.0,0.0,0.0,0.0,0.0,0.0,0.0,0.013,-0.029,0.107,1.21846967915e-07,0.0,0.0,0.0,1.21846967915e-07,0.0,0.0,0.0,1.21846967915e-07,0.22555295,0.4314926,10.44408225,9e-08,0.0,0.0,0.0,9e-08,0.0,0.0,0.0,9e-08
1536693224359714936,5479,1536693224359247512,base_link,0.0,0.0,0.0,0.0,-1.0,0.0,0.0,0.0,0.0,0.0,0.0,0.0,0.0,0.023,-0.016,0.108,1.21846967915e-07,0.0,0.0,0.0,1.21846967915e-07,0.0,0.0,0.0,1.21846967915e-07,0.22555295,0.53936575,10.2185293,9e-08,0.0,0.0,0.0,9e-08,0.0,0.0,0.0,9e-08
1536693224454670072,5480,1536693224453174776,base_link,0.0,0.0,0.0,0.0,-1.0,0.0,0.0,0.0,0.0,0.0,0.0,0.0,0.0,0.002,-0.015,0.114,1.21846967915e-07,0.0,0.0,0.0,1.21846967915e-07,0.0,0.0,0.0,1.21846967915e-07,0.2745862,0.5099458,9.9635564,9e-08,0.0,0.0,0.0,9e-08,0.0,0.0,0.0,9e-08
1536693224549238072,5481,1536693224548809208,base_link,0.0,0.0,0.0,0.0,-1.0,0.0,0.0,0.0,0.0,0.0,0.0,0.0,0.0,0.033,0.012,0.127,1.21846967915e-07,0.0,0.0,0.0,1.21846967915e-07,0.0,0.0,0.0,1.21846967915e-07,0.2353596,0.59820565,9.93413645,9e-08,0.0,0.0,0.0,9e-08,0.0,0.0,0.0,9e-08
1536693224635258232,5482,1536693224634671160,base_link,0.0,0.0,0.0,0.0,-1.0,0.0,0.0,0.0,0.0,0.0,0.0,0.0,0.0,0.041,0.023,0.129,1.21846967915e-07,0.0,0.0,0.0,1.21846967915e-07,0.0,0.0,0.0,1.21846967915e-07,0.2549729,0.6864655,9.63993695,9e-08,0.0,0.0,0.0,9e-08,0.0,0.0,0.0,9e-08
1536693224771698328,5483,1536693224771199352,base_link,0.0,0.0,0.0,0.0,-1.0,0.0,0.0,0.0,0.0,0.0,0.0,0.0,0.0,0.011,0.036,0.1,1.21846967915e-07,0.0,0.0,0.0,1.21846967915e-07,0.0,0.0,0.0,1.21846967915e-07,0.2353596,0.69627215,9.67916355,9e-08,0.0,0.0,0.0,9e-08,0.0,0.0,0.0,9e-08
1536693224893741144,5484,1536693224892755832,base_link,0.0,0.0,0.0,0.0,-1.0,0.0,0.0,0.0,0.0,0.0,0.0,0.0,0.0,0.12,0.063,0.071,1.21846967915e-07,0.0,0.0,0.0,1.21846967915e-07,0.0,0.0,0.0,1.21846967915e-07,0.34323275,0.63743225,8.9632781,9e-08,0.0,0.0,0.0,9e-08,0.0,0.0,0.0,9e-08
1536693224957384920,5485,1536693224948137112,base_link,0.0,0.0,0.0,0.0,-1.0,0.0,0.0,0.0,0.0,0.0,0.0,0.0,0.0,0.03,0.079,0.068,1.21846967915e-07,0.0,0.0,0.0,1.21846967915e-07,0.0,0.0,0.0,1.21846967915e-07,0.2745862,0.6668522,8.87501825,9e-08,0.0,0.0,0.0,9e-08,0.0,0.0,0.0,9e-08
1536693225056597976,5486,1536693225055507640,base_link,0.0,0.0,0.0,0.0,-1.0,0.0,0.0,0.0,0.0,0.0,0.0,0.0,0.0,-0.214,0.137,0.066,1.21846967915e-07,0.0,0.0,0.0,1.21846967915e-07,0.0,0.0,0.0,1.21846967915e-07,0.30400615,0.63743225,8.12971285,9e-08,0.0,0.0,0.0,9e-08,0.0,0.0,0.0,9e-08
1536693225167987128,5487,1536693225166648664,base_link,0.0,0.0,0.0,0.0,-1.0,0.0,0.0,0.0,0.0,0.0,0.0,0.0,0.0,-0.107,0.163,0.05,1.21846967915e-07,0.0,0.0,0.0,1.21846967915e-07,0.0,0.0,0.0,1.21846967915e-07,0.06864655,0.7256921,7.99241975,9e-08,0.0,0.0,0.0,9e-08,0.0,0.0,0.0,9e-08
1536693225250364056,5488,1536693225249487320,base_link,0.0,0.0,0.0,0.0,-1.0,0.0,0.0,0.0,0.0,0.0,0.0,0.0,0.0,0.072,0.149,0.013,1.21846967915e-07,0.0,0.0,0.0,1.21846967915e-07,0.0,0.0,0.0,1.21846967915e-07,0.1372931,0.59820565,7.5511205,9e-08,0.0,0.0,0.0,9e-08,0.0,0.0,0.0,9e-08
1536693225362162840,5489,1536693225361099672,base_link,0.0,0.0,0.0,0.0,-1.0,0.0,0.0,0.0,0.0,0.0,0.0,0.0,0.0,0.099,0.159,-0.004,1.21846967915e-07,0.0,0.0,0.0,1.21846967915e-07,0.0,0.0,0.0,1.21846967915e-07,0.0980665,0.30400615,7.649187,9e-08,0.0,0.0,0.0,9e-08,0.0,0.0,0.0,9e-08
1536693225458963448,5490,1536693225458022200,base_link,0.0,0.0,0.0,0.0,-1.0,0.0,0.0,0.0,0.0,0.0,0.0,0.0,0.0,0.178,0.149,0.027,1.21846967915e-07,0.0,0.0,0.0,1.21846967915e-07,0.0,0.0,0.0,1.21846967915e-07,0.10787315,0.24516625,7.8845466,9e-08,0.0,0.0,0.0,9e-08,0.0,0.0,0.0,9e-08
1536693225554490904,5491,1536693225553965112,base_link,0.0,0.0,0.0,0.0,-1.0,0.0,0.0,0.0,0.0,0.0,0.0,0.0,0.0,0.169,0.116,0.06,1.21846967915e-07,0.0,0.0,0.0,1.21846967915e-07,0.0,0.0,0.0,1.21846967915e-07,0.02941995,0.3334261,7.9629998,9e-08,0.0,0.0,0.0,9e-08,0.0,0.0,0.0,9e-08
1536693225677064856,5492,1536693225676661432,base_link,0.0,0.0,0.0,0.0,-1.0,0.0,0.0,0.0,0.0,0.0,0.0,0.0,0.0,0.231,0.048,0.086,1.21846967915e-07,0.0,0.0,0.0,1.21846967915e-07,0.0,0.0,0.0,1.21846967915e-07,0.22555295,0.28439285,8.8063717,9e-08,0.0,0.0,0.0,9e-08,0.0,0.0,0.0,9e-08
1536693225751707768,5493,1536693225750904248,base_link,0.0,0.0,0.0,0.0,-1.0,0.0,0.0,0.0,0.0,0.0,0.0,0.0,0.0,0.209,0.03,0.098,1.21846967915e-07,0.0,0.0,0.0,1.21846967915e-07,0.0,0.0,0.0,1.21846967915e-07,0.2157463,0.40207265,8.69849855,9e-08,0.0,0.0,0.0,9e-08,0.0,0.0,0.0,9e-08
1536693225854850904,5494,1536693225854164088,base_link,0.0,0.0,0.0,0.0,-1.0,0.0,0.0,0.0,0.0,0.0,0.0,0.0,0.0,0.065,0.02,0.113,1.21846967915e-07,0.0,0.0,0.0,1.21846967915e-07,0.0,0.0,0.0,1.21846967915e-07,0.32361945,0.48052585,8.9828914,9e-08,0.0,0.0,0.0,9e-08,0.0,0.0,0.0,9e-08
1536693225972631800,5495,1536693225970656600,base_link,0.0,0.0,0.0,0.0,-1.0,0.0,0.0,0.0,0.0,0.0,0.0,0.0,0.0,-0.095,0.007,0.101,1.21846967915e-07,0.0,0.0,0.0,1.21846967915e-07,0.0,0.0,0.0,1.21846967915e-07,0.44129925,0.5099458,10.18910935,9e-08,0.0,0.0,0.0,9e-08,0.0,0.0,0.0,9e-08
1536693226076100248,5496,1536693226075503352,base_link,0.0,0.0,0.0,0.0,-1.0,0.0,0.0,0.0,0.0,0.0,0.0,0.0,0.0,0.026,-0.001,0.092,1.21846967915e-07,0.0,0.0,0.0,1.21846967915e-07,0.0,0.0,0.0,1.21846967915e-07,0.6864655,0.51975245,10.73828175,9e-08,0.0,0.0,0.0,9e-08,0.0,0.0,0.0,9e-08
1536693226162408536,5497,1536693226161361528,base_link,0.0,0.0,0.0,0.0,-1.0,0.0,0.0,0.0,0.0,0.0,0.0,0.0,0.0,0.02,-0.032,0.087,1.21846967915e-07,0.0,0.0,0.0,1.21846967915e-07,0.0,0.0,0.0,1.21846967915e-07,0.6668522,0.5099458,11.1599677,9e-08,0.0,0.0,0.0,9e-08,0.0,0.0,0.0,9e-08
1536693226252839032,5498,1536693226251230392,base_link,0.0,0.0,0.0,0.0,-1.0,0.0,0.0,0.0,0.0,0.0,0.0,0.0,0.0,-0.025,-0.033,0.088,1.21846967915e-07,0.0,0.0,0.0,1.21846967915e-07,0.0,0.0,0.0,1.21846967915e-07,0.59820565,0.5687857,11.28745415,9e-08,0.0,0.0,0.0,9e-08,0.0,0.0,0.0,9e-08
1536693226378314872,5499,1536693226374255032,base_link,0.0,0.0,0.0,0.0,-1.0,0.0,0.0,0.0,0.0,0.0,0.0,0.0,0.0,-0.001,0.024,0.074,1.21846967915e-07,0.0,0.0,0.0,1.21846967915e-07,0.0,0.0,0.0,1.21846967915e-07,0.3138128,0.5099458,10.07142955,9e-08,0.0,0.0,0.0,9e-08,0.0,0.0,0.0,9e-08
1536693226451019000,5500,1536693226449840856,base_link,0.0,0.0,0.0,0.0,-1.0,0.0,0.0,0.0,0.0,0.0,0.0,0.0,0.0,0.038,0.025,0.082,1.21846967915e-07,0.0,0.0,0.0,1.21846967915e-07,0.0,0.0,0.0,1.21846967915e-07,0.42168595,0.4707192,9.7870367,9e-08,0.0,0.0,0.0,9e-08,0.0,0.0,0.0,9e-08
1536693226573513944,5501,1536693226572231608,base_link,0.0,0.0,0.0,0.0,-1.0,0.0,0.0,0.0,0.0,0.0,0.0,0.0,0.0,0.074,-0.006,0.075,1.21846967915e-07,0.0,0.0,0.0,1.21846967915e-07,0.0,0.0,0.0,1.21846967915e-07,0.34323275,0.53936575,10.3754357,9e-08,0.0,0.0,0.0,9e-08,0.0,0.0,0.0,9e-08
1536693226689615928,5502,1536693226688017464,base_link,0.0,0.0,0.0,0.0,-1.0,0.0,0.0,0.0,0.0,0.0,0.0,0.0,0.0,0.085,-0.012,0.099,1.21846967915e-07,0.0,0.0,0.0,1.21846967915e-07,0.0,0.0,0.0,1.21846967915e-07,0.34323275,0.61781895,10.30678915,9e-08,0.0,0.0,0.0,9e-08,0.0,0.0,0.0,9e-08
1536693226774243352,5503,1536693226773469240,base_link,0.0,0.0,0.0,0.0,-1.0,0.0,0.0,0.0,0.0,0.0,0.0,0.0,0.0,0.073,0.009,0.099,1.21846967915e-07,0.0,0.0,0.0,1.21846967915e-07,0.0,0.0,0.0,1.21846967915e-07,0.34323275,0.73549875,10.46369555,9e-08,0.0,0.0,0.0,9e-08,0.0,0.0,0.0,9e-08
1536693226858504248,5504,1536693226856408376,base_link,0.0,0.0,0.0,0.0,-1.0,0.0,0.0,0.0,0.0,0.0,0.0,0.0,0.0,0.074,0.015,0.086,1.21846967915e-07,0.0,0.0,0.0,1.21846967915e-07,0.0,0.0,0.0,1.21846967915e-07,0.34323275,0.57859235,9.7281968,9e-08,0.0,0.0,0.0,9e-08,0.0,0.0,0.0,9e-08
1536693226975240408,5505,1536693226973567384,base_link,0.0,0.0,0.0,0.0,-1.0,0.0,0.0,0.0,0.0,0.0,0.0,0.0,0.0,0.066,-0.017,0.073,1.21846967915e-07,0.0,0.0,0.0,1.21846967915e-07,0.0,0.0,0.0,1.21846967915e-07,0.28439285,0.77472535,10.07142955,9e-08,0.0,0.0,0.0,9e-08,0.0,0.0,0.0,9e-08
1536693227049800120,5506,1536693227049216344,base_link,0.0,0.0,0.0,0.0,-1.0,0.0,0.0,0.0,0.0,0.0,0.0,0.0,0.0,0.044,-0.018,0.056,1.21846967915e-07,0.0,0.0,0.0,1.21846967915e-07,0.0,0.0,0.0,1.21846967915e-07,0.28439285,0.7060788,9.83606995,9e-08,0.0,0.0,0.0,9e-08,0.0,0.0,0.0,9e-08
1536693227157843960,5507,1536693227156946776,base_link,0.0,0.0,0.0,0.0,-1.0,0.0,0.0,0.0,0.0,0.0,0.0,0.0,0.0,0.041,-0.026,0.041,1.21846967915e-07,0.0,0.0,0.0,1.21846967915e-07,0.0,0.0,0.0,1.21846967915e-07,0.2941995,0.77472535,10.28717585,9e-08,0.0,0.0,0.0,9e-08,0.0,0.0,0.0,9e-08
1536693227290718040,5508,1536693227290200920,base_link,0.0,0.0,0.0,0.0,-1.0,0.0,0.0,0.0,0.0,0.0,0.0,0.0,0.0,0.092,-0.007,0.005,1.21846967915e-07,0.0,0.0,0.0,1.21846967915e-07,0.0,0.0,0.0,1.21846967915e-07,0.28439285,0.7256921,10.2773692,9e-08,0.0,0.0,0.0,9e-08,0.0,0.0,0.0,9e-08
1536693227346331288,5509,1536693227345877272,base_link,0.0,0.0,0.0,0.0,-1.0,0.0,0.0,0.0,0.0,0.0,0.0,0.0,0.0,0.157,0.005,-0.009,1.21846967915e-07,0.0,0.0,0.0,1.21846967915e-07,0.0,0.0,0.0,1.21846967915e-07,0.14709975,0.8825985,9.99297635,9e-08,0.0,0.0,0.0,9e-08,0.0,0.0,0.0,9e-08
1536693227450943256,5510,1536693227449991672,base_link,0.0,0.0,0.0,0.0,-1.0,0.0,0.0,0.0,0.0,0.0,0.0,0.0,0.0,0.228,-0.021,-0.042,1.21846967915e-07,0.0,0.0,0.0,1.21846967915e-07,0.0,0.0,0.0,1.21846967915e-07,0.1765197,0.83356525,9.83606995,9e-08,0.0,0.0,0.0,9e-08,0.0,0.0,0.0,9e-08
1536693227552746008,5511,1536693227547838520,base_link,0.0,0.0,0.0,0.0,-1.0,0.0,0.0,0.0,0.0,0.0,0.0,0.0,0.0,0.248,-0.033,-0.047,1.21846967915e-07,0.0,0.0,0.0,1.21846967915e-07,0.0,0.0,0.0,1.21846967915e-07,0.2549729,0.85317855,9.91452315,9e-08,0.0,0.0,0.0,9e-08,0.0,0.0,0.0,9e-08
1536693227658044760,5512,1536693227657503640,base_link,0.0,0.0,0.0,0.0,-1.0,0.0,0.0,0.0,0.0,0.0,0.0,0.0,0.0,0.192,-0.028,-0.051,1.21846967915e-07,0.0,0.0,0.0,1.21846967915e-07,0.0,0.0,0.0,1.21846967915e-07,0.2549729,0.87279185,9.8458766,9e-08,0.0,0.0,0.0,9e-08,0.0,0.0,0.0,9e-08
1536693227773982328,5513,1536693227773178424,base_link,0.0,0.0,0.0,0.0,-1.0,0.0,0.0,0.0,0.0,0.0,0.0,0.0,0.0,0.134,-0.009,-0.076,1.21846967915e-07,0.0,0.0,0.0,1.21846967915e-07,0.0,0.0,0.0,1.21846967915e-07,0.34323275,0.75511205,9.8458766,9e-08,0.0,0.0,0.0,9e-08,0.0,0.0,0.0,9e-08
1536693227857130328,5514,1536693227856436248,base_link,0.0,0.0,0.0,0.0,-1.0,0.0,0.0,0.0,0.0,0.0,0.0,0.0,0.0,0.123,-0.012,-0.089,1.21846967915e-07,0.0,0.0,0.0,1.21846967915e-07,0.0,0.0,0.0,1.21846967915e-07,0.28439285,0.8041453,9.85568325,9e-08,0.0,0.0,0.0,9e-08,0.0,0.0,0.0,9e-08
1536693227951787032,5515,1536693227950299736,base_link,0.0,0.0,0.0,0.0,-1.0,0.0,0.0,0.0,0.0,0.0,0.0,0.0,0.0,0.082,-0.022,-0.081,1.21846967915e-07,0.0,0.0,0.0,1.21846967915e-07,0.0,0.0,0.0,1.21846967915e-07,0.26477955,0.83356525,9.9047165,9e-08,0.0,0.0,0.0,9e-08,0.0,0.0,0.0,9e-08
1536693228054433496,5516,1536693228052985816,base_link,0.0,0.0,0.0,0.0,-1.0,0.0,0.0,0.0,0.0,0.0,0.0,0.0,0.0,-0.01,-0.039,-0.07,1.21846967915e-07,0.0,0.0,0.0,1.21846967915e-07,0.0,0.0,0.0,1.21846967915e-07,0.3334261,0.784532,10.0812362,9e-08,0.0,0.0,0.0,9e-08,0.0,0.0,0.0,9e-08
1536693228181134712,5517,1536693228179600888,base_link,0.0,0.0,0.0,0.0,-1.0,0.0,0.0,0.0,0.0,0.0,0.0,0.0,0.0,-0.088,-0.04,-0.062,1.21846967915e-07,0.0,0.0,0.0,1.21846967915e-07,0.0,0.0,0.0,1.21846967915e-07,0.3530394,0.71588545,10.3362091,9e-08,0.0,0.0,0.0,9e-08,0.0,0.0,0.0,9e-08
1536693228286239256,5518,1536693228285561528,base_link,0.0,0.0,0.0,0.0,-1.0,0.0,0.0,0.0,0.0,0.0,0.0,0.0,0.0,-0.125,-0.019,-0.051,1.21846967915e-07,0.0,0.0,0.0,1.21846967915e-07,0.0,0.0,0.0,1.21846967915e-07,0.22555295,0.784532,9.85568325,9e-08,0.0,0.0,0.0,9e-08,0.0,0.0,0.0,9e-08
1536693228362087832,5519,1536693228359042680,base_link,0.0,0.0,0.0,0.0,-1.0,0.0,0.0,0.0,0.0,0.0,0.0,0.0,0.0,-0.172,0.005,-0.044,1.21846967915e-07,0.0,0.0,0.0,1.21846967915e-07,0.0,0.0,0.0,1.21846967915e-07,0.16671305,0.8629852,9.9831697,9e-08,0.0,0.0,0.0,9e-08,0.0,0.0,0.0,9e-08
1536693228463176056,5520,1536693228462736504,base_link,0.0,0.0,0.0,0.0,-1.0,0.0,0.0,0.0,0.0,0.0,0.0,0.0,0.0,-0.186,0.001,-0.049,1.21846967915e-07,0.0,0.0,0.0,1.21846967915e-07,0.0,0.0,0.0,1.21846967915e-07,0.1569064,0.7453054,9.7674234,9e-08,0.0,0.0,0.0,9e-08,0.0,0.0,0.0,9e-08
1536693228576980824,5521,1536693228576275192,base_link,0.0,0.0,0.0,0.0,-1.0,0.0,0.0,0.0,0.0,0.0,0.0,0.0,0.0,-0.18,-0.012,-0.059,1.21846967915e-07,0.0,0.0,0.0,1.21846967915e-07,0.0,0.0,0.0,1.21846967915e-07,0.12748645,0.8041453,10.40485565,9e-08,0.0,0.0,0.0,9e-08,0.0,0.0,0.0,9e-08
1536693228677584856,5522,1536693228670424472,base_link,0.0,0.0,0.0,0.0,-1.0,0.0,0.0,0.0,0.0,0.0,0.0,0.0,0.0,-0.166,-0.037,-0.067,1.21846967915e-07,0.0,0.0,0.0,1.21846967915e-07,0.0,0.0,0.0,1.21846967915e-07,0.04903325,0.7649187,10.36562905,9e-08,0.0,0.0,0.0,9e-08,0.0,0.0,0.0,9e-08
1536693228752660216,5523,1536693228750466552,base_link,0.0,0.0,0.0,0.0,-1.0,0.0,0.0,0.0,0.0,0.0,0.0,0.0,0.0,-0.213,-0.021,-0.073,1.21846967915e-07,0.0,0.0,0.0,1.21846967915e-07,0.0,0.0,0.0,1.21846967915e-07,0.02941995,0.63743225,10.30678915,9e-08,0.0,0.0,0.0,9e-08,0.0,0.0,0.0,9e-08
1536693228875596440,5524,1536693228867487480,base_link,0.0,0.0,0.0,0.0,-1.0,0.0,0.0,0.0,0.0,0.0,0.0,0.0,0.0,-0.162,-0.081,-0.053,1.21846967915e-07,0.0,0.0,0.0,1.21846967915e-07,0.0,0.0,0.0,1.21846967915e-07,-0.0196133,0.5687857,10.7677017,9e-08,0.0,0.0,0.0,9e-08,0.0,0.0,0.0,9e-08
1536693228976208088,5525,1536693228975760184,base_link,0.0,0.0,0.0,0.0,-1.0,0.0,0.0,0.0,0.0,0.0,0.0,0.0,0.0,-0.122,-0.11,-0.035,1.21846967915e-07,0.0,0.0,0.0,1.21846967915e-07,0.0,0.0,0.0,1.21846967915e-07,0.0392266,0.5491724,11.1011278,9e-08,0.0,0.0,0.0,9e-08,0.0,0.0,0.0,9e-08
1536693229049760152,5526,1536693229049186680,base_link,0.0,0.0,0.0,0.0,-1.0,0.0,0.0,0.0,0.0,0.0,0.0,0.0,0.0,-0.067,-0.107,-0.009,1.21846967915e-07,0.0,0.0,0.0,1.21846967915e-07,0.0,0.0,0.0,1.21846967915e-07,0.0588399,0.4903325,11.40513395,9e-08,0.0,0.0,0.0,9e-08,0.0,0.0,0.0,9e-08
1536693229199404280,5527,1536693229198474520,base_link,0.0,0.0,0.0,0.0,-1.0,0.0,0.0,0.0,0.0,0.0,0.0,0.0,0.0,-0.019,-0.088,-0.006,1.21846967915e-07,0.0,0.0,0.0,1.21846967915e-07,0.0,0.0,0.0,1.21846967915e-07,0.10787315,0.3530394,11.5914603,9e-08,0.0,0.0,0.0,9e-08,0.0,0.0,0.0,9e-08
1536693229286460472,5528,1536693229285679928,base_link,0.0,0.0,0.0,0.0,-1.0,0.0,0.0,0.0,0.0,0.0,0.0,0.0,0.0,0.011,-0.04,0.014,1.21846967915e-07,0.0,0.0,0.0,1.21846967915e-07,0.0,0.0,0.0,1.21846967915e-07,0.0784532,0.3138128,11.2384209,9e-08,0.0,0.0,0.0,9e-08,0.0,0.0,0.0,9e-08
1536693229354526232,5529,1536693229354053528,base_link,0.0,0.0,0.0,0.0,-1.0,0.0,0.0,0.0,0.0,0.0,0.0,0.0,0.0,0.002,-0.015,0.027,1.21846967915e-07,0.0,0.0,0.0,1.21846967915e-07,0.0,0.0,0.0,1.21846967915e-07,0.0,0.6080123,10.77750835,9e-08,0.0,0.0,0.0,9e-08,0.0,0.0,0.0,9e-08
1536693229457184632,5530,1536693229456693016,base_link,0.0,0.0,0.0,0.0,-1.0,0.0,0.0,0.0,0.0,0.0,0.0,0.0,0.0,-0.063,0.005,0.039,1.21846967915e-07,0.0,0.0,0.0,1.21846967915e-07,0.0,0.0,0.0,1.21846967915e-07,0.0196133,0.784532,10.591182,9e-08,0.0,0.0,0.0,9e-08,0.0,0.0,0.0,9e-08
1536693229549554552,5531,1536693229549050488,base_link,0.0,0.0,0.0,0.0,-1.0,0.0,0.0,0.0,0.0,0.0,0.0,0.0,0.0,-0.081,0.038,0.04,1.21846967915e-07,0.0,0.0,0.0,1.21846967915e-07,0.0,0.0,0.0,1.21846967915e-07,0.0196133,0.784532,10.2577559,9e-08,0.0,0.0,0.0,9e-08,0.0,0.0,0.0,9e-08
1536693229698411512,5532,1536693229697747416,base_link,0.0,0.0,0.0,0.0,-1.0,0.0,0.0,0.0,0.0,0.0,0.0,0.0,0.0,-0.11,0.008,0.034,1.21846967915e-07,0.0,0.0,0.0,1.21846967915e-07,0.0,0.0,0.0,1.21846967915e-07,0.0,0.3530394,10.22833595,9e-08,0.0,0.0,0.0,9e-08,0.0,0.0,0.0,9e-08
1536693229750411896,5533,1536693229749824152,base_link,0.0,0.0,0.0,0.0,-1.0,0.0,0.0,0.0,0.0,0.0,0.0,0.0,0.0,-0.098,-0.011,0.038,1.21846967915e-07,0.0,0.0,0.0,1.21846967915e-07,0.0,0.0,0.0,1.21846967915e-07,0.0,0.1569064,10.1008495,9e-08,0.0,0.0,0.0,9e-08,0.0,0.0,0.0,9e-08
1536693229872068120,5534,1536693229871503032,base_link,0.0,0.0,0.0,0.0,-1.0,0.0,0.0,0.0,0.0,0.0,0.0,0.0,0.0,-0.076,-0.012,0.057,1.21846967915e-07,0.0,0.0,0.0,1.21846967915e-07,0.0,0.0,0.0,1.21846967915e-07,0.0,0.4118793,9.7674234,9e-08,0.0,0.0,0.0,9e-08,0.0,0.0,0.0,9e-08
1536693229947118232,5535,1536693229946634648,base_link,0.0,0.0,0.0,0.0,-1.0,0.0,0.0,0.0,0.0,0.0,0.0,0.0,0.0,-0.061,0.001,0.067,1.21846967915e-07,0.0,0.0,0.0,1.21846967915e-07,0.0,0.0,0.0,1.21846967915e-07,-0.0196133,0.61781895,9.6693569,9e-08,0.0,0.0,0.0,9e-08,0.0,0.0,0.0,9e-08
1536693230066505464,5536,1536693230065664728,base_link,0.0,0.0,0.0,0.0,-1.0,0.0,0.0,0.0,0.0,0.0,0.0,0.0,0.0,0.0,0.052,0.073,1.21846967915e-07,0.0,0.0,0.0,1.21846967915e-07,0.0,0.0,0.0,1.21846967915e-07,0.0,0.4903325,9.7085835,9e-08,0.0,0.0,0.0,9e-08,0.0,0.0,0.0,9e-08
1536693230170219288,5537,1536693230169869080,base_link,0.0,0.0,0.0,0.0,-1.0,0.0,0.0,0.0,0.0,0.0,0.0,0.0,0.0,-0.004,0.061,0.08,1.21846967915e-07,0.0,0.0,0.0,1.21846967915e-07,0.0,0.0,0.0,1.21846967915e-07,-0.0588399,0.2353596,9.5516771,9e-08,0.0,0.0,0.0,9e-08,0.0,0.0,0.0,9e-08
1536693230264262584,5538,1536693230263571320,base_link,0.0,0.0,0.0,0.0,-1.0,0.0,0.0,0.0,0.0,0.0,0.0,0.0,0.0,-0.008,0.111,0.083,1.21846967915e-07,0.0,0.0,0.0,1.21846967915e-07,0.0,0.0,0.0,1.21846967915e-07,-0.1569064,0.44129925,8.8848249,9e-08,0.0,0.0,0.0,9e-08,0.0,0.0,0.0,9e-08
1536693230396379192,5539,1536693230395887352,base_link,0.0,0.0,0.0,0.0,-1.0,0.0,0.0,0.0,0.0,0.0,0.0,0.0,0.0,0.076,0.077,0.052,1.21846967915e-07,0.0,0.0,0.0,1.21846967915e-07,0.0,0.0,0.0,1.21846967915e-07,-0.2353596,0.7256921,9.01231135,9e-08,0.0,0.0,0.0,9e-08,0.0,0.0,0.0,9e-08
1536693230467112600,5540,1536693230465064472,base_link,0.0,0.0,0.0,0.0,-1.0,0.0,0.0,0.0,0.0,0.0,0.0,0.0,0.0,0.152,0.069,0.032,1.21846967915e-07,0.0,0.0,0.0,1.21846967915e-07,0.0,0.0,0.0,1.21846967915e-07,-0.16671305,0.55897905,9.22805765,9e-08,0.0,0.0,0.0,9e-08,0.0,0.0,0.0,9e-08
1536693230571502360,5541,1536693230569849912,base_link,0.0,0.0,0.0,0.0,-1.0,0.0,0.0,0.0,0.0,0.0,0.0,0.0,0.0,0.066,0.036,0.033,1.21846967915e-07,0.0,0.0,0.0,1.21846967915e-07,0.0,0.0,0.0,1.21846967915e-07,-0.04903325,0.2745862,9.71839015,9e-08,0.0,0.0,0.0,9e-08,0.0,0.0,0.0,9e-08
1536693230690793528,5542,1536693230688336632,base_link,0.0,0.0,0.0,0.0,-1.0,0.0,0.0,0.0,0.0,0.0,0.0,0.0,0.0,0.101,-0.017,0.043,1.21846967915e-07,0.0,0.0,0.0,1.21846967915e-07,0.0,0.0,0.0,1.21846967915e-07,-0.0392266,0.55897905,9.4339973,9e-08,0.0,0.0,0.0,9e-08,0.0,0.0,0.0,9e-08
1536693230776032600,5543,1536693230775269464,base_link,0.0,0.0,0.0,0.0,-1.0,0.0,0.0,0.0,0.0,0.0,0.0,0.0,0.0,0.137,-0.034,0.031,1.21846967915e-07,0.0,0.0,0.0,1.21846967915e-07,0.0,0.0,0.0,1.21846967915e-07,0.0,0.75511205,9.79684335,9e-08,0.0,0.0,0.0,9e-08,0.0,0.0,0.0,9e-08
1536693230856862232,5544,1536693230855785080,base_link,0.0,0.0,0.0,0.0,-1.0,0.0,0.0,0.0,0.0,0.0,0.0,0.0,0.0,0.183,-0.05,0.025,1.21846967915e-07,0.0,0.0,0.0,1.21846967915e-07,0.0,0.0,0.0,1.21846967915e-07,0.0588399,0.77472535,9.91452315,9e-08,0.0,0.0,0.0,9e-08,0.0,0.0,0.0,9e-08
1536693230952190744,5545,1536693230950454936,base_link,0.0,0.0,0.0,0.0,-1.0,0.0,0.0,0.0,0.0,0.0,0.0,0.0,0.0,0.184,-0.014,0.021,1.21846967915e-07,0.0,0.0,0.0,1.21846967915e-07,0.0,0.0,0.0,1.21846967915e-07,0.02941995,0.53936575,9.77723005,9e-08,0.0,0.0,0.0,9e-08,0.0,0.0,0.0,9e-08
1536693231059794552,5546,1536693231058852408,base_link,0.0,0.0,0.0,0.0,-1.0,0.0,0.0,0.0,0.0,0.0,0.0,0.0,0.0,0.196,0.007,0.001,1.21846967915e-07,0.0,0.0,0.0,1.21846967915e-07,0.0,0.0,0.0,1.21846967915e-07,0.0,0.3138128,9.65955025,9e-08,0.0,0.0,0.0,9e-08,0.0,0.0,0.0,9e-08
1536693231171028824,5547,1536693231170308248,base_link,0.0,0.0,0.0,0.0,-1.0,0.0,0.0,0.0,0.0,0.0,0.0,0.0,0.0,0.176,-0.001,0.005,1.21846967915e-07,0.0,0.0,0.0,1.21846967915e-07,0.0,0.0,0.0,1.21846967915e-07,0.06864655,0.3530394,9.95374975,9e-08,0.0,0.0,0.0,9e-08,0.0,0.0,0.0,9e-08
1536693231268948248,5548,1536693231268254168,base_link,0.0,0.0,0.0,0.0,-1.0,0.0,0.0,0.0,0.0,0.0,0.0,0.0,0.0,0.15,0.006,0.012,1.21846967915e-07,0.0,0.0,0.0,1.21846967915e-07,0.0,0.0,0.0,1.21846967915e-07,0.12748645,0.59820565,10.05181625,9e-08,0.0,0.0,0.0,9e-08,0.0,0.0,0.0,9e-08
1536693231356655032,5549,1536693231354025400,base_link,0.0,0.0,0.0,0.0,-1.0,0.0,0.0,0.0,0.0,0.0,0.0,0.0,0.0,0.146,0.011,-0.001,1.21846967915e-07,0.0,0.0,0.0,1.21846967915e-07,0.0,0.0,0.0,1.21846967915e-07,0.08825985,0.77472535,9.7478101,9e-08,0.0,0.0,0.0,9e-08,0.0,0.0,0.0,9e-08
1536693231468220760,5550,1536693231467352152,base_link,0.0,0.0,0.0,0.0,-1.0,0.0,0.0,0.0,0.0,0.0,0.0,0.0,0.0,0.111,-0.015,-0.014,1.21846967915e-07,0.0,0.0,0.0,1.21846967915e-07,0.0,0.0,0.0,1.21846967915e-07,0.10787315,0.97085835,10.0812362,9e-08,0.0,0.0,0.0,9e-08,0.0,0.0,0.0,9e-08
1536693231571496728,5551,1536693231568014936,base_link,0.0,0.0,0.0,0.0,-1.0,0.0,0.0,0.0,0.0,0.0,0.0,0.0,0.0,0.271,0.014,-0.047,1.21846967915e-07,0.0,0.0,0.0,1.21846967915e-07,0.0,0.0,0.0,1.21846967915e-07,-0.0588399,1.10815145,9.3947707,9e-08,0.0,0.0,0.0,9e-08,0.0,0.0,0.0,9e-08
1536693231673488376,5552,1536693231672818776,base_link,0.0,0.0,0.0,0.0,-1.0,0.0,0.0,0.0,0.0,0.0,0.0,0.0,0.0,0.432,0.045,-0.11,1.21846967915e-07,0.0,0.0,0.0,1.21846967915e-07,0.0,0.0,0.0,1.21846967915e-07,-0.14709975,1.1179581,8.42391235,9e-08,0.0,0.0,0.0,9e-08,0.0,0.0,0.0,9e-08
1536693231773747896,5553,1536693231773095672,base_link,0.0,0.0,0.0,0.0,-1.0,0.0,0.0,0.0,0.0,0.0,0.0,0.0,0.0,0.33,0.021,-0.137,1.21846967915e-07,0.0,0.0,0.0,1.21846967915e-07,0.0,0.0,0.0,1.21846967915e-07,-0.1569064,1.10815145,8.50236555,9e-08,0.0,0.0,0.0,9e-08,0.0,0.0,0.0,9e-08
1536693231865224920,5554,1536693231855697752,base_link,0.0,0.0,0.0,0.0,-1.0,0.0,0.0,0.0,0.0,0.0,0.0,0.0,0.0,0.159,-0.041,-0.154,1.21846967915e-07,0.0,0.0,0.0,1.21846967915e-07,0.0,0.0,0.0,1.21846967915e-07,-0.10787315,1.1179581,8.73772515,9e-08,0.0,0.0,0.0,9e-08,0.0,0.0,0.0,9e-08
1536693231950197496,5555,1536693231949785432,base_link,0.0,0.0,0.0,0.0,-1.0,0.0,0.0,0.0,0.0,0.0,0.0,0.0,0.0,0.065,-0.091,-0.176,1.21846967915e-07,0.0,0.0,0.0,1.21846967915e-07,0.0,0.0,0.0,1.21846967915e-07,0.04903325,1.01008495,9.75761675,9e-08,0.0,0.0,0.0,9e-08,0.0,0.0,0.0,9e-08
1536693232056736568,5556,1536693232055987704,base_link,0.0,0.0,0.0,0.0,-1.0,0.0,0.0,0.0,0.0,0.0,0.0,0.0,0.0,0.141,-0.071,-0.188,1.21846967915e-07,0.0,0.0,0.0,1.21846967915e-07,0.0,0.0,0.0,1.21846967915e-07,0.14709975,0.8237586,10.50292215,9e-08,0.0,0.0,0.0,9e-08,0.0,0.0,0.0,9e-08
1536693232153824952,5557,1536693232152410872,base_link,0.0,0.0,0.0,0.0,-1.0,0.0,0.0,0.0,0.0,0.0,0.0,0.0,0.0,0.315,-0.06,-0.196,1.21846967915e-07,0.0,0.0,0.0,1.21846967915e-07,0.0,0.0,0.0,1.21846967915e-07,0.196133,0.7649187,10.4146623,9e-08,0.0,0.0,0.0,9e-08,0.0,0.0,0.0,9e-08
1536693232274447864,5558,1536693232273039128,base_link,0.0,0.0,0.0,0.0,-1.0,0.0,0.0,0.0,0.0,0.0,0.0,0.0,0.0,0.28,-0.072,-0.173,1.21846967915e-07,0.0,0.0,0.0,1.21846967915e-07,0.0,0.0,0.0,1.21846967915e-07,0.16671305,0.7453054,10.20872265,9e-08,0.0,0.0,0.0,9e-08,0.0,0.0,0.0,9e-08
1536693232339206648,5559,1536693232338785080,base_link,0.0,0.0,0.0,0.0,-1.0,0.0,0.0,0.0,0.0,0.0,0.0,0.0,0.0,0.263,-0.04,-0.185,1.21846967915e-07,0.0,0.0,0.0,1.21846967915e-07,0.0,0.0,0.0,1.21846967915e-07,0.1765197,0.9218251,9.99297635,9e-08,0.0,0.0,0.0,9e-08,0.0,0.0,0.0,9e-08
1536693232444430104,5560,1536693232444107320,base_link,0.0,0.0,0.0,0.0,-1.0,0.0,0.0,0.0,0.0,0.0,0.0,0.0,0.0,0.207,-0.084,-0.185,1.21846967915e-07,0.0,0.0,0.0,1.21846967915e-07,0.0,0.0,0.0,1.21846967915e-07,0.12748645,0.99047165,10.13026945,9e-08,0.0,0.0,0.0,9e-08,0.0,0.0,0.0,9e-08
1536693232559276184,5561,1536693232558846296,base_link,0.0,0.0,0.0,0.0,-1.0,0.0,0.0,0.0,0.0,0.0,0.0,0.0,0.0,0.177,-0.106,-0.209,1.21846967915e-07,0.0,0.0,0.0,1.21846967915e-07,0.0,0.0,0.0,1.21846967915e-07,0.20593965,1.0198916,10.28717585,9e-08,0.0,0.0,0.0,9e-08,0.0,0.0,0.0,9e-08
1536693232659849592,5562,1536693232658889400,base_link,0.0,0.0,0.0,0.0,-1.0,0.0,0.0,0.0,0.0,0.0,0.0,0.0,0.0,0.132,-0.088,-0.224,1.21846967915e-07,0.0,0.0,0.0,1.21846967915e-07,0.0,0.0,0.0,1.21846967915e-07,0.12748645,1.06892485,9.9635564,9e-08,0.0,0.0,0.0,9e-08,0.0,0.0,0.0,9e-08
1536693232771639160,5563,1536693232770894104,base_link,0.0,0.0,0.0,0.0,-1.0,0.0,0.0,0.0,0.0,0.0,0.0,0.0,0.0,0.013,-0.146,-0.209,1.21846967915e-07,0.0,0.0,0.0,1.21846967915e-07,0.0,0.0,0.0,1.21846967915e-07,0.28439285,1.1964113,10.30678915,9e-08,0.0,0.0,0.0,9e-08,0.0,0.0,0.0,9e-08
1536693232885519128,5564,1536693232884646136,base_link,0.0,0.0,0.0,0.0,-1.0,0.0,0.0,0.0,0.0,0.0,0.0,0.0,0.0,-0.035,-0.18,-0.201,1.21846967915e-07,0.0,0.0,0.0,1.21846967915e-07,0.0,0.0,0.0,1.21846967915e-07,0.40207265,1.14737805,10.3558224,9e-08,0.0,0.0,0.0,9e-08,0.0,0.0,0.0,9e-08
1536693232982077368,5565,1536693232981343320,base_link,0.0,0.0,0.0,0.0,-1.0,0.0,0.0,0.0,0.0,0.0,0.0,0.0,0.0,-0.099,-0.184,-0.206,1.21846967915e-07,0.0,0.0,0.0,1.21846967915e-07,0.0,0.0,0.0,1.21846967915e-07,0.51975245,1.01008495,10.85596155,9e-08,0.0,0.0,0.0,9e-08,0.0,0.0,0.0,9e-08
1536693233052930424,5566,1536693233052315768,base_link,0.0,0.0,0.0,0.0,-1.0,0.0,0.0,0.0,0.0,0.0,0.0,0.0,0.0,-0.039,-0.143,-0.252,1.21846967915e-07,0.0,0.0,0.0,1.21846967915e-07,0.0,0.0,0.0,1.21846967915e-07,0.48052585,0.79433865,10.73828175,9e-08,0.0,0.0,0.0,9e-08,0.0,0.0,0.0,9e-08
1536693233153337784,5567,1536693233151534296,base_link,0.0,0.0,0.0,0.0,-1.0,0.0,0.0,0.0,0.0,0.0,0.0,0.0,0.0,0.019,-0.096,-0.286,1.21846967915e-07,0.0,0.0,0.0,1.21846967915e-07,0.0,0.0,0.0,1.21846967915e-07,0.48052585,0.7060788,10.83634825,9e-08,0.0,0.0,0.0,9e-08,0.0,0.0,0.0,9e-08
1536693233287157816,5568,1536693233286286360,base_link,0.0,0.0,0.0,0.0,-1.0,0.0,0.0,0.0,0.0,0.0,0.0,0.0,0.0,0.07,-0.079,-0.331,1.21846967915e-07,0.0,0.0,0.0,1.21846967915e-07,0.0,0.0,0.0,1.21846967915e-07,0.4314926,1.0983448,10.5127288,9e-08,0.0,0.0,0.0,9e-08,0.0,0.0,0.0,9e-08
1536693233364433816,5569,1536693233363831416,base_link,0.0,0.0,0.0,0.0,-1.0,0.0,0.0,0.0,0.0,0.0,0.0,0.0,0.0,0.092,-0.076,-0.354,1.21846967915e-07,0.0,0.0,0.0,1.21846967915e-07,0.0,0.0,0.0,1.21846967915e-07,0.2941995,1.16699135,9.9243298,9e-08,0.0,0.0,0.0,9e-08,0.0,0.0,0.0,9e-08
1536693233484731352,5570,1536693233483498040,base_link,0.0,0.0,0.0,0.0,-1.0,0.0,0.0,0.0,0.0,0.0,0.0,0.0,0.0,0.043,-0.104,-0.37,1.21846967915e-07,0.0,0.0,0.0,1.21846967915e-07,0.0,0.0,0.0,1.21846967915e-07,0.4118793,1.0787315,10.8853815,9e-08,0.0,0.0,0.0,9e-08,0.0,0.0,0.0,9e-08
1536693233550877432,5571,1536693233550447800,base_link,0.0,0.0,0.0,0.0,-1.0,0.0,0.0,0.0,0.0,0.0,0.0,0.0,0.0,0.06,-0.118,-0.369,1.21846967915e-07,0.0,0.0,0.0,1.21846967915e-07,0.0,0.0,0.0,1.21846967915e-07,0.32361945,0.87279185,10.71866845,9e-08,0.0,0.0,0.0,9e-08,0.0,0.0,0.0,9e-08
1536693233657171768,5572,1536693233656566616,base_link,0.0,0.0,0.0,0.0,-1.0,0.0,0.0,0.0,0.0,0.0,0.0,0.0,0.0,0.058,-0.135,-0.379,1.21846967915e-07,0.0,0.0,0.0,1.21846967915e-07,0.0,0.0,0.0,1.21846967915e-07,0.26477955,0.75511205,10.58137535,9e-08,0.0,0.0,0.0,9e-08,0.0,0.0,0.0,9e-08
1536693233807960568,5573,1536693233807489272,base_link,0.0,0.0,0.0,0.0,-1.0,0.0,0.0,0.0,0.0,0.0,0.0,0.0,0.0,0.101,-0.194,-0.396,1.21846967915e-07,0.0,0.0,0.0,1.21846967915e-07,0.0,0.0,0.0,1.21846967915e-07,0.20593965,0.9610517,10.3362091,9e-08,0.0,0.0,0.0,9e-08,0.0,0.0,0.0,9e-08
1536693233854634616,5574,1536693233854203512,base_link,0.0,0.0,0.0,0.0,-1.0,0.0,0.0,0.0,0.0,0.0,0.0,0.0,0.0,0.126,-0.208,-0.39,1.21846967915e-07,0.0,0.0,0.0,1.21846967915e-07,0.0,0.0,0.0,1.21846967915e-07,0.2745862,0.9610517,10.69905515,9e-08,0.0,0.0,0.0,9e-08,0.0,0.0,0.0,9e-08
1536693233967948984,5575,1536693233967347448,base_link,0.0,0.0,0.0,0.0,-1.0,0.0,0.0,0.0,0.0,0.0,0.0,0.0,0.0,0.191,-0.242,-0.366,1.21846967915e-07,0.0,0.0,0.0,1.21846967915e-07,0.0,0.0,0.0,1.21846967915e-07,0.36284605,0.7453054,11.0226746,9e-08,0.0,0.0,0.0,9e-08,0.0,0.0,0.0,9e-08
1536693234049305080,5576,1536693234048638424,base_link,0.0,0.0,0.0,0.0,-1.0,0.0,0.0,0.0,0.0,0.0,0.0,0.0,0.0,0.181,-0.293,-0.334,1.21846967915e-07,0.0,0.0,0.0,1.21846967915e-07,0.0,0.0,0.0,1.21846967915e-07,0.3726527,0.50013915,11.1991943,9e-08,0.0,0.0,0.0,9e-08,0.0,0.0,0.0,9e-08
1536693234149918808,5577,1536693234149166104,base_link,0.0,0.0,0.0,0.0,-1.0,0.0,0.0,0.0,0.0,0.0,0.0,0.0,0.0,0.164,-0.326,-0.311,1.21846967915e-07,0.0,0.0,0.0,1.21846967915e-07,0.0,0.0,0.0,1.21846967915e-07,0.38245935,0.6668522,11.3364874,9e-08,0.0,0.0,0.0,9e-08,0.0,0.0,0.0,9e-08
1536693234259130200,5578,1536693234258619000,base_link,0.0,0.0,0.0,0.0,-1.0,0.0,0.0,0.0,0.0,0.0,0.0,0.0,0.0,0.046,-0.375,-0.275,1.21846967915e-07,0.0,0.0,0.0,1.21846967915e-07,0.0,0.0,0.0,1.21846967915e-07,0.61781895,1.0395049,12.1994726,9e-08,0.0,0.0,0.0,9e-08,0.0,0.0,0.0,9e-08
1536693234358006904,5579,1536693234354429080,base_link,0.0,0.0,0.0,0.0,-1.0,0.0,0.0,0.0,0.0,0.0,0.0,0.0,0.0,-0.016,-0.378,-0.275,1.21846967915e-07,0.0,0.0,0.0,1.21846967915e-07,0.0,0.0,0.0,1.21846967915e-07,0.61781895,1.0198916,12.2190859,9e-08,0.0,0.0,0.0,9e-08,0.0,0.0,0.0,9e-08
1536693234451653016,5580,1536693234451248760,base_link,0.0,0.0,0.0,0.0,-1.0,0.0,0.0,0.0,0.0,0.0,0.0,0.0,0.0,-0.039,-0.34,-0.296,1.21846967915e-07,0.0,0.0,0.0,1.21846967915e-07,0.0,0.0,0.0,1.21846967915e-07,0.6668522,0.7649187,12.2779258,9e-08,0.0,0.0,0.0,9e-08,0.0,0.0,0.0,9e-08
1536693234568231128,5581,1536693234562916568,base_link,0.0,0.0,0.0,0.0,-1.0,0.0,0.0,0.0,0.0,0.0,0.0,0.0,0.0,-0.106,-0.325,-0.323,1.21846967915e-07,0.0,0.0,0.0,1.21846967915e-07,0.0,0.0,0.0,1.21846967915e-07,0.69627215,1.0395049,12.22889255,9e-08,0.0,0.0,0.0,9e-08,0.0,0.0,0.0,9e-08
1536693234711345240,5582,1536693234710647704,base_link,0.0,0.0,0.0,0.0,-1.0,0.0,0.0,0.0,0.0,0.0,0.0,0.0,0.0,-0.052,-0.305,-0.334,1.21846967915e-07,0.0,0.0,0.0,1.21846967915e-07,0.0,0.0,0.0,1.21846967915e-07,0.7256921,0.7256921,12.32695905,9e-08,0.0,0.0,0.0,9e-08,0.0,0.0,0.0,9e-08
1536693234766129496,5583,1536693234765563768,base_link,0.0,0.0,0.0,0.0,-1.0,0.0,0.0,0.0,0.0,0.0,0.0,0.0,0.0,-0.057,-0.285,-0.334,1.21846967915e-07,0.0,0.0,0.0,1.21846967915e-07,0.0,0.0,0.0,1.21846967915e-07,0.8825985,0.6668522,12.58193195,9e-08,0.0,0.0,0.0,9e-08,0.0,0.0,0.0,9e-08
1536693234872564248,5584,1536693234872085144,base_link,0.0,0.0,0.0,0.0,-1.0,0.0,0.0,0.0,0.0,0.0,0.0,0.0,0.0,-0.123,-0.196,-0.314,1.21846967915e-07,0.0,0.0,0.0,1.21846967915e-07,0.0,0.0,0.0,1.21846967915e-07,0.7256921,0.8433719,11.8660465,9e-08,0.0,0.0,0.0,9e-08,0.0,0.0,0.0,9e-08
1536693234958859576,5585,1536693234958482040,base_link,0.0,0.0,0.0,0.0,-1.0,0.0,0.0,0.0,0.0,0.0,0.0,0.0,0.0,-0.179,-0.175,-0.307,1.21846967915e-07,0.0,0.0,0.0,1.21846967915e-07,0.0,0.0,0.0,1.21846967915e-07,0.6472389,0.8825985,11.48358715,9e-08,0.0,0.0,0.0,9e-08,0.0,0.0,0.0,9e-08
1536693235071515928,5586,1536693235069551640,base_link,0.0,0.0,0.0,0.0,-1.0,0.0,0.0,0.0,0.0,0.0,0.0,0.0,0.0,-0.165,-0.169,-0.301,1.21846967915e-07,0.0,0.0,0.0,1.21846967915e-07,0.0,0.0,0.0,1.21846967915e-07,0.6080123,0.65704555,11.34629405,9e-08,0.0,0.0,0.0,9e-08,0.0,0.0,0.0,9e-08
1536693235166630232,5587,1536693235162957464,base_link,0.0,0.0,0.0,0.0,-1.0,0.0,0.0,0.0,0.0,0.0,0.0,0.0,0.0,-0.181,-0.195,-0.28,1.21846967915e-07,0.0,0.0,0.0,1.21846967915e-07,0.0,0.0,0.0,1.21846967915e-07,0.65704555,0.75511205,11.2580342,9e-08,0.0,0.0,0.0,9e-08,0.0,0.0,0.0,9e-08
1536693235286779256,5588,1536693235285979736,base_link,0.0,0.0,0.0,0.0,-1.0,0.0,0.0,0.0,0.0,0.0,0.0,0.0,0.0,-0.131,-0.199,-0.265,1.21846967915e-07,0.0,0.0,0.0,1.21846967915e-07,0.0,0.0,0.0,1.21846967915e-07,0.53936575,0.65704555,11.11093445,9e-08,0.0,0.0,0.0,9e-08,0.0,0.0,0.0,9e-08
1536693235385287512,5589,1536693235379373368,base_link,0.0,0.0,0.0,0.0,-1.0,0.0,0.0,0.0,0.0,0.0,0.0,0.0,0.0,-0.184,-0.197,-0.256,1.21846967915e-07,0.0,0.0,0.0,1.21846967915e-07,0.0,0.0,0.0,1.21846967915e-07,0.6472389,0.8041453,11.1991943,9e-08,0.0,0.0,0.0,9e-08,0.0,0.0,0.0,9e-08
1536693235448906584,5590,1536693235448517176,base_link,0.0,0.0,0.0,0.0,-1.0,0.0,0.0,0.0,0.0,0.0,0.0,0.0,0.0,-0.206,-0.179,-0.254,1.21846967915e-07,0.0,0.0,0.0,1.21846967915e-07,0.0,0.0,0.0,1.21846967915e-07,0.6472389,0.9022118,11.1011278,9e-08,0.0,0.0,0.0,9e-08,0.0,0.0,0.0,9e-08
1536693235547648152,5591,1536693235543484120,base_link,0.0,0.0,0.0,0.0,-1.0,0.0,0.0,0.0,0.0,0.0,0.0,0.0,0.0,-0.207,-0.149,-0.257,1.21846967915e-07,0.0,0.0,0.0,1.21846967915e-07,0.0,0.0,0.0,1.21846967915e-07,0.5687857,0.8629852,11.0422879,9e-08,0.0,0.0,0.0,9e-08,0.0,0.0,0.0,9e-08
1536693235655204792,5592,1536693235654023128,base_link,0.0,0.0,0.0,0.0,-1.0,0.0,0.0,0.0,0.0,0.0,0.0,0.0,0.0,-0.287,-0.151,-0.28,1.21846967915e-07,0.0,0.0,0.0,1.21846967915e-07,0.0,0.0,0.0,1.21846967915e-07,0.5491724,0.9022118,10.2773692,9e-08,0.0,0.0,0.0,9e-08,0.0,0.0,0.0,9e-08
1536693235811650168,5593,1536693235810575224,base_link,0.0,0.0,0.0,0.0,-1.0,0.0,0.0,0.0,0.0,0.0,0.0,0.0,0.0,-0.236,-0.078,-0.32,1.21846967915e-07,0.0,0.0,0.0,1.21846967915e-07,0.0,0.0,0.0,1.21846967915e-07,0.6668522,0.8237586,10.28717585,9e-08,0.0,0.0,0.0,9e-08,0.0,0.0,0.0,9e-08
1536693235899321464,5594,1536693235898346840,base_link,0.0,0.0,0.0,0.0,-1.0,0.0,0.0,0.0,0.0,0.0,0.0,0.0,0.0,-0.166,-0.074,-0.35,1.21846967915e-07,0.0,0.0,0.0,1.21846967915e-07,0.0,0.0,0.0,1.21846967915e-07,0.75511205,1.06892485,10.89518815,9e-08,0.0,0.0,0.0,9e-08,0.0,0.0,0.0,9e-08
1536693235972035800,5595,1536693235971455896,base_link,0.0,0.0,0.0,0.0,-1.0,0.0,0.0,0.0,0.0,0.0,0.0,0.0,0.0,-0.138,-0.077,-0.371,1.21846967915e-07,0.0,0.0,0.0,1.21846967915e-07,0.0,0.0,0.0,1.21846967915e-07,0.59820565,0.71588545,10.30678915,9e-08,0.0,0.0,0.0,9e-08,0.0,0.0,0.0,9e-08
1536693236050136600,5596,1536693236048640024,base_link,0.0,0.0,0.0,0.0,-1.0,0.0,0.0,0.0,0.0,0.0,0.0,0.0,0.0,-0.147,-0.097,-0.365,1.21846967915e-07,0.0,0.0,0.0,1.21846967915e-07,0.0,0.0,0.0,1.21846967915e-07,0.53936575,0.97085835,9.414384,9e-08,0.0,0.0,0.0,9e-08,0.0,0.0,0.0,9e-08
1536693236160583864,5597,1536693236160012952,base_link,0.0,0.0,0.0,0.0,-1.0,0.0,0.0,0.0,0.0,0.0,0.0,0.0,0.0,-0.214,-0.05,-0.381,1.21846967915e-07,0.0,0.0,0.0,1.21846967915e-07,0.0,0.0,0.0,1.21846967915e-07,0.50013915,0.51975245,9.4928372,9e-08,0.0,0.0,0.0,9e-08,0.0,0.0,0.0,9e-08
1536693236319252536,5598,1536693236318663480,base_link,0.0,0.0,0.0,0.0,-1.0,0.0,0.0,0.0,0.0,0.0,0.0,0.0,0.0,-0.148,-0.018,-0.351,1.21846967915e-07,0.0,0.0,0.0,1.21846967915e-07,0.0,0.0,0.0,1.21846967915e-07,0.48052585,0.50013915,9.2770909,9e-08,0.0,0.0,0.0,9e-08,0.0,0.0,0.0,9e-08
1536693236365268440,5599,1536693236363574744,base_link,0.0,0.0,0.0,0.0,-1.0,0.0,0.0,0.0,0.0,0.0,0.0,0.0,0.0,-0.122,-0.006,-0.367,1.21846967915e-07,0.0,0.0,0.0,1.21846967915e-07,0.0,0.0,0.0,1.21846967915e-07,0.53936575,0.61781895,9.34573745,9e-08,0.0,0.0,0.0,9e-08,0.0,0.0,0.0,9e-08
1536693236496474136,5600,1536693236495043512,base_link,0.0,0.0,0.0,0.0,-1.0,0.0,0.0,0.0,0.0,0.0,0.0,0.0,0.0,-0.092,-0.038,-0.339,1.21846967915e-07,0.0,0.0,0.0,1.21846967915e-07,0.0,0.0,0.0,1.21846967915e-07,0.48052585,0.24516625,8.95347145,9e-08,0.0,0.0,0.0,9e-08,0.0,0.0,0.0,9e-08
1536693236568512984,5601,1536693236567963256,base_link,0.0,0.0,0.0,0.0,-1.0,0.0,0.0,0.0,0.0,0.0,0.0,0.0,0.0,-0.101,-0.061,-0.312,1.21846967915e-07,0.0,0.0,0.0,1.21846967915e-07,0.0,0.0,0.0,1.21846967915e-07,0.4707192,0.38245935,9.1986377,9e-08,0.0,0.0,0.0,9e-08,0.0,0.0,0.0,9e-08
1536693236646999512,5602,1536693236646017848,base_link,0.0,0.0,0.0,0.0,-1.0,0.0,0.0,0.0,0.0,0.0,0.0,0.0,0.0,-0.091,-0.046,-0.311,1.21846967915e-07,0.0,0.0,0.0,1.21846967915e-07,0.0,0.0,0.0,1.21846967915e-07,0.57859235,0.46091255,9.5712904,9e-08,0.0,0.0,0.0,9e-08,0.0,0.0,0.0,9e-08
1536693236770967960,5603,1536693236769899896,base_link,0.0,0.0,0.0,0.0,-1.0,0.0,0.0,0.0,0.0,0.0,0.0,0.0,0.0,-0.103,-0.002,-0.298,1.21846967915e-07,0.0,0.0,0.0,1.21846967915e-07,0.0,0.0,0.0,1.21846967915e-07,0.50013915,0.44129925,8.93385815,9e-08,0.0,0.0,0.0,9e-08,0.0,0.0,0.0,9e-08
1536693236870618008,5604,1536693236870181560,base_link,0.0,0.0,0.0,0.0,-1.0,0.0,0.0,0.0,0.0,0.0,0.0,0.0,0.0,-0.117,-0.02,-0.28,1.21846967915e-07,0.0,0.0,0.0,1.21846967915e-07,0.0,0.0,0.0,1.21846967915e-07,0.588399,0.46091255,9.48303055,9e-08,0.0,0.0,0.0,9e-08,0.0,0.0,0.0,9e-08
1536693236952067576,5605,1536693236951704152,base_link,0.0,0.0,0.0,0.0,-1.0,0.0,0.0,0.0,0.0,0.0,0.0,0.0,0.0,-0.085,-3.00038465791e-17,-0.245,1.21846967915e-07,0.0,0.0,0.0,1.21846967915e-07,0.0,0.0,0.0,1.21846967915e-07,0.6080123,0.22555295,8.7475318,9e-08,0.0,0.0,0.0,9e-08,0.0,0.0,0.0,9e-08
1536693237072086776,5606,1536693237071397208,base_link,0.0,0.0,0.0,0.0,-1.0,0.0,0.0,0.0,0.0,0.0,0.0,0.0,0.0,-0.08,-0.015,-0.235,1.21846967915e-07,0.0,0.0,0.0,1.21846967915e-07,0.0,0.0,0.0,1.21846967915e-07,0.69627215,0.6276256,9.14960445,9e-08,0.0,0.0,0.0,9e-08,0.0,0.0,0.0,9e-08
1536693237168850264,5607,1536693237168203768,base_link,0.0,0.0,0.0,0.0,-1.0,0.0,0.0,0.0,0.0,0.0,0.0,0.0,0.0,-0.02,-0.017,-0.201,1.21846967915e-07,0.0,0.0,0.0,1.21846967915e-07,0.0,0.0,0.0,1.21846967915e-07,0.75511205,0.4707192,9.99297635,9e-08,0.0,0.0,0.0,9e-08,0.0,0.0,0.0,9e-08
1536693237266187544,5608,1536693237265320792,base_link,0.0,0.0,0.0,0.0,-1.0,0.0,0.0,0.0,0.0,0.0,0.0,0.0,0.0,-0.148,-0.014,-0.172,1.21846967915e-07,0.0,0.0,0.0,1.21846967915e-07,0.0,0.0,0.0,1.21846967915e-07,0.71588545,0.32361945,9.52225715,9e-08,0.0,0.0,0.0,9e-08,0.0,0.0,0.0,9e-08
1536693237392151064,5609,1536693237391648952,base_link,0.0,0.0,0.0,0.0,-1.0,0.0,0.0,0.0,0.0,0.0,0.0,0.0,0.0,-0.287,0.048,-0.165,1.21846967915e-07,0.0,0.0,0.0,1.21846967915e-07,0.0,0.0,0.0,1.21846967915e-07,0.75511205,0.4707192,10.0223963,9e-08,0.0,0.0,0.0,9e-08,0.0,0.0,0.0,9e-08
1536693237469349688,5610,1536693237468864504,base_link,0.0,0.0,0.0,0.0,-1.0,0.0,0.0,0.0,0.0,0.0,0.0,0.0,0.0,-0.222,0.137,-0.171,1.21846967915e-07,0.0,0.0,0.0,1.21846967915e-07,0.0,0.0,0.0,1.21846967915e-07,0.61781895,-0.0980665,9.4536106,9e-08,0.0,0.0,0.0,9e-08,0.0,0.0,0.0,9e-08
1536693237549784792,5611,1536693237549402392,base_link,0.0,0.0,0.0,0.0,-1.0,0.0,0.0,0.0,0.0,0.0,0.0,0.0,0.0,-0.2,0.247,-0.166,1.21846967915e-07,0.0,0.0,0.0,1.21846967915e-07,0.0,0.0,0.0,1.21846967915e-07,0.65704555,0.588399,9.4536106,9e-08,0.0,0.0,0.0,9e-08,0.0,0.0,0.0,9e-08
1536693237649303320,5612,1536693237648134392,base_link,0.0,0.0,0.0,0.0,-1.0,0.0,0.0,0.0,0.0,0.0,0.0,0.0,0.0,-0.152,0.227,-0.157,1.21846967915e-07,0.0,0.0,0.0,1.21846967915e-07,0.0,0.0,0.0,1.21846967915e-07,0.36284605,0.32361945,8.5710121,9e-08,0.0,0.0,0.0,9e-08,0.0,0.0,0.0,9e-08
1536693237753618616,5613,1536693237753205400,base_link,0.0,0.0,0.0,0.0,-1.0,0.0,0.0,0.0,0.0,0.0,0.0,0.0,0.0,-0.079,0.188,-0.123,1.21846967915e-07,0.0,0.0,0.0,1.21846967915e-07,0.0,0.0,0.0,1.21846967915e-07,0.3334261,0.2353596,8.71811185,9e-08,0.0,0.0,0.0,9e-08,0.0,0.0,0.0,9e-08
1536693237868648440,5614,1536693237867734520,base_link,0.0,0.0,0.0,0.0,-1.0,0.0,0.0,0.0,0.0,0.0,0.0,0.0,0.0,0.015,0.095,-0.079,1.21846967915e-07,0.0,0.0,0.0,1.21846967915e-07,0.0,0.0,0.0,1.21846967915e-07,0.3334261,0.30400615,8.26700595,9e-08,0.0,0.0,0.0,9e-08,0.0,0.0,0.0,9e-08
1536693237970094520,5615,1536693237969559000,base_link,0.0,0.0,0.0,0.0,-1.0,0.0,0.0,0.0,0.0,0.0,0.0,0.0,0.0,0.035,-0.09,-0.033,1.21846967915e-07,0.0,0.0,0.0,1.21846967915e-07,0.0,0.0,0.0,1.21846967915e-07,0.4118793,0.4314926,9.1201845,9e-08,0.0,0.0,0.0,9e-08,0.0,0.0,0.0,9e-08
1536693238061429400,5616,1536693238059220920,base_link,0.0,0.0,0.0,0.0,-1.0,0.0,0.0,0.0,0.0,0.0,0.0,0.0,0.0,0.046,-0.195,-0.022,1.21846967915e-07,0.0,0.0,0.0,1.21846967915e-07,0.0,0.0,0.0,1.21846967915e-07,0.4707192,0.16671305,10.05181625,9e-08,0.0,0.0,0.0,9e-08,0.0,0.0,0.0,9e-08
1536693238161020792,5617,1536693238159948056,base_link,0.0,0.0,0.0,0.0,-1.0,0.0,0.0,0.0,0.0,0.0,0.0,0.0,0.0,0.0,-0.323,0.004,1.21846967915e-07,0.0,0.0,0.0,1.21846967915e-07,0.0,0.0,0.0,1.21846967915e-07,0.7256921,0.2941995,11.16977435,9e-08,0.0,0.0,0.0,9e-08,0.0,0.0,0.0,9e-08
1536693238256570104,5618,1536693238256083512,base_link,0.0,0.0,0.0,0.0,-1.0,0.0,0.0,0.0,0.0,0.0,0.0,0.0,0.0,-0.112,-0.418,0.036,1.21846967915e-07,0.0,0.0,0.0,1.21846967915e-07,0.0,0.0,0.0,1.21846967915e-07,0.7060788,0.4314926,11.1207411,9e-08,0.0,0.0,0.0,9e-08,0.0,0.0,0.0,9e-08
1536693238377012696,5619,1536693238376622200,base_link,0.0,0.0,0.0,0.0,-1.0,0.0,0.0,0.0,0.0,0.0,0.0,0.0,0.0,-0.201,-0.409,0.026,1.21846967915e-07,0.0,0.0,0.0,1.21846967915e-07,0.0,0.0,0.0,1.21846967915e-07,0.95124505,0.40207265,11.6503002,9e-08,0.0,0.0,0.0,9e-08,0.0,0.0,0.0,9e-08
1536693238460690104,5620,1536693238460018488,base_link,0.0,0.0,0.0,0.0,-1.0,0.0,0.0,0.0,0.0,0.0,0.0,0.0,0.0,-0.286,-0.357,0.028,1.21846967915e-07,0.0,0.0,0.0,1.21846967915e-07,0.0,0.0,0.0,1.21846967915e-07,1.08853815,0.4707192,12.71922505,9e-08,0.0,0.0,0.0,9e-08,0.0,0.0,0.0,9e-08
1536693238558906168,5621,1536693238558423960,base_link,0.0,0.0,0.0,0.0,-1.0,0.0,0.0,0.0,0.0,0.0,0.0,0.0,0.0,-0.382,-0.169,0.013,1.21846967915e-07,0.0,0.0,0.0,1.21846967915e-07,0.0,0.0,0.0,1.21846967915e-07,0.61781895,0.40207265,11.3953273,9e-08,0.0,0.0,0.0,9e-08,0.0,0.0,0.0,9e-08
1536693238659723096,5622,1536693238659035192,base_link,0.0,0.0,0.0,0.0,-1.0,0.0,0.0,0.0,0.0,0.0,0.0,0.0,0.0,-0.354,0.07,-0.014,1.21846967915e-07,0.0,0.0,0.0,1.21846967915e-07,0.0,0.0,0.0,1.21846967915e-07,0.7256921,0.7256921,10.69905515,9e-08,0.0,0.0,0.0,9e-08,0.0,0.0,0.0,9e-08
1536693238760314776,5623,1536693238757911704,base_link,0.0,0.0,0.0,0.0,-1.0,0.0,0.0,0.0,0.0,0.0,0.0,0.0,0.0,-0.158,0.119,-0.057,1.21846967915e-07,0.0,0.0,0.0,1.21846967915e-07,0.0,0.0,0.0,1.21846967915e-07,0.8041453,0.34323275,10.81673495,9e-08,0.0,0.0,0.0,9e-08,0.0,0.0,0.0,9e-08
1536693238852302616,5624,1536693238851895768,base_link,0.0,0.0,0.0,0.0,-1.0,0.0,0.0,0.0,0.0,0.0,0.0,0.0,0.0,0.005,0.106,-0.044,1.21846967915e-07,0.0,0.0,0.0,1.21846967915e-07,0.0,0.0,0.0,1.21846967915e-07,0.77472535,0.588399,10.8853815,9e-08,0.0,0.0,0.0,9e-08,0.0,0.0,0.0,9e-08
1536693238970507416,5625,1536693238970127864,base_link,0.0,0.0,0.0,0.0,-1.0,0.0,0.0,0.0,0.0,0.0,0.0,0.0,0.0,0.06,0.233,-0.063,1.21846967915e-07,0.0,0.0,0.0,1.21846967915e-07,0.0,0.0,0.0,1.21846967915e-07,0.588399,0.5295591,9.69877685,9e-08,0.0,0.0,0.0,9e-08,0.0,0.0,0.0,9e-08
1536693239030589304,5626,1536693239029868472,base_link,0.0,0.0,0.0,0.0,-1.0,0.0,0.0,0.0,0.0,0.0,0.0,0.0,0.0,-0.03,0.225,-0.033,1.21846967915e-07,0.0,0.0,0.0,1.21846967915e-07,0.0,0.0,0.0,1.21846967915e-07,0.91201845,0.63743225,11.24822755,9e-08,0.0,0.0,0.0,9e-08,0.0,0.0,0.0,9e-08
1536693239169862936,5627,1536693239169227192,base_link,0.0,0.0,0.0,0.0,-1.0,0.0,0.0,0.0,0.0,0.0,0.0,0.0,0.0,-0.169,0.152,0.002,1.21846967915e-07,0.0,0.0,0.0,1.21846967915e-07,0.0,0.0,0.0,1.21846967915e-07,0.36284605,0.26477955,9.6301303,9e-08,0.0,0.0,0.0,9e-08,0.0,0.0,0.0,9e-08
1536693239229643096,5628,1536693239229127288,base_link,0.0,0.0,0.0,0.0,-1.0,0.0,0.0,0.0,0.0,0.0,0.0,0.0,0.0,-0.248,0.215,-0.009,1.21846967915e-07,0.0,0.0,0.0,1.21846967915e-07,0.0,0.0,0.0,1.21846967915e-07,0.38245935,0.02941995,9.26728425,9e-08,0.0,0.0,0.0,9e-08,0.0,0.0,0.0,9e-08
1536693239364581944,5629,1536693239362075096,base_link,0.0,0.0,0.0,0.0,-1.0,0.0,0.0,0.0,0.0,0.0,0.0,0.0,0.0,-0.103,0.022,0.002,1.21846967915e-07,0.0,0.0,0.0,1.21846967915e-07,0.0,0.0,0.0,1.21846967915e-07,0.3138128,1.27422731674e-15,10.40485565,9e-08,0.0,0.0,0.0,9e-08,0.0,0.0,0.0,9e-08
1536693239456952568,5630,1536693239456418072,base_link,0.0,0.0,0.0,0.0,-1.0,0.0,0.0,0.0,0.0,0.0,0.0,0.0,0.0,-0.034,-0.134,0.046,1.21846967915e-07,0.0,0.0,0.0,1.21846967915e-07,0.0,0.0,0.0,1.21846967915e-07,0.7256921,0.5687857,11.3953273,9e-08,0.0,0.0,0.0,9e-08,0.0,0.0,0.0,9e-08
1536693239558318136,5631,1536693239557728920,base_link,0.0,0.0,0.0,0.0,-1.0,0.0,0.0,0.0,0.0,0.0,0.0,0.0,0.0,0.017,-0.264,0.069,1.21846967915e-07,0.0,0.0,0.0,1.21846967915e-07,0.0,0.0,0.0,1.21846967915e-07,0.67665885,0.3726527,11.38552065,9e-08,0.0,0.0,0.0,9e-08,0.0,0.0,0.0,9e-08
1536693239652185848,5632,1536693239651458168,base_link,0.0,0.0,0.0,0.0,-1.0,0.0,0.0,0.0,0.0,0.0,0.0,0.0,0.0,-0.127,-0.316,0.091,1.21846967915e-07,0.0,0.0,0.0,1.21846967915e-07,0.0,0.0,0.0,1.21846967915e-07,0.75511205,0.4118793,12.18966595,9e-08,0.0,0.0,0.0,9e-08,0.0,0.0,0.0,9e-08
1536693239734161336,5633,1536693239733180536,base_link,0.0,0.0,0.0,0.0,-1.0,0.0,0.0,0.0,0.0,0.0,0.0,0.0,0.0,-0.159,-0.286,0.054,1.21846967915e-07,0.0,0.0,0.0,1.21846967915e-07,0.0,0.0,0.0,1.21846967915e-07,0.6472389,0.28439285,11.24822755,9e-08,0.0,0.0,0.0,9e-08,0.0,0.0,0.0,9e-08
1536693239852838360,5634,1536693239848732568,base_link,0.0,0.0,0.0,0.0,-1.0,0.0,0.0,0.0,0.0,0.0,0.0,0.0,0.0,-0.064,-0.079,-0.027,1.21846967915e-07,0.0,0.0,0.0,1.21846967915e-07,0.0,0.0,0.0,1.21846967915e-07,0.65704555,0.0588399,10.7677017,9e-08,0.0,0.0,0.0,9e-08,0.0,0.0,0.0,9e-08
1536693239954996280,5635,1536693239954553624,base_link,0.0,0.0,0.0,0.0,-1.0,0.0,0.0,0.0,0.0,0.0,0.0,0.0,0.0,-0.046,-0.017,-0.011,1.21846967915e-07,0.0,0.0,0.0,1.21846967915e-07,0.0,0.0,0.0,1.21846967915e-07,0.6276256,0.18632635,9.62032365,9e-08,0.0,0.0,0.0,9e-08,0.0,0.0,0.0,9e-08
1536693240043443640,5636,1536693240042881912,base_link,0.0,0.0,0.0,0.0,-1.0,0.0,0.0,0.0,0.0,0.0,0.0,0.0,0.0,0.101,0.144,-0.032,1.21846967915e-07,0.0,0.0,0.0,1.21846967915e-07,0.0,0.0,0.0,1.21846967915e-07,0.59820565,0.53936575,9.60071035,9e-08,0.0,0.0,0.0,9e-08,0.0,0.0,0.0,9e-08
1536693240182277560,5637,1536693240181504376,base_link,0.0,0.0,0.0,0.0,-1.0,0.0,0.0,0.0,0.0,0.0,0.0,0.0,0.0,0.195,0.095,0.072,1.21846967915e-07,0.0,0.0,0.0,1.21846967915e-07,0.0,0.0,0.0,1.21846967915e-07,0.5491724,0.5687857,8.93385815,9e-08,0.0,0.0,0.0,9e-08,0.0,0.0,0.0,9e-08
1536693240259773816,5638,1536693240258975768,base_link,0.0,0.0,0.0,0.0,-1.0,0.0,0.0,0.0,0.0,0.0,0.0,0.0,0.0,0.139,0.056,0.089,1.21846967915e-07,0.0,0.0,0.0,1.21846967915e-07,0.0,0.0,0.0,1.21846967915e-07,0.57859235,0.4118793,9.30651085,9e-08,0.0,0.0,0.0,9e-08,0.0,0.0,0.0,9e-08
1536693240375245656,5639,1536693240374471768,base_link,0.0,0.0,0.0,0.0,-1.0,0.0,0.0,0.0,0.0,0.0,0.0,0.0,0.0,0.068,1.49406909496e-17,0.122,1.21846967915e-07,0.0,0.0,0.0,1.21846967915e-07,0.0,0.0,0.0,1.21846967915e-07,0.53936575,0.2157463,9.3947707,9e-08,0.0,0.0,0.0,9e-08,0.0,0.0,0.0,9e-08
1536693240453544280,5640,1536693240452979160,base_link,0.0,0.0,0.0,0.0,-1.0,0.0,0.0,0.0,0.0,0.0,0.0,0.0,0.0,-0.004,-0.058,0.09,1.21846967915e-07,0.0,0.0,0.0,1.21846967915e-07,0.0,0.0,0.0,1.21846967915e-07,0.8629852,0.55897905,10.4146623,9e-08,0.0,0.0,0.0,9e-08,0.0,0.0,0.0,9e-08
1536693240558293944,5641,1536693240557817688,base_link,0.0,0.0,0.0,0.0,-1.0,0.0,0.0,0.0,0.0,0.0,0.0,0.0,0.0,-0.116,-0.155,0.123,1.21846967915e-07,0.0,0.0,0.0,1.21846967915e-07,0.0,0.0,0.0,1.21846967915e-07,0.8041453,0.4903325,10.14988275,9e-08,0.0,0.0,0.0,9e-08,0.0,0.0,0.0,9e-08
1536693240656917496,5642,1536693240655879320,base_link,0.0,0.0,0.0,0.0,-1.0,0.0,0.0,0.0,0.0,0.0,0.0,0.0,0.0,-0.132,-0.14,0.107,1.21846967915e-07,0.0,0.0,0.0,1.21846967915e-07,0.0,0.0,0.0,1.21846967915e-07,0.9022118,0.2157463,11.11093445,9e-08,0.0,0.0,0.0,9e-08,0.0,0.0,0.0,9e-08
1536693240811698424,5643,1536693240811362264,base_link,0.0,0.0,0.0,0.0,-1.0,0.0,0.0,0.0,0.0,0.0,0.0,0.0,0.0,-0.228,0.03,0.084,1.21846967915e-07,0.0,0.0,0.0,1.21846967915e-07,0.0,0.0,0.0,1.21846967915e-07,0.6472389,0.2941995,9.63993695,9e-08,0.0,0.0,0.0,9e-08,0.0,0.0,0.0,9e-08
1536693240890123704,5644,1536693240889791608,base_link,0.0,0.0,0.0,0.0,-1.0,0.0,0.0,0.0,0.0,0.0,0.0,0.0,0.0,-0.2,0.191,0.051,1.21846967915e-07,0.0,0.0,0.0,1.21846967915e-07,0.0,0.0,0.0,1.21846967915e-07,0.57859235,0.57859235,8.825985,9e-08,0.0,0.0,0.0,9e-08,0.0,0.0,0.0,9e-08
1536693240962064856,5645,1536693240958162488,base_link,0.0,0.0,0.0,0.0,-1.0,0.0,0.0,0.0,0.0,0.0,0.0,0.0,0.0,-0.14,0.197,0.025,1.21846967915e-07,0.0,0.0,0.0,1.21846967915e-07,0.0,0.0,0.0,1.21846967915e-07,0.588399,0.12748645,8.69849855,9e-08,0.0,0.0,0.0,9e-08,0.0,0.0,0.0,9e-08
1536693241049840536,5646,1536693241049291096,base_link,0.0,0.0,0.0,0.0,-1.0,0.0,0.0,0.0,0.0,0.0,0.0,0.0,0.0,0.051,0.306,0.002,1.21846967915e-07,0.0,0.0,0.0,1.21846967915e-07,0.0,0.0,0.0,1.21846967915e-07,0.42168595,0.3334261,8.4925589,9e-08,0.0,0.0,0.0,9e-08,0.0,0.0,0.0,9e-08
1536693241149896600,5647,1536693241148203800,base_link,0.0,0.0,0.0,0.0,-1.0,0.0,0.0,0.0,0.0,0.0,0.0,0.0,0.0,0.073,0.279,0.006,1.21846967915e-07,0.0,0.0,0.0,1.21846967915e-07,0.0,0.0,0.0,1.21846967915e-07,0.4118793,0.2157463,8.83579165,9e-08,0.0,0.0,0.0,9e-08,0.0,0.0,0.0,9e-08
1536693241250124952,5648,1536693241249716440,base_link,0.0,0.0,0.0,0.0,-1.0,0.0,0.0,0.0,0.0,0.0,0.0,0.0,0.0,0.229,0.163,0.04,1.21846967915e-07,0.0,0.0,0.0,1.21846967915e-07,0.0,0.0,0.0,1.21846967915e-07,0.4903325,0.22555295,8.8848249,9e-08,0.0,0.0,0.0,9e-08,0.0,0.0,0.0,9e-08
1536693241416316792,5649,1536693241414083768,base_link,0.0,0.0,0.0,0.0,-1.0,0.0,0.0,0.0,0.0,0.0,0.0,0.0,0.0,0.205,0.044,0.068,1.21846967915e-07,0.0,0.0,0.0,1.21846967915e-07,0.0,0.0,0.0,1.21846967915e-07,0.5099458,0.08825985,9.14960445,9e-08,0.0,0.0,0.0,9e-08,0.0,0.0,0.0,9e-08
1536693241469546680,5650,1536693241468618712,base_link,0.0,0.0,0.0,0.0,-1.0,0.0,0.0,0.0,0.0,0.0,0.0,0.0,0.0,0.221,-0.017,0.081,1.21846967915e-07,0.0,0.0,0.0,1.21846967915e-07,0.0,0.0,0.0,1.21846967915e-07,0.5099458,0.0196133,9.5712904,9e-08,0.0,0.0,0.0,9e-08,0.0,0.0,0.0,9e-08
1536693241571080344,5651,1536693241570618232,base_link,0.0,0.0,0.0,0.0,-1.0,0.0,0.0,0.0,0.0,0.0,0.0,0.0,0.0,0.14,-0.115,0.131,1.21846967915e-07,0.0,0.0,0.0,1.21846967915e-07,0.0,0.0,0.0,1.21846967915e-07,0.6080123,0.16671305,9.8654899,9e-08,0.0,0.0,0.0,9e-08,0.0,0.0,0.0,9e-08
1536693241651729432,5652,1536693241651346264,base_link,0.0,0.0,0.0,0.0,-1.0,0.0,0.0,0.0,0.0,0.0,0.0,0.0,0.0,0.124,-0.159,0.121,1.21846967915e-07,0.0,0.0,0.0,1.21846967915e-07,0.0,0.0,0.0,1.21846967915e-07,0.6472389,0.1569064,10.2577559,9e-08,0.0,0.0,0.0,9e-08,0.0,0.0,0.0,9e-08
1536693241747801336,5653,1536693241747255032,base_link,0.0,0.0,0.0,0.0,-1.0,0.0,0.0,0.0,0.0,0.0,0.0,0.0,0.0,0.018,-0.163,0.118,1.21846967915e-07,0.0,0.0,0.0,1.21846967915e-07,0.0,0.0,0.0,1.21846967915e-07,0.7453054,0.4118793,10.787315,9e-08,0.0,0.0,0.0,9e-08,0.0,0.0,0.0,9e-08
1536693241853034840,5654,1536693241852262968,base_link,0.0,0.0,0.0,0.0,-1.0,0.0,0.0,0.0,0.0,0.0,0.0,0.0,0.0,-0.099,-0.043,0.119,1.21846967915e-07,0.0,0.0,0.0,1.21846967915e-07,0.0,0.0,0.0,1.21846967915e-07,0.5687857,0.57859235,9.97336305,9e-08,0.0,0.0,0.0,9e-08,0.0,0.0,0.0,9e-08
1536693241976055160,5655,1536693241974946104,base_link,0.0,0.0,0.0,0.0,-1.0,0.0,0.0,0.0,0.0,0.0,0.0,0.0,0.0,-0.061,0.005,0.109,1.21846967915e-07,0.0,0.0,0.0,1.21846967915e-07,0.0,0.0,0.0,1.21846967915e-07,0.5491724,0.2745862,10.1204628,9e-08,0.0,0.0,0.0,9e-08,0.0,0.0,0.0,9e-08
1536693242045175128,5656,1536693242044752312,base_link,0.0,0.0,0.0,0.0,-1.0,0.0,0.0,0.0,0.0,0.0,0.0,0.0,0.0,-0.061,0.009,0.091,1.21846967915e-07,0.0,0.0,0.0,1.21846967915e-07,0.0,0.0,0.0,1.21846967915e-07,0.55897905,0.2549729,10.2969825,9e-08,0.0,0.0,0.0,9e-08,0.0,0.0,0.0,9e-08
1536693242146777976,5657,1536693242145035768,base_link,0.0,0.0,0.0,0.0,-1.0,0.0,0.0,0.0,0.0,0.0,0.0,0.0,0.0,-0.073,0.041,0.095,1.21846967915e-07,0.0,0.0,0.0,1.21846967915e-07,0.0,0.0,0.0,1.21846967915e-07,0.46091255,0.1765197,10.13026945,9e-08,0.0,0.0,0.0,9e-08,0.0,0.0,0.0,9e-08
1536693242249420664,5658,1536693242248598776,base_link,0.0,0.0,0.0,0.0,-1.0,0.0,0.0,0.0,0.0,0.0,0.0,0.0,0.0,-0.186,0.02,0.152,1.21846967915e-07,0.0,0.0,0.0,1.21846967915e-07,0.0,0.0,0.0,1.21846967915e-07,0.48052585,0.4511059,10.2381426,9e-08,0.0,0.0,0.0,9e-08,0.0,0.0,0.0,9e-08
1536693242353772792,5659,1536693242353198776,base_link,0.0,0.0,0.0,0.0,-1.0,0.0,0.0,0.0,0.0,0.0,0.0,0.0,0.0,-0.249,-0.079,0.129,1.21846967915e-07,0.0,0.0,0.0,1.21846967915e-07,0.0,0.0,0.0,1.21846967915e-07,0.4903325,1.1571847,10.95402805,9e-08,0.0,0.0,0.0,9e-08,0.0,0.0,0.0,9e-08
1536693242496223576,5660,1536693242495823192,base_link,0.0,0.0,0.0,0.0,-1.0,0.0,0.0,0.0,0.0,0.0,0.0,0.0,0.0,-0.198,-0.31,0.062,1.21846967915e-07,0.0,0.0,0.0,1.21846967915e-07,0.0,0.0,0.0,1.21846967915e-07,0.55897905,1.02969825,10.6304086,9e-08,0.0,0.0,0.0,9e-08,0.0,0.0,0.0,9e-08
1536693242553999576,5661,1536693242553523032,base_link,0.0,0.0,0.0,0.0,-1.0,0.0,0.0,0.0,0.0,0.0,0.0,0.0,0.0,-0.034,-0.382,0.029,1.21846967915e-07,0.0,0.0,0.0,1.21846967915e-07,0.0,0.0,0.0,1.21846967915e-07,0.6668522,0.4903325,11.1403544,9e-08,0.0,0.0,0.0,9e-08,0.0,0.0,0.0,9e-08
1536693242649955224,5662,1536693242647196440,base_link,0.0,0.0,0.0,0.0,-1.0,0.0,0.0,0.0,0.0,0.0,0.0,0.0,0.0,0.031,-0.474,-0.02,1.21846967915e-07,0.0,0.0,0.0,1.21846967915e-07,0.0,0.0,0.0,1.21846967915e-07,0.8237586,0.46091255,11.76798,9e-08,0.0,0.0,0.0,9e-08,0.0,0.0,0.0,9e-08
1536693242748956376,5663,1536693242748375512,base_link,0.0,0.0,0.0,0.0,-1.0,0.0,0.0,0.0,0.0,0.0,0.0,0.0,0.0,0.187,-0.475,-0.051,1.21846967915e-07,0.0,0.0,0.0,1.21846967915e-07,0.0,0.0,0.0,1.21846967915e-07,1.18660465,0.588399,13.36646395,9e-08,0.0,0.0,0.0,9e-08,0.0,0.0,0.0,9e-08
1536693242853368600,5664,1536693242852577976,base_link,0.0,0.0,0.0,0.0,-1.0,0.0,0.0,0.0,0.0,0.0,0.0,0.0,0.0,0.052,-0.344,-0.104,1.21846967915e-07,0.0,0.0,0.0,1.21846967915e-07,0.0,0.0,0.0,1.21846967915e-07,1.01008495,0.36284605,13.2193642,9e-08,0.0,0.0,0.0,9e-08,0.0,0.0,0.0,9e-08
1536693242948624440,5665,1536693242947764440,base_link,0.0,0.0,0.0,0.0,-1.0,0.0,0.0,0.0,0.0,0.0,0.0,0.0,0.0,0.119,-0.084,-0.138,1.21846967915e-07,0.0,0.0,0.0,1.21846967915e-07,0.0,0.0,0.0,1.21846967915e-07,1.06892485,-0.14709975,12.38579895,9e-08,0.0,0.0,0.0,9e-08,0.0,0.0,0.0,9e-08
1536693243057349624,5666,1536693243056915576,base_link,0.0,0.0,0.0,0.0,-1.0,0.0,0.0,0.0,0.0,0.0,0.0,0.0,0.0,0.189,0.264,-0.07,1.21846967915e-07,0.0,0.0,0.0,1.21846967915e-07,0.0,0.0,0.0,1.21846967915e-07,0.784532,0.3334261,9.5712904,9e-08,0.0,0.0,0.0,9e-08,0.0,0.0,0.0,9e-08
1536693243149949144,5667,1536693243149133304,base_link,0.0,0.0,0.0,0.0,-1.0,0.0,0.0,0.0,0.0,0.0,0.0,0.0,0.0,0.25,0.495,-0.065,1.21846967915e-07,0.0,0.0,0.0,1.21846967915e-07,0.0,0.0,0.0,1.21846967915e-07,0.4314926,0.0980665,8.2964259,9e-08,0.0,0.0,0.0,9e-08,0.0,0.0,0.0,9e-08
1536693243233642904,5668,1536693243233291192,base_link,0.0,0.0,0.0,0.0,-1.0,0.0,0.0,0.0,0.0,0.0,0.0,0.0,0.0,0.349,0.517,0.003,1.21846967915e-07,0.0,0.0,0.0,1.21846967915e-07,0.0,0.0,0.0,1.21846967915e-07,0.50013915,0.8237586,7.89435325,9e-08,0.0,0.0,0.0,9e-08,0.0,0.0,0.0,9e-08
1536693243357606264,5669,1536693243357143480,base_link,0.0,0.0,0.0,0.0,-1.0,0.0,0.0,0.0,0.0,0.0,0.0,0.0,0.0,0.337,0.306,-0.011,1.21846967915e-07,0.0,0.0,0.0,1.21846967915e-07,0.0,0.0,0.0,1.21846967915e-07,0.28439285,0.22555295,7.2765343,9e-08,0.0,0.0,0.0,9e-08,0.0,0.0,0.0,9e-08
1536693243455763928,5670,1536693243455261368,base_link,0.0,0.0,0.0,0.0,-1.0,0.0,0.0,0.0,0.0,0.0,0.0,0.0,0.0,0.417,0.132,-0.015,1.21846967915e-07,0.0,0.0,0.0,1.21846967915e-07,0.0,0.0,0.0,1.21846967915e-07,0.46091255,0.48052585,8.93385815,9e-08,0.0,0.0,0.0,9e-08,0.0,0.0,0.0,9e-08
1536693243548272184,5671,1536693243547818328,base_link,0.0,0.0,0.0,0.0,-1.0,0.0,0.0,0.0,0.0,0.0,0.0,0.0,0.0,0.499,-0.018,-0.007,1.21846967915e-07,0.0,0.0,0.0,1.21846967915e-07,0.0,0.0,0.0,1.21846967915e-07,0.6276256,0.53936575,9.85568325,9e-08,0.0,0.0,0.0,9e-08,0.0,0.0,0.0,9e-08
1536693243653528120,5672,1536693243653031928,base_link,0.0,0.0,0.0,0.0,-1.0,0.0,0.0,0.0,0.0,0.0,0.0,0.0,0.0,0.347,-0.212,0.012,1.21846967915e-07,0.0,0.0,0.0,1.21846967915e-07,0.0,0.0,0.0,1.21846967915e-07,0.6668522,0.87279185,9.75761675,9e-08,0.0,0.0,0.0,9e-08,0.0,0.0,0.0,9e-08
1536693243761896216,5673,1536693243761420472,base_link,0.0,0.0,0.0,0.0,-1.0,0.0,0.0,0.0,0.0,0.0,0.0,0.0,0.0,0.103,-0.241,-0.031,1.21846967915e-07,0.0,0.0,0.0,1.21846967915e-07,0.0,0.0,0.0,1.21846967915e-07,0.8041453,0.5687857,10.1008495,9e-08,0.0,0.0,0.0,9e-08,0.0,0.0,0.0,9e-08
1536693243836199256,5674,1536693243835688376,base_link,0.0,0.0,0.0,0.0,-1.0,0.0,0.0,0.0,0.0,0.0,0.0,0.0,0.0,-0.122,-0.234,-0.045,1.21846967915e-07,0.0,0.0,0.0,1.21846967915e-07,0.0,0.0,0.0,1.21846967915e-07,0.83356525,0.81395195,10.60098865,9e-08,0.0,0.0,0.0,9e-08,0.0,0.0,0.0,9e-08
1536693243964409944,5675,1536693243963026296,base_link,0.0,0.0,0.0,0.0,-1.0,0.0,0.0,0.0,0.0,0.0,0.0,0.0,0.0,-0.423,-0.048,-0.185,1.21846967915e-07,0.0,0.0,0.0,1.21846967915e-07,0.0,0.0,0.0,1.21846967915e-07,0.784532,0.8825985,10.1596894,9e-08,0.0,0.0,0.0,9e-08,0.0,0.0,0.0,9e-08
1536693244049572952,5676,1536693244049202744,base_link,0.0,0.0,0.0,0.0,-1.0,0.0,0.0,0.0,0.0,0.0,0.0,0.0,0.0,-0.503,0.152,-0.23,1.21846967915e-07,0.0,0.0,0.0,1.21846967915e-07,0.0,0.0,0.0,1.21846967915e-07,0.67665885,0.38245935,8.7279185,9e-08,0.0,0.0,0.0,9e-08,0.0,0.0,0.0,9e-08
1536693244165031064,5677,1536693244162605880,base_link,0.0,0.0,0.0,0.0,-1.0,0.0,0.0,0.0,0.0,0.0,0.0,0.0,0.0,-0.395,0.423,-0.313,1.21846967915e-07,0.0,0.0,0.0,1.21846967915e-07,0.0,0.0,0.0,1.21846967915e-07,0.51975245,0.7060788,7.8845466,9e-08,0.0,0.0,0.0,9e-08,0.0,0.0,0.0,9e-08
1536693244290965624,5678,1536693244289961752,base_link,0.0,0.0,0.0,0.0,-1.0,0.0,0.0,0.0,0.0,0.0,0.0,0.0,0.0,-0.189,0.281,-0.279,1.21846967915e-07,0.0,0.0,0.0,1.21846967915e-07,0.0,0.0,0.0,1.21846967915e-07,0.5687857,0.38245935,8.2768126,9e-08,0.0,0.0,0.0,9e-08,0.0,0.0,0.0,9e-08
1536693244356169848,5679,1536693244355515640,base_link,0.0,0.0,0.0,0.0,-1.0,0.0,0.0,0.0,0.0,0.0,0.0,0.0,0.0,-0.065,0.346,-0.276,1.21846967915e-07,0.0,0.0,0.0,1.21846967915e-07,0.0,0.0,0.0,1.21846967915e-07,0.5295591,0.04903325,8.041453,9e-08,0.0,0.0,0.0,9e-08,0.0,0.0,0.0,9e-08
1536693244471422200,5680,1536693244468211000,base_link,0.0,0.0,0.0,0.0,-1.0,0.0,0.0,0.0,0.0,0.0,0.0,0.0,0.0,0.257,0.216,-0.238,1.21846967915e-07,0.0,0.0,0.0,1.21846967915e-07,0.0,0.0,0.0,1.21846967915e-07,0.4903325,0.02941995,8.44352565,9e-08,0.0,0.0,0.0,9e-08,0.0,0.0,0.0,9e-08
1536693244549641944,5681,1536693244549050680,base_link,0.0,0.0,0.0,0.0,-1.0,0.0,0.0,0.0,0.0,0.0,0.0,0.0,0.0,0.312,0.098,-0.138,1.21846967915e-07,0.0,0.0,0.0,1.21846967915e-07,0.0,0.0,0.0,1.21846967915e-07,0.6080123,-0.2353596,9.7478101,9e-08,0.0,0.0,0.0,9e-08,0.0,0.0,0.0,9e-08
